# Forces     
# CofR       : (0.000000e+00 0.000000e+00 0.000000e+00)
# Time       forces(pressure viscous porous) moment(pressure viscous porous)
1.000000e+00	((-1.091747e+06 1.920163e+05 -3.853214e-12) (-2.839487e+04 6.543011e+02 2.931221e-16) (0.000000e+00 0.000000e+00 0.000000e+00)) ((-9.600815e+06 -5.458737e+07 3.357667e+01) (-3.271506e+04 -1.419743e+06 1.161810e+05) (0.000000e+00 0.000000e+00 0.000000e+00))
2.000000e+00	((-8.399764e+05 1.328396e+05 -2.119258e-12) (-2.401395e+04 5.579378e+02 3.920944e-16) (0.000000e+00 0.000000e+00 0.000000e+00)) ((-6.641981e+06 -4.199882e+07 2.946340e+01) (-2.789689e+04 -1.200698e+06 9.520349e+04) (0.000000e+00 0.000000e+00 0.000000e+00))
3.000000e+00	((2.253784e+05 1.689073e+05 -1.830583e-12) (-2.069042e+04 4.947418e+02 3.160176e-16) (0.000000e+00 0.000000e+00 0.000000e+00)) ((-8.445367e+06 1.126892e+07 2.374803e+01) (-2.473709e+04 -1.034521e+06 8.107803e+04) (0.000000e+00 0.000000e+00 0.000000e+00))
4.000000e+00	((8.523025e+05 1.778204e+05 -1.683005e-12) (-1.825021e+04 4.490345e+02 1.877854e-16) (0.000000e+00 0.000000e+00 0.000000e+00)) ((-8.891022e+06 4.261512e+07 1.690355e+01) (-2.245172e+04 -9.125106e+05 7.107220e+04) (0.000000e+00 0.000000e+00 0.000000e+00))
5.000000e+00	((1.300197e+06 1.886249e+05 -1.615581e-12) (-1.640612e+04 4.172222e+02 1.956235e-16) (0.000000e+00 0.000000e+00 0.000000e+00)) ((-9.431247e+06 6.500986e+07 2.195747e+00) (-2.086111e+04 -8.203062e+05 6.372756e+04) (0.000000e+00 0.000000e+00 0.000000e+00))
6.000000e+00	((1.677645e+06 1.859656e+05 -1.549585e-12) (-1.495485e+04 4.027134e+02 1.991764e-16) (0.000000e+00 0.000000e+00 0.000000e+00)) ((-9.298278e+06 8.388226e+07 -4.177078e+00) (-2.013567e+04 -7.477423e+05 5.801056e+04) (0.000000e+00 0.000000e+00 0.000000e+00))
7.000000e+00	((2.000611e+06 1.854109e+05 -1.496369e-12) (-1.377779e+04 3.924560e+02 2.154352e-16) (0.000000e+00 0.000000e+00 0.000000e+00)) ((-9.270544e+06 1.000306e+08 -1.528407e+01) (-1.962280e+04 -6.888893e+05 5.358588e+04) (0.000000e+00 0.000000e+00 0.000000e+00))
8.000000e+00	((2.292641e+06 1.803385e+05 -1.449324e-12) (-1.279965e+04 3.902050e+02 2.111533e-16) (0.000000e+00 0.000000e+00 0.000000e+00)) ((-9.016924e+06 1.146321e+08 -2.793877e+01) (-1.951025e+04 -6.399825e+05 5.040417e+04) (0.000000e+00 0.000000e+00 0.000000e+00))
9.000000e+00	((2.560184e+06 1.717683e+05 -1.404058e-12) (-1.197030e+04 3.880725e+02 1.919237e-16) (0.000000e+00 0.000000e+00 0.000000e+00)) ((-8.588413e+06 1.280092e+08 -4.448661e+01) (-1.940362e+04 -5.985151e+05 4.811913e+04) (0.000000e+00 0.000000e+00 0.000000e+00))
1.000000e+01	((2.804681e+06 1.616930e+05 -1.360262e-12) (-1.125388e+04 3.804472e+02 1.800609e-16) (0.000000e+00 0.000000e+00 0.000000e+00)) ((-8.084649e+06 1.402340e+08 -6.100132e+01) (-1.902236e+04 -5.626940e+05 4.637527e+04) (0.000000e+00 0.000000e+00 0.000000e+00))
1.100000e+01	((3.031583e+06 1.466258e+05 -1.313131e-12) (-1.063328e+04 3.672361e+02 1.667561e-16) (0.000000e+00 0.000000e+00 0.000000e+00)) ((-7.331288e+06 1.515792e+08 -7.544041e+01) (-1.836181e+04 -5.316639e+05 4.510778e+04) (0.000000e+00 0.000000e+00 0.000000e+00))
1.200000e+01	((3.245015e+06 1.336124e+05 -1.266013e-12) (-1.009073e+04 3.500707e+02 1.721255e-16) (0.000000e+00 0.000000e+00 0.000000e+00)) ((-6.680618e+06 1.622508e+08 -7.863987e+01) (-1.750354e+04 -5.045367e+05 4.399305e+04) (0.000000e+00 0.000000e+00 0.000000e+00))
1.300000e+01	((3.455378e+06 1.205696e+05 -1.212769e-12) (-9.581806e+03 3.256682e+02 1.931984e-16) (0.000000e+00 0.000000e+00 0.000000e+00)) ((-6.028481e+06 1.727689e+08 -6.972784e+01) (-1.628341e+04 -4.790903e+05 4.201396e+04) (0.000000e+00 0.000000e+00 0.000000e+00))
1.400000e+01	((3.663038e+06 1.043253e+05 -1.151156e-12) (-9.054772e+03 2.929560e+02 1.966182e-16) (0.000000e+00 0.000000e+00 0.000000e+00)) ((-5.216266e+06 1.831519e+08 -4.950475e+01) (-1.464780e+04 -4.527386e+05 3.946045e+04) (0.000000e+00 0.000000e+00 0.000000e+00))
1.500000e+01	((3.863938e+06 9.001535e+04 -1.089096e-12) (-8.463600e+03 2.564308e+02 1.955904e-16) (0.000000e+00 0.000000e+00 0.000000e+00)) ((-4.500768e+06 1.931969e+08 -3.673993e+01) (-1.282154e+04 -4.231800e+05 3.674531e+04) (0.000000e+00 0.000000e+00 0.000000e+00))
1.600000e+01	((4.068627e+06 7.846412e+04 -1.024182e-12) (-7.770516e+03 2.240182e+02 1.955099e-16) (0.000000e+00 0.000000e+00 0.000000e+00)) ((-3.923206e+06 2.034314e+08 -2.117454e+01) (-1.120091e+04 -3.885258e+05 3.307242e+04) (0.000000e+00 0.000000e+00 0.000000e+00))
1.700000e+01	((4.270461e+06 6.472856e+04 -9.571619e-13) (-6.954714e+03 1.955936e+02 1.905344e-16) (0.000000e+00 0.000000e+00 0.000000e+00)) ((-3.236428e+06 2.135231e+08 -5.716955e+00) (-9.779678e+03 -3.477357e+05 2.917901e+04) (0.000000e+00 0.000000e+00 0.000000e+00))
1.800000e+01	((4.468287e+06 5.270156e+04 -8.883901e-13) (-6.020569e+03 1.695189e+02 1.943432e-16) (0.000000e+00 0.000000e+00 0.000000e+00)) ((-2.635078e+06 2.234143e+08 4.385024e+00) (-8.475947e+03 -3.010285e+05 2.518066e+04) (0.000000e+00 0.000000e+00 0.000000e+00))
1.900000e+01	((4.651810e+06 3.780506e+04 -8.179886e-13) (-4.988052e+03 1.488186e+02 1.871191e-16) (0.000000e+00 0.000000e+00 0.000000e+00)) ((-1.890253e+06 2.325905e+08 1.465766e+01) (-7.440930e+03 -2.494026e+05 2.175251e+04) (0.000000e+00 0.000000e+00 0.000000e+00))
2.000000e+01	((4.834277e+06 2.613188e+04 -7.421608e-13) (-3.896621e+03 1.321191e+02 1.782769e-16) (0.000000e+00 0.000000e+00 0.000000e+00)) ((-1.306594e+06 2.417139e+08 2.282499e+01) (-6.605957e+03 -1.948311e+05 1.921520e+04) (0.000000e+00 0.000000e+00 0.000000e+00))
2.100000e+01	((4.998916e+06 1.636438e+04 -6.650112e-13) (-2.768229e+03 1.166650e+02 1.595215e-16) (0.000000e+00 0.000000e+00 0.000000e+00)) ((-8.182190e+05 2.499458e+08 2.960078e+01) (-5.833248e+03 -1.384114e+05 1.715350e+04) (0.000000e+00 0.000000e+00 0.000000e+00))
2.200000e+01	((5.163094e+06 2.233433e+03 -5.820879e-13) (-1.641866e+03 9.990691e+01 1.131372e-16) (0.000000e+00 0.000000e+00 0.000000e+00)) ((-1.116717e+05 2.581547e+08 2.960846e+01) (-4.995346e+03 -8.209329e+04 1.632373e+04) (0.000000e+00 0.000000e+00 0.000000e+00))
2.300000e+01	((5.319036e+06 -8.798843e+03 -4.940810e-13) (-5.257715e+02 8.465356e+01 6.712195e-17) (0.000000e+00 0.000000e+00 0.000000e+00)) ((4.399422e+05 2.659518e+08 3.262449e+01) (-4.232678e+03 -2.628858e+04 1.581538e+04) (0.000000e+00 0.000000e+00 0.000000e+00))
2.400000e+01	((5.461555e+06 -2.150975e+04 -4.002908e-13) (5.588498e+02 6.879534e+01 4.913273e-17) (0.000000e+00 0.000000e+00 0.000000e+00)) ((1.075488e+06 2.730777e+08 3.279822e+01) (-3.439767e+03 2.794249e+04 1.575297e+04) (0.000000e+00 0.000000e+00 0.000000e+00))
2.500000e+01	((5.587270e+06 -3.442586e+04 -3.093484e-13) (1.606944e+03 5.302430e+01 4.646073e-17) (0.000000e+00 0.000000e+00 0.000000e+00)) ((1.721293e+06 2.793635e+08 2.509739e+01) (-2.651215e+03 8.034721e+04 1.583082e+04) (0.000000e+00 0.000000e+00 0.000000e+00))
2.600000e+01	((5.686205e+06 -4.051664e+04 -2.263944e-13) (2.615848e+03 3.804707e+01 4.469963e-17) (0.000000e+00 0.000000e+00 0.000000e+00)) ((2.025832e+06 2.843103e+08 2.405835e+01) (-1.902353e+03 1.307924e+05 1.589286e+04) (0.000000e+00 0.000000e+00 0.000000e+00))
2.700000e+01	((5.751817e+06 -5.370872e+04 -1.478095e-13) (3.585771e+03 2.387628e+01 5.218202e-17) (0.000000e+00 0.000000e+00 0.000000e+00)) ((2.685436e+06 2.875908e+08 1.874938e+01) (-1.193814e+03 1.792886e+05 1.587568e+04) (0.000000e+00 0.000000e+00 0.000000e+00))
2.800000e+01	((5.785126e+06 -5.851665e+04 -7.577992e-14) (4.516160e+03 1.164943e+01 4.780504e-17) (0.000000e+00 0.000000e+00 0.000000e+00)) ((2.925833e+06 2.892563e+08 1.717479e+01) (-5.824713e+02 2.258080e+05 1.573424e+04) (0.000000e+00 0.000000e+00 0.000000e+00))
2.900000e+01	((5.787473e+06 -6.591868e+04 -5.885388e-15) (5.407526e+03 1.972878e+00 4.075877e-17) (0.000000e+00 0.000000e+00 0.000000e+00)) ((3.295934e+06 2.893736e+08 1.279553e+01) (-9.864389e+01 2.703763e+05 1.549038e+04) (0.000000e+00 0.000000e+00 0.000000e+00))
3.000000e+01	((5.759745e+06 -7.329180e+04 5.918469e-14) (6.265160e+03 -5.940292e+00 3.572344e-17) (0.000000e+00 0.000000e+00 0.000000e+00)) ((3.664590e+06 2.879872e+08 6.636927e+00) (2.970146e+02 3.132580e+05 1.511239e+04) (0.000000e+00 0.000000e+00 0.000000e+00))
3.100000e+01	((5.704525e+06 -7.825510e+04 1.209421e-13) (7.099770e+03 -1.232974e+01 2.392030e-17) (0.000000e+00 0.000000e+00 0.000000e+00)) ((3.912755e+06 2.852263e+08 1.458363e+00) (6.164870e+02 3.549885e+05 1.464794e+04) (0.000000e+00 0.000000e+00 0.000000e+00))
3.200000e+01	((5.632491e+06 -8.704884e+04 1.767008e-13) (7.921418e+03 -1.752165e+01 1.221556e-17) (0.000000e+00 0.000000e+00 0.000000e+00)) ((4.352442e+06 2.816245e+08 -5.562657e+00) (8.760825e+02 3.960709e+05 1.410589e+04) (0.000000e+00 0.000000e+00 0.000000e+00))
3.300000e+01	((5.550479e+06 -9.467060e+04 2.288689e-13) (8.748036e+03 -2.193348e+01 -5.249383e-19) (0.000000e+00 0.000000e+00 0.000000e+00)) ((4.733530e+06 2.775240e+08 -1.009023e+01) (1.096674e+03 4.374018e+05 1.349402e+04) (0.000000e+00 0.000000e+00 0.000000e+00))
3.400000e+01	((5.461429e+06 -1.040747e+05 2.769839e-13) (9.603957e+03 -2.699905e+01 5.627284e-18) (0.000000e+00 0.000000e+00 0.000000e+00)) ((5.203735e+06 2.730714e+08 -1.440840e+01) (1.349952e+03 4.801978e+05 1.284267e+04) (0.000000e+00 0.000000e+00 0.000000e+00))
3.500000e+01	((5.366037e+06 -1.129253e+05 3.174625e-13) (1.051597e+04 -3.231186e+01 1.100280e-17) (0.000000e+00 0.000000e+00 0.000000e+00)) ((5.646265e+06 2.683018e+08 -1.798837e+01) (1.615593e+03 5.257987e+05 1.216917e+04) (0.000000e+00 0.000000e+00 0.000000e+00))
3.600000e+01	((5.270329e+06 -1.216454e+05 3.469360e-13) (1.151080e+04 -3.918320e+01 1.509185e-17) (0.000000e+00 0.000000e+00 0.000000e+00)) ((6.082270e+06 2.635165e+08 -1.923625e+01) (1.959160e+03 5.755398e+05 1.153924e+04) (0.000000e+00 0.000000e+00 0.000000e+00))
3.700000e+01	((5.167055e+06 -1.321643e+05 3.718048e-13) (1.260963e+04 -4.923583e+01 -1.599617e-17) (0.000000e+00 0.000000e+00 0.000000e+00)) ((6.608213e+06 2.583527e+08 -1.686821e+01) (2.461791e+03 6.304817e+05 1.111111e+04) (0.000000e+00 0.000000e+00 0.000000e+00))
3.800000e+01	((5.065144e+06 -1.410190e+05 3.853660e-13) (1.382822e+04 -6.299514e+01 -3.169929e-17) (0.000000e+00 0.000000e+00 0.000000e+00)) ((7.050952e+06 2.532572e+08 -1.450153e+01) (3.149757e+03 6.914112e+05 1.105487e+04) (0.000000e+00 0.000000e+00 0.000000e+00))
3.900000e+01	((4.960574e+06 -1.506062e+05 3.883337e-13) (1.518190e+04 -8.133647e+01 -3.858191e-17) (0.000000e+00 0.000000e+00 0.000000e+00)) ((7.530310e+06 2.480287e+08 -8.840066e+00) (4.066824e+03 7.590950e+05 1.145855e+04) (0.000000e+00 0.000000e+00 0.000000e+00))
4.000000e+01	((4.856202e+06 -1.564235e+05 3.826672e-13) (1.670293e+04 -1.003921e+02 -4.149976e-17) (0.000000e+00 0.000000e+00 0.000000e+00)) ((7.821177e+06 2.428101e+08 -1.816466e-01) (5.019605e+03 8.351465e+05 1.201396e+04) (0.000000e+00 0.000000e+00 0.000000e+00))
4.100000e+01	((4.756077e+06 -1.614865e+05 3.718390e-13) (1.843921e+04 -1.162092e+02 -4.705497e-17) (0.000000e+00 0.000000e+00 0.000000e+00)) ((8.074324e+06 2.378039e+08 2.243385e+00) (5.810458e+03 9.219607e+05 1.205689e+04) (0.000000e+00 0.000000e+00 0.000000e+00))
4.200000e+01	((4.676735e+06 -1.615918e+05 3.559551e-13) (2.048698e+04 -1.231653e+02 -4.999401e-17) (0.000000e+00 0.000000e+00 0.000000e+00)) ((8.079592e+06 2.338367e+08 -9.128612e+00) (6.158264e+03 1.024349e+06 1.075055e+04) (0.000000e+00 0.000000e+00 0.000000e+00))
4.300000e+01	((4.630574e+06 -1.587007e+05 3.360526e-13) (2.302090e+04 -1.221598e+02 -6.482351e-17) (0.000000e+00 0.000000e+00 0.000000e+00)) ((7.935035e+06 2.315287e+08 -2.297143e+01) (6.107992e+03 1.151045e+06 6.412460e+03) (0.000000e+00 0.000000e+00 0.000000e+00))
4.400000e+01	((4.638399e+06 -1.508277e+05 3.158575e-13) (2.635757e+04 -1.195592e+02 -7.943287e-17) (0.000000e+00 0.000000e+00 0.000000e+00)) ((7.541386e+06 2.319199e+08 -3.939873e+01) (5.977962e+03 1.317879e+06 -3.578337e+02) (0.000000e+00 0.000000e+00 0.000000e+00))
4.500000e+01	((4.717023e+06 -1.406107e+05 3.006723e-13) (3.091744e+04 -1.332163e+02 -9.547301e-17) (0.000000e+00 0.000000e+00 0.000000e+00)) ((7.030533e+06 2.358512e+08 -6.122253e+01) (6.660813e+03 1.545872e+06 -6.927246e+03) (0.000000e+00 0.000000e+00 0.000000e+00))
4.600000e+01	((4.907096e+06 -1.272806e+05 2.857334e-13) (3.692814e+04 -1.534404e+02 -1.068493e-16) (0.000000e+00 0.000000e+00 0.000000e+00)) ((6.364029e+06 2.453548e+08 -6.429647e+01) (7.672020e+03 1.846407e+06 -1.240830e+04) (0.000000e+00 0.000000e+00 0.000000e+00))
4.700000e+01	((5.223988e+06 -1.117743e+05 2.738470e-13) (4.424092e+04 -1.483761e+02 -1.410572e-16) (0.000000e+00 0.000000e+00 0.000000e+00)) ((5.588714e+06 2.611994e+08 -4.876746e+01) (7.418807e+03 2.212046e+06 -1.734928e+04) (0.000000e+00 0.000000e+00 0.000000e+00))
4.800000e+01	((5.633082e+06 -8.446670e+04 2.692357e-13) (5.266668e+04 -1.314352e+02 -1.600742e-16) (0.000000e+00 0.000000e+00 0.000000e+00)) ((4.223335e+06 2.816541e+08 -8.416528e+01) (6.571760e+03 2.633334e+06 -2.547697e+04) (0.000000e+00 0.000000e+00 0.000000e+00))
4.900000e+01	((6.118835e+06 -5.440690e+04 2.713432e-13) (6.229090e+04 -9.438267e+01 -1.684454e-16) (0.000000e+00 0.000000e+00 0.000000e+00)) ((2.720345e+06 3.059417e+08 -1.221573e+02) (4.719133e+03 3.114545e+06 -3.679192e+04) (0.000000e+00 0.000000e+00 0.000000e+00))
5.000000e+01	((6.583548e+06 -2.707148e+04 2.733827e-13) (7.289018e+04 -7.232747e+01 -1.897558e-16) (0.000000e+00 0.000000e+00 0.000000e+00)) ((1.353574e+06 3.291774e+08 -1.437959e+02) (3.616373e+03 3.644509e+06 -4.635016e+04) (0.000000e+00 0.000000e+00 0.000000e+00))
5.100000e+01	((6.927824e+06 1.473117e+04 2.711844e-13) (8.321739e+04 -8.646729e+01 -2.230310e-16) (0.000000e+00 0.000000e+00 0.000000e+00)) ((-7.365587e+05 3.463912e+08 -1.064212e+02) (4.323364e+03 4.160870e+06 -4.289765e+04) (0.000000e+00 0.000000e+00 0.000000e+00))
5.200000e+01	((7.082113e+06 5.813360e+04 2.654174e-13) (9.202837e+04 -1.127520e+02 -2.529755e-16) (0.000000e+00 0.000000e+00 0.000000e+00)) ((-2.906680e+06 3.541057e+08 -8.061151e+01) (5.637600e+03 4.601419e+06 -3.104920e+04) (0.000000e+00 0.000000e+00 0.000000e+00))
5.300000e+01	((7.034088e+06 9.259278e+04 2.510272e-13) (9.893548e+04 -1.310936e+02 -2.884359e-16) (0.000000e+00 0.000000e+00 0.000000e+00)) ((-4.629639e+06 3.517044e+08 -6.170195e+01) (6.554678e+03 4.946774e+06 -2.093820e+04) (0.000000e+00 0.000000e+00 0.000000e+00))
5.400000e+01	((6.796290e+06 1.274414e+05 2.323805e-13) (1.039493e+05 -1.325674e+02 -3.125307e-16) (0.000000e+00 0.000000e+00 0.000000e+00)) ((-6.372070e+06 3.398145e+08 -5.695392e+01) (6.628368e+03 5.197466e+06 -1.196894e+04) (0.000000e+00 0.000000e+00 0.000000e+00))
5.500000e+01	((6.429644e+06 1.827846e+05 2.143078e-13) (1.071871e+05 -1.243809e+02 -3.311879e-16) (0.000000e+00 0.000000e+00 0.000000e+00)) ((-9.139228e+06 3.214822e+08 -4.952748e+01) (6.219043e+03 5.359357e+06 -4.312618e+03) (0.000000e+00 0.000000e+00 0.000000e+00))
5.600000e+01	((5.995785e+06 2.113898e+05 1.924795e-13) (1.088484e+05 -9.946518e+01 -3.619574e-16) (0.000000e+00 0.000000e+00 0.000000e+00)) ((-1.056949e+07 2.997893e+08 -9.797433e+01) (4.973259e+03 5.442419e+06 1.648405e+03) (0.000000e+00 0.000000e+00 0.000000e+00))
5.700000e+01	((5.542715e+06 2.792089e+05 1.685573e-13) (1.090246e+05 -7.824970e+01 -3.964400e-16) (0.000000e+00 0.000000e+00 0.000000e+00)) ((-1.396045e+07 2.771358e+08 -6.858649e+01) (3.912485e+03 5.451232e+06 7.182911e+03) (0.000000e+00 0.000000e+00 0.000000e+00))
5.800000e+01	((5.138164e+06 3.136436e+05 1.503684e-13) (1.077331e+05 -5.108814e+01 -4.051264e-16) (0.000000e+00 0.000000e+00 0.000000e+00)) ((-1.568218e+07 2.569082e+08 -6.545738e+01) (2.554407e+03 5.386653e+06 1.397664e+04) (0.000000e+00 0.000000e+00 0.000000e+00))
5.900000e+01	((4.813720e+06 3.413965e+05 1.439275e-13) (1.049792e+05 -1.945957e+01 -4.361433e-16) (0.000000e+00 0.000000e+00 0.000000e+00)) ((-1.706983e+07 2.406860e+08 -6.579664e+01) (9.729784e+02 5.248962e+06 2.220840e+04) (0.000000e+00 0.000000e+00 0.000000e+00))
6.000000e+01	((4.613289e+06 3.792401e+05 1.335616e-13) (1.008101e+05 2.155795e+01 -4.096127e-16) (0.000000e+00 0.000000e+00 0.000000e+00)) ((-1.896201e+07 2.306644e+08 -2.986592e+01) (-1.077897e+03 5.040505e+06 3.150359e+04) (0.000000e+00 0.000000e+00 0.000000e+00))
6.100000e+01	((4.566166e+06 3.865996e+05 1.326137e-13) (9.518816e+04 6.998113e+01 -3.807475e-16) (0.000000e+00 0.000000e+00 0.000000e+00)) ((-1.932998e+07 2.283083e+08 -4.924252e+01) (-3.499057e+03 4.759408e+06 4.316401e+04) (0.000000e+00 0.000000e+00 0.000000e+00))
6.200000e+01	((4.646340e+06 4.026127e+05 1.365027e-13) (8.840808e+04 1.814993e+02 -4.224793e-16) (0.000000e+00 0.000000e+00 0.000000e+00)) ((-2.013064e+07 2.323170e+08 -6.339089e+01) (-9.074966e+03 4.420404e+06 5.472887e+04) (0.000000e+00 0.000000e+00 0.000000e+00))
6.300000e+01	((4.856019e+06 3.653439e+05 1.241410e-13) (8.115903e+04 3.013137e+02 -3.568816e-16) (0.000000e+00 0.000000e+00 0.000000e+00)) ((-1.826719e+07 2.428009e+08 -1.447873e+01) (-1.506568e+04 4.057951e+06 5.556360e+04) (0.000000e+00 0.000000e+00 0.000000e+00))
6.400000e+01	((5.172753e+06 3.080461e+05 1.180281e-13) (7.405776e+04 4.401532e+02 -3.180210e-16) (0.000000e+00 0.000000e+00 0.000000e+00)) ((-1.540230e+07 2.586376e+08 3.227998e+01) (-2.200766e+04 3.702888e+06 5.414993e+04) (0.000000e+00 0.000000e+00 0.000000e+00))
6.500000e+01	((5.545374e+06 2.633319e+05 1.243073e-13) (6.779220e+04 5.838071e+02 -3.128850e-16) (0.000000e+00 0.000000e+00 0.000000e+00)) ((-1.316659e+07 2.772687e+08 7.678017e+01) (-2.919035e+04 3.389610e+06 5.951327e+04) (0.000000e+00 0.000000e+00 0.000000e+00))
6.600000e+01	((5.930192e+06 1.716839e+05 1.273443e-13) (6.292200e+04 6.799395e+02 -2.286121e-16) (0.000000e+00 0.000000e+00 0.000000e+00)) ((-8.584196e+06 2.965096e+08 6.955507e+01) (-3.399697e+04 3.146100e+06 6.422957e+04) (0.000000e+00 0.000000e+00 0.000000e+00))
6.700000e+01	((6.298148e+06 6.414245e+04 1.161922e-13) (5.923432e+04 7.318410e+02 -1.392220e-16) (0.000000e+00 0.000000e+00 0.000000e+00)) ((-3.207123e+06 3.149074e+08 4.049046e+01) (-3.659205e+04 2.961716e+06 6.459185e+04) (0.000000e+00 0.000000e+00 0.000000e+00))
6.800000e+01	((6.632938e+06 -5.018879e+04 1.017850e-13) (5.651427e+04 7.339002e+02 -1.061999e-16) (0.000000e+00 0.000000e+00 0.000000e+00)) ((2.509439e+06 3.316469e+08 1.969234e+01) (-3.669501e+04 2.825714e+06 6.238680e+04) (0.000000e+00 0.000000e+00 0.000000e+00))
6.900000e+01	((6.887525e+06 -1.417548e+05 1.031100e-13) (5.470482e+04 6.790803e+02 -1.690986e-16) (0.000000e+00 0.000000e+00 0.000000e+00)) ((7.087741e+06 3.443762e+08 -1.502160e+01) (-3.395401e+04 2.735241e+06 6.196865e+04) (0.000000e+00 0.000000e+00 0.000000e+00))
7.000000e+01	((7.068612e+06 -2.844047e+05 9.657736e-14) (5.350062e+04 5.581324e+02 -1.208240e-16) (0.000000e+00 0.000000e+00 0.000000e+00)) ((1.422023e+07 3.534306e+08 -5.333214e+01) (-2.790662e+04 2.675031e+06 5.743467e+04) (0.000000e+00 0.000000e+00 0.000000e+00))
7.100000e+01	((7.161563e+06 -4.515688e+05 8.243550e-14) (5.252560e+04 3.947593e+02 -7.532458e-17) (0.000000e+00 0.000000e+00 0.000000e+00)) ((2.257844e+07 3.580781e+08 -5.651395e+01) (-1.973796e+04 2.626280e+06 4.973695e+04) (0.000000e+00 0.000000e+00 0.000000e+00))
7.200000e+01	((7.168933e+06 -6.129566e+05 7.574242e-14) (5.168610e+04 2.027659e+02 -1.290781e-16) (0.000000e+00 0.000000e+00 0.000000e+00)) ((3.064783e+07 3.584466e+08 -5.363396e+01) (-1.013830e+04 2.584305e+06 4.041339e+04) (0.000000e+00 0.000000e+00 0.000000e+00))
7.300000e+01	((7.122325e+06 -7.554562e+05 7.169457e-14) (5.091077e+04 -2.287336e+01 -1.471005e-16) (0.000000e+00 0.000000e+00 0.000000e+00)) ((3.777281e+07 3.561162e+08 -8.639366e+01) (1.143668e+03 2.545538e+06 2.903508e+04) (0.000000e+00 0.000000e+00 0.000000e+00))
7.400000e+01	((7.080061e+06 -8.777336e+05 6.701196e-14) (5.016401e+04 -2.817908e+02 -1.343149e-16) (0.000000e+00 0.000000e+00 0.000000e+00)) ((4.388668e+07 3.540031e+08 -1.344866e+02) (1.408954e+04 2.508200e+06 1.639647e+04) (0.000000e+00 0.000000e+00 0.000000e+00))
7.500000e+01	((7.093121e+06 -9.799961e+05 6.004776e-14) (4.942559e+04 -5.502990e+02 -1.107193e-16) (0.000000e+00 0.000000e+00 0.000000e+00)) ((4.899980e+07 3.546560e+08 -1.615692e+02) (2.751495e+04 2.471279e+06 4.573843e+03) (0.000000e+00 0.000000e+00 0.000000e+00))
7.600000e+01	((7.152155e+06 -1.037513e+06 5.406023e-14) (4.869461e+04 -8.334859e+02 -7.296485e-17) (0.000000e+00 0.000000e+00 0.000000e+00)) ((5.187564e+07 3.576078e+08 -1.611492e+02) (4.167429e+04 2.434730e+06 -7.470219e+03) (0.000000e+00 0.000000e+00 0.000000e+00))
7.700000e+01	((7.215698e+06 -1.068889e+06 4.941234e-14) (4.797784e+04 -1.082045e+03 -9.684590e-17) (0.000000e+00 0.000000e+00 0.000000e+00)) ((5.344447e+07 3.607849e+08 -2.026055e+02) (5.410227e+04 2.398892e+06 -2.036553e+04) (0.000000e+00 0.000000e+00 0.000000e+00))
7.800000e+01	((7.286378e+06 -1.050020e+06 4.286258e-14) (4.726442e+04 -1.273423e+03 -1.215126e-16) (0.000000e+00 0.000000e+00 0.000000e+00)) ((5.250101e+07 3.643189e+08 -2.517155e+02) (6.367117e+04 2.363221e+06 -3.244418e+04) (0.000000e+00 0.000000e+00 0.000000e+00))
7.900000e+01	((7.363495e+06 -9.658564e+05 3.795910e-14) (4.655607e+04 -1.413580e+03 -1.015974e-16) (0.000000e+00 0.000000e+00 0.000000e+00)) ((4.829282e+07 3.681748e+08 -2.647532e+02) (7.067899e+04 2.327804e+06 -4.210537e+04) (0.000000e+00 0.000000e+00 0.000000e+00))
8.000000e+01	((7.446591e+06 -8.128425e+05 4.834046e-14) (4.590930e+04 -1.505946e+03 -1.278738e-16) (0.000000e+00 0.000000e+00 0.000000e+00)) ((4.064212e+07 3.723295e+08 -2.064939e+02) (7.529730e+04 2.295465e+06 -5.227071e+04) (0.000000e+00 0.000000e+00 0.000000e+00))
8.100000e+01	((7.523179e+06 -5.990585e+05 6.204904e-14) (4.534510e+04 -1.509758e+03 -1.472337e-16) (0.000000e+00 0.000000e+00 0.000000e+00)) ((2.995293e+07 3.761589e+08 -1.149024e+02) (7.548788e+04 2.267255e+06 -6.107536e+04) (0.000000e+00 0.000000e+00 0.000000e+00))
8.200000e+01	((7.567155e+06 -3.559362e+05 7.200762e-14) (4.488418e+04 -1.419051e+03 -9.526632e-17) (0.000000e+00 0.000000e+00 0.000000e+00)) ((1.779681e+07 3.783578e+08 -1.468064e+02) (7.095254e+04 2.244209e+06 -6.448736e+04) (0.000000e+00 0.000000e+00 0.000000e+00))
8.300000e+01	((7.567083e+06 -5.562422e+04 8.401068e-14) (4.449265e+04 -1.241626e+03 -5.927163e-17) (0.000000e+00 0.000000e+00 0.000000e+00)) ((2.781211e+06 3.783542e+08 -2.105507e+02) (6.208129e+04 2.224633e+06 -6.333926e+04) (0.000000e+00 0.000000e+00 0.000000e+00))
8.400000e+01	((7.542651e+06 3.209069e+05 1.069823e-13) (4.414740e+04 -9.789101e+02 -6.544814e-17) (0.000000e+00 0.000000e+00 0.000000e+00)) ((-1.604535e+07 3.771326e+08 -2.065870e+02) (4.894551e+04 2.207370e+06 -5.624399e+04) (0.000000e+00 0.000000e+00 0.000000e+00))
8.500000e+01	((7.513376e+06 6.830593e+05 1.185313e-13) (4.382552e+04 -6.186378e+02 -1.286058e-16) (0.000000e+00 0.000000e+00 0.000000e+00)) ((-3.415297e+07 3.756688e+08 -1.210400e+02) (3.093189e+04 2.191276e+06 -4.131837e+04) (0.000000e+00 0.000000e+00 0.000000e+00))
8.600000e+01	((7.500118e+06 1.011766e+06 1.196388e-13) (4.351583e+04 -1.698626e+02 -1.245512e-16) (0.000000e+00 0.000000e+00 0.000000e+00)) ((-5.058831e+07 3.750059e+08 -8.939361e+00) (8.493129e+03 2.175791e+06 -1.881163e+04) (0.000000e+00 0.000000e+00 0.000000e+00))
8.700000e+01	((7.506458e+06 1.252340e+06 1.201402e-13) (4.321995e+04 3.257885e+02 -1.140603e-16) (0.000000e+00 0.000000e+00 0.000000e+00)) ((-6.261699e+07 3.753229e+08 1.093143e+02) (-1.628942e+04 2.160997e+06 9.083244e+03) (0.000000e+00 0.000000e+00 0.000000e+00))
8.800000e+01	((7.525035e+06 1.408151e+06 1.264717e-13) (4.293130e+04 8.208970e+02 -1.438900e-16) (0.000000e+00 0.000000e+00 0.000000e+00)) ((-7.040756e+07 3.762518e+08 1.888280e+02) (-4.104485e+04 2.146565e+06 3.914387e+04) (0.000000e+00 0.000000e+00 0.000000e+00))
8.900000e+01	((7.561317e+06 1.457322e+06 1.267638e-13) (4.264541e+04 1.272813e+03 -1.841249e-16) (0.000000e+00 0.000000e+00 0.000000e+00)) ((-7.286608e+07 3.780658e+08 2.442100e+02) (-6.364067e+04 2.132271e+06 6.865361e+04) (0.000000e+00 0.000000e+00 0.000000e+00))
9.000000e+01	((7.593537e+06 1.396724e+06 1.168696e-13) (4.236327e+04 1.650396e+03 -1.203101e-16) (0.000000e+00 0.000000e+00 0.000000e+00)) ((-6.983622e+07 3.796768e+08 2.991560e+02) (-8.251982e+04 2.118163e+06 9.532494e+04) (0.000000e+00 0.000000e+00 0.000000e+00))
9.100000e+01	((7.625243e+06 1.212149e+06 1.006575e-13) (4.208891e+04 1.920619e+03 -6.674723e-17) (0.000000e+00 0.000000e+00 0.000000e+00)) ((-6.060744e+07 3.812622e+08 3.165656e+02) (-9.603094e+04 2.104445e+06 1.173418e+05) (0.000000e+00 0.000000e+00 0.000000e+00))
9.200000e+01	((7.663849e+06 9.364276e+05 7.241358e-14) (4.182338e+04 2.056668e+03 -8.843417e-17) (0.000000e+00 0.000000e+00 0.000000e+00)) ((-4.682138e+07 3.831924e+08 3.413153e+02) (-1.028334e+05 2.091169e+06 1.329761e+05) (0.000000e+00 0.000000e+00 0.000000e+00))
9.300000e+01	((7.700128e+06 5.695798e+05 3.021517e-14) (4.156293e+04 2.039682e+03 -1.280143e-16) (0.000000e+00 0.000000e+00 0.000000e+00)) ((-2.847899e+07 3.850064e+08 3.136419e+02) (-1.019841e+05 2.078146e+06 1.403394e+05) (0.000000e+00 0.000000e+00 0.000000e+00))
9.400000e+01	((7.736839e+06 1.010198e+05 -1.620822e-14) (4.130429e+04 1.861586e+03 -7.406773e-17) (0.000000e+00 0.000000e+00 0.000000e+00)) ((-5.050988e+06 3.868420e+08 2.793298e+02) (-9.307931e+04 2.065214e+06 1.379461e+05) (0.000000e+00 0.000000e+00 0.000000e+00))
9.500000e+01	((7.767048e+06 -4.113601e+05 -5.869864e-14) (4.104797e+04 1.532274e+03 -5.425530e-17) (0.000000e+00 0.000000e+00 0.000000e+00)) ((2.056800e+07 3.883524e+08 2.387768e+02) (-7.661368e+04 2.052398e+06 1.257245e+05) (0.000000e+00 0.000000e+00 0.000000e+00))
9.600000e+01	((7.807799e+06 -9.063631e+05 -9.094986e-14) (4.079512e+04 1.067930e+03 -8.537172e-17) (0.000000e+00 0.000000e+00 0.000000e+00)) ((4.531815e+07 3.903899e+08 1.655928e+02) (-5.339649e+04 2.039756e+06 1.044008e+05) (0.000000e+00 0.000000e+00 0.000000e+00))
9.700000e+01	((7.859807e+06 -1.355061e+06 -1.159536e-13) (4.055014e+04 5.072795e+02 -7.782086e-17) (0.000000e+00 0.000000e+00 0.000000e+00)) ((6.775304e+07 3.929904e+08 5.552085e+01) (-2.536397e+04 2.027507e+06 7.542345e+04) (0.000000e+00 0.000000e+00 0.000000e+00))
9.800000e+01	((7.920419e+06 -1.696349e+06 -1.381381e-13) (4.031178e+04 -1.058912e+02 3.671238e-18) (0.000000e+00 0.000000e+00 0.000000e+00)) ((8.481746e+07 3.960209e+08 -7.647222e+01) (5.294559e+03 2.015589e+06 4.078740e+04) (0.000000e+00 0.000000e+00 0.000000e+00))
9.900000e+01	((7.981139e+06 -1.905273e+06 -1.535706e-13) (4.008445e+04 -7.153028e+02 2.929790e-17) (0.000000e+00 0.000000e+00 0.000000e+00)) ((9.526365e+07 3.990569e+08 -1.745502e+02) (3.576514e+04 2.004222e+06 3.310851e+03) (0.000000e+00 0.000000e+00 0.000000e+00))
1.000000e+02	((8.056629e+06 -1.916684e+06 -1.631821e-13) (3.986843e+04 -1.264226e+03 -2.367089e-17) (0.000000e+00 0.000000e+00 0.000000e+00)) ((9.583422e+07 4.028314e+08 -2.782205e+02) (6.321132e+04 1.993422e+06 -3.359494e+04) (0.000000e+00 0.000000e+00 0.000000e+00))
1.010000e+02	((8.127728e+06 -1.741756e+06 -1.720527e-13) (3.965993e+04 -1.696245e+03 -2.202637e-17) (0.000000e+00 0.000000e+00 0.000000e+00)) ((8.708781e+07 4.063864e+08 -3.328671e+02) (8.481226e+04 1.982997e+06 -6.623200e+04) (0.000000e+00 0.000000e+00 0.000000e+00))
1.020000e+02	((8.194517e+06 -1.414744e+06 -1.723582e-13) (3.945633e+04 -1.968801e+03 1.768152e-19) (0.000000e+00 0.000000e+00 0.000000e+00)) ((7.073721e+07 4.097258e+08 -3.593179e+02) (9.844004e+04 1.972817e+06 -9.140207e+04) (0.000000e+00 0.000000e+00 0.000000e+00))
1.030000e+02	((8.246036e+06 -9.357527e+05 -1.494122e-13) (3.925079e+04 -2.044512e+03 -4.674280e-17) (0.000000e+00 0.000000e+00 0.000000e+00)) ((4.678763e+07 4.123018e+08 -3.336630e+02) (1.022256e+05 1.962540e+06 -1.064155e+05) (0.000000e+00 0.000000e+00 0.000000e+00))
1.040000e+02	((8.302423e+06 -3.090418e+05 -1.179465e-13) (3.904074e+04 -1.909752e+03 -1.093631e-16) (0.000000e+00 0.000000e+00 0.000000e+00)) ((1.545209e+07 4.151211e+08 -2.876547e+02) (9.548760e+04 1.952037e+06 -1.096116e+05) (0.000000e+00 0.000000e+00 0.000000e+00))
1.050000e+02	((8.357217e+06 3.619352e+05 -9.129135e-14) (3.882801e+04 -1.567628e+03 -7.355520e-17) (0.000000e+00 0.000000e+00 0.000000e+00)) ((-1.809676e+07 4.178608e+08 -2.339552e+02) (7.838141e+04 1.941401e+06 -1.004024e+05) (0.000000e+00 0.000000e+00 0.000000e+00))
1.060000e+02	((8.416136e+06 1.017873e+06 -6.953554e-14) (3.861306e+04 -1.044543e+03 -2.959585e-17) (0.000000e+00 0.000000e+00 0.000000e+00)) ((-5.089365e+07 4.208068e+08 -1.462060e+02) (5.222716e+04 1.930653e+06 -7.912944e+04) (0.000000e+00 0.000000e+00 0.000000e+00))
1.070000e+02	((8.490078e+06 1.637453e+06 -5.541686e-14) (3.840067e+04 -3.887815e+02 -4.484300e-17) (0.000000e+00 0.000000e+00 0.000000e+00)) ((-8.187266e+07 4.245039e+08 -9.318837e+00) (1.943908e+04 1.920034e+06 -4.746877e+04) (0.000000e+00 0.000000e+00 0.000000e+00))
1.080000e+02	((8.572011e+06 2.085432e+06 -6.560892e-14) (3.820491e+04 3.295964e+02 -1.116516e-16) (0.000000e+00 0.000000e+00 0.000000e+00)) ((-1.042716e+08 4.286006e+08 1.079573e+02) (-1.647982e+04 1.910245e+06 -9.475585e+03) (0.000000e+00 0.000000e+00 0.000000e+00))
1.090000e+02	((8.649828e+06 2.302862e+06 -9.586373e-14) (3.804180e+04 1.032195e+03 -9.168274e-17) (0.000000e+00 0.000000e+00 0.000000e+00)) ((-1.151431e+08 4.324914e+08 2.164978e+02) (-5.160975e+04 1.902090e+06 2.962676e+04) (0.000000e+00 0.000000e+00 0.000000e+00))
1.100000e+02	((8.710275e+06 2.286072e+06 -1.398274e-13) (3.790178e+04 1.636510e+03 -7.391315e-17) (0.000000e+00 0.000000e+00 0.000000e+00)) ((-1.143036e+08 4.355138e+08 3.379841e+02) (-8.182548e+04 1.895089e+06 6.555332e+04) (0.000000e+00 0.000000e+00 0.000000e+00))
1.110000e+02	((8.755251e+06 1.997759e+06 -1.860270e-13) (3.776298e+04 2.059073e+03 -1.147790e-16) (0.000000e+00 0.000000e+00 0.000000e+00)) ((-9.988796e+07 4.377626e+08 4.076138e+02) (-1.029537e+05 1.888149e+06 9.445089e+04) (0.000000e+00 0.000000e+00 0.000000e+00))
1.120000e+02	((8.786359e+06 1.469755e+06 -2.461156e-13) (3.761024e+04 2.260777e+03 -9.499719e-17) (0.000000e+00 0.000000e+00 0.000000e+00)) ((-7.348776e+07 4.393179e+08 3.786566e+02) (-1.130388e+05 1.880512e+06 1.132125e+05) (0.000000e+00 0.000000e+00 0.000000e+00))
1.130000e+02	((8.814578e+06 7.577734e+05 -3.096465e-13) (3.742973e+04 2.213246e+03 1.387942e-17) (0.000000e+00 0.000000e+00 0.000000e+00)) ((-3.788867e+07 4.407289e+08 2.871657e+02) (-1.106623e+05 1.871486e+06 1.198092e+05) (0.000000e+00 0.000000e+00 0.000000e+00))
1.140000e+02	((8.855131e+06 -3.623551e+04 -3.743979e-13) (3.720897e+04 1.914512e+03 8.142172e-17) (0.000000e+00 0.000000e+00 0.000000e+00)) ((1.811775e+06 4.427566e+08 1.892283e+02) (-9.572561e+04 1.860449e+06 1.133864e+05) (0.000000e+00 0.000000e+00 0.000000e+00))
1.150000e+02	((8.925151e+06 -8.658106e+05 -4.439195e-13) (3.694326e+04 1.390231e+03 7.244439e-18) (0.000000e+00 0.000000e+00 0.000000e+00)) ((4.329053e+07 4.462576e+08 7.161669e+01) (-6.951154e+04 1.847163e+06 9.507120e+04) (0.000000e+00 0.000000e+00 0.000000e+00))
1.160000e+02	((9.028563e+06 -1.640182e+06 -5.042967e-13) (3.669782e+04 6.920034e+02 4.773169e-17) (0.000000e+00 0.000000e+00 0.000000e+00)) ((8.200912e+07 4.514282e+08 -5.271385e+01) (-3.460017e+04 1.834891e+06 6.699335e+04) (0.000000e+00 0.000000e+00 0.000000e+00))
1.170000e+02	((9.119706e+06 -2.248041e+06 -5.465612e-13) (3.651653e+04 -9.351153e+01 8.742848e-17) (0.000000e+00 0.000000e+00 0.000000e+00)) ((1.124020e+08 4.559853e+08 -1.177940e+02) (4.675577e+03 1.825826e+06 3.146507e+04) (0.000000e+00 0.000000e+00 0.000000e+00))
1.180000e+02	((9.188112e+06 -2.642034e+06 -5.592303e-13) (3.637745e+04 -8.681331e+02 4.067808e-17) (0.000000e+00 0.000000e+00 0.000000e+00)) ((1.321017e+08 4.594056e+08 -1.618412e+02) (4.340666e+04 1.818873e+06 -7.360653e+03) (0.000000e+00 0.000000e+00 0.000000e+00))
1.190000e+02	((9.213242e+06 -2.756901e+06 -5.452285e-13) (3.629753e+04 -1.552176e+03 -6.344981e-18) (0.000000e+00 0.000000e+00 0.000000e+00)) ((1.378451e+08 4.606621e+08 -2.515553e+02) (7.760879e+04 1.814876e+06 -4.309486e+04) (0.000000e+00 0.000000e+00 0.000000e+00))
1.200000e+02	((9.199409e+06 -2.519619e+06 -5.218506e-13) (3.623733e+04 -2.062269e+03 4.716637e-17) (0.000000e+00 0.000000e+00 0.000000e+00)) ((1.259810e+08 4.599704e+08 -3.334359e+02) (1.031135e+05 1.811866e+06 -7.123494e+04) (0.000000e+00 0.000000e+00 0.000000e+00))
1.210000e+02	((9.165840e+06 -1.976569e+06 -4.839280e-13) (3.613288e+04 -2.316102e+03 1.003192e-16) (0.000000e+00 0.000000e+00 0.000000e+00)) ((9.882844e+07 4.582920e+08 -3.192673e+02) (1.158051e+05 1.806644e+06 -8.940528e+04) (0.000000e+00 0.000000e+00 0.000000e+00))
1.220000e+02	((9.142136e+06 -1.167067e+06 -4.481166e-13) (3.596603e+04 -2.268876e+03 2.949117e-17) (0.000000e+00 0.000000e+00 0.000000e+00)) ((5.835334e+07 4.571068e+08 -2.524282e+02) (1.134438e+05 1.798302e+06 -9.456162e+04) (0.000000e+00 0.000000e+00 0.000000e+00))
1.230000e+02	((9.159173e+06 -2.375166e+05 -4.244457e-13) (3.573127e+04 -1.929449e+03 8.223873e-18) (0.000000e+00 0.000000e+00 0.000000e+00)) ((1.187583e+07 4.579586e+08 -1.549731e+02) (9.647247e+04 1.786564e+06 -8.482939e+04) (0.000000e+00 0.000000e+00 0.000000e+00))
1.240000e+02	((9.208572e+06 7.156140e+05 -4.073153e-13) (3.546066e+04 -1.334806e+03 -3.151669e-17) (0.000000e+00 0.000000e+00 0.000000e+00)) ((-3.578070e+07 4.604286e+08 -2.694024e+00) (6.674028e+04 1.773033e+06 -6.403522e+04) (0.000000e+00 0.000000e+00 0.000000e+00))
1.250000e+02	((9.294158e+06 1.575532e+06 -3.955933e-13) (3.521773e+04 -5.964754e+02 -8.776493e-17) (0.000000e+00 0.000000e+00 0.000000e+00)) ((-7.877660e+07 4.647079e+08 1.653241e+02) (2.982377e+04 1.760887e+06 -3.436091e+04) (0.000000e+00 0.000000e+00 0.000000e+00))
1.260000e+02	((9.387587e+06 2.221170e+06 -3.970196e-13) (3.502842e+04 2.030899e+02 -1.177232e-16) (0.000000e+00 0.000000e+00 0.000000e+00)) ((-1.110585e+08 4.693793e+08 2.763860e+02) (-1.015450e+04 1.751421e+06 1.264742e+02) (0.000000e+00 0.000000e+00 0.000000e+00))
1.270000e+02	((9.482858e+06 2.558286e+06 -4.286126e-13) (3.491088e+04 9.847482e+02 -3.561680e-17) (0.000000e+00 0.000000e+00 0.000000e+00)) ((-1.279143e+08 4.741429e+08 2.912947e+02) (-4.923741e+04 1.745544e+06 3.130237e+04) (0.000000e+00 0.000000e+00 0.000000e+00))
1.280000e+02	((9.523355e+06 2.610200e+06 -4.758645e-13) (3.484507e+04 1.634768e+03 2.615613e-17) (0.000000e+00 0.000000e+00 0.000000e+00)) ((-1.305100e+08 4.761678e+08 2.502617e+02) (-8.173839e+04 1.742254e+06 5.821054e+04) (0.000000e+00 0.000000e+00 0.000000e+00))
1.290000e+02	((9.513233e+06 2.332304e+06 -5.365676e-13) (3.477985e+04 2.052181e+03 9.639054e-18) (0.000000e+00 0.000000e+00 0.000000e+00)) ((-1.166152e+08 4.756616e+08 1.514023e+02) (-1.026090e+05 1.738993e+06 7.714883e+04) (0.000000e+00 0.000000e+00 0.000000e+00))
1.300000e+02	((9.459138e+06 1.751628e+06 -6.131263e-13) (3.468117e+04 2.168144e+03 -2.969084e-18) (0.000000e+00 0.000000e+00 0.000000e+00)) ((-8.758142e+07 4.729569e+08 8.703142e+01) (-1.084072e+05 1.734058e+06 8.362456e+04) (0.000000e+00 0.000000e+00 0.000000e+00))
1.310000e+02	((9.403943e+06 8.655146e+05 -6.980077e-13) (3.451754e+04 1.967453e+03 1.005515e-16) (0.000000e+00 0.000000e+00 0.000000e+00)) ((-4.327573e+07 4.701971e+08 4.331137e+01) (-9.837267e+04 1.725877e+06 7.511415e+04) (0.000000e+00 0.000000e+00 0.000000e+00))
1.320000e+02	((9.383601e+06 -1.299177e+05 -7.768306e-13) (3.431153e+04 1.470133e+03 1.410917e-16) (0.000000e+00 0.000000e+00 0.000000e+00)) ((6.495883e+06 4.691800e+08 2.929169e+01) (-7.350665e+04 1.715577e+06 5.229595e+04) (0.000000e+00 0.000000e+00 0.000000e+00))
1.330000e+02	((9.420879e+06 -1.090629e+06 -8.312387e-13) (3.408969e+04 7.490424e+02 4.352699e-17) (0.000000e+00 0.000000e+00 0.000000e+00)) ((5.453146e+07 4.710439e+08 -8.047577e+01) (-3.745212e+04 1.704484e+06 1.766865e+04) (0.000000e+00 0.000000e+00 0.000000e+00))
1.340000e+02	((9.485206e+06 -1.904330e+06 -8.495735e-13) (3.388461e+04 -1.221565e+02 6.753105e-17) (0.000000e+00 0.000000e+00 0.000000e+00)) ((9.521648e+07 4.742603e+08 -2.770721e+02) (6.107827e+03 1.694230e+06 -2.428507e+04) (0.000000e+00 0.000000e+00 0.000000e+00))
1.350000e+02	((9.550807e+06 -2.378876e+06 -8.348880e-13) (3.374819e+04 -1.036791e+03 1.017980e-16) (0.000000e+00 0.000000e+00 0.000000e+00)) ((1.189438e+08 4.775403e+08 -4.113259e+02) (5.183954e+04 1.687410e+06 -6.413985e+04) (0.000000e+00 0.000000e+00 0.000000e+00))
1.360000e+02	((9.597751e+06 -2.492540e+06 -8.058332e-13) (3.365785e+04 -1.806957e+03 1.595788e-16) (0.000000e+00 0.000000e+00 0.000000e+00)) ((1.246270e+08 4.798876e+08 -3.854547e+02) (9.034786e+04 1.682893e+06 -9.698090e+04) (0.000000e+00 0.000000e+00 0.000000e+00))
1.370000e+02	((9.624076e+06 -2.222495e+06 -7.657145e-13) (3.357128e+04 -2.315087e+03 1.367695e-16) (0.000000e+00 0.000000e+00 0.000000e+00)) ((1.111248e+08 4.812038e+08 -2.729429e+02) (1.157543e+05 1.678564e+06 -1.191874e+05) (0.000000e+00 0.000000e+00 0.000000e+00))
1.380000e+02	((9.601255e+06 -1.644206e+06 -7.277134e-13) (3.344900e+04 -2.486116e+03 6.940163e-17) (0.000000e+00 0.000000e+00 0.000000e+00)) ((8.221030e+07 4.800627e+08 -1.611887e+02) (1.243058e+05 1.672450e+06 -1.260818e+05) (0.000000e+00 0.000000e+00 0.000000e+00))
1.390000e+02	((9.575826e+06 -7.523183e+05 -6.777514e-13) (3.327015e+04 -2.293789e+03 4.326068e-18) (0.000000e+00 0.000000e+00 0.000000e+00)) ((3.761591e+07 4.787913e+08 -4.617079e+01) (1.146894e+05 1.663507e+06 -1.152116e+05) (0.000000e+00 0.000000e+00 0.000000e+00))
1.400000e+02	((9.567305e+06 3.255333e+05 -6.162891e-13) (3.305124e+04 -1.758545e+03 -6.079595e-17) (0.000000e+00 0.000000e+00 0.000000e+00)) ((-1.627666e+07 4.783653e+08 6.363663e+01) (8.792723e+04 1.652562e+06 -8.633334e+04) (0.000000e+00 0.000000e+00 0.000000e+00))
1.410000e+02	((9.577550e+06 1.398731e+06 -5.691571e-13) (3.285832e+04 -9.227556e+02 -7.846679e-17) (0.000000e+00 0.000000e+00 0.000000e+00)) ((-6.993656e+07 4.788775e+08 1.710388e+02) (4.613778e+04 1.642916e+06 -4.241505e+04) (0.000000e+00 0.000000e+00 0.000000e+00))
1.420000e+02	((9.627002e+06 2.288828e+06 -5.540472e-13) (3.274288e+04 1.118098e+02 -2.602760e-17) (0.000000e+00 0.000000e+00 0.000000e+00)) ((-1.144414e+08 4.813501e+08 3.155629e+02) (-5.590488e+03 1.637144e+06 9.575326e+03) (0.000000e+00 0.000000e+00 0.000000e+00))
1.430000e+02	((9.685521e+06 2.921101e+06 -5.694320e-13) (3.265479e+04 1.201519e+03 -1.795570e-17) (0.000000e+00 0.000000e+00 0.000000e+00)) ((-1.460551e+08 4.842761e+08 4.488591e+02) (-6.007593e+04 1.632740e+06 6.393264e+04) (0.000000e+00 0.000000e+00 0.000000e+00))
1.440000e+02	((9.742231e+06 3.143946e+06 -6.083779e-13) (3.255131e+04 2.170872e+03 -9.210607e-18) (0.000000e+00 0.000000e+00 0.000000e+00)) ((-1.571973e+08 4.871115e+08 4.014558e+02) (-1.085436e+05 1.627565e+06 1.145221e+05) (0.000000e+00 0.000000e+00 0.000000e+00))
1.450000e+02	((9.779322e+06 2.912081e+06 -6.808969e-13) (3.242939e+04 2.878759e+03 7.532137e-18) (0.000000e+00 0.000000e+00 0.000000e+00)) ((-1.456040e+08 4.889661e+08 2.708950e+02) (-1.439379e+05 1.621470e+06 1.536424e+05) (0.000000e+00 0.000000e+00 0.000000e+00))
1.460000e+02	((9.808094e+06 2.229508e+06 -7.665903e-13) (3.227143e+04 3.227123e+03 1.341886e-16) (0.000000e+00 0.000000e+00 0.000000e+00)) ((-1.114754e+08 4.904047e+08 1.934609e+02) (-1.613561e+05 1.613572e+06 1.759404e+05) (0.000000e+00 0.000000e+00 0.000000e+00))
1.470000e+02	((9.802919e+06 1.165375e+06 -8.611831e-13) (3.206748e+04 3.142484e+03 1.137906e-16) (0.000000e+00 0.000000e+00 0.000000e+00)) ((-5.826877e+07 4.901459e+08 2.202419e+02) (-1.571242e+05 1.603374e+06 1.754586e+05) (0.000000e+00 0.000000e+00 0.000000e+00))
1.480000e+02	((9.787292e+06 -1.413899e+05 -9.516109e-13) (3.186178e+04 2.610973e+03 2.466298e-17) (0.000000e+00 0.000000e+00 0.000000e+00)) ((7.069495e+06 4.893646e+08 1.074134e+02) (-1.305486e+05 1.593089e+06 1.490041e+05) (0.000000e+00 0.000000e+00 0.000000e+00))
1.490000e+02	((9.771485e+06 -1.482119e+06 -1.010940e-12) (3.171793e+04 1.643938e+03 8.634183e-17) (0.000000e+00 0.000000e+00 0.000000e+00)) ((7.410594e+07 4.885743e+08 -1.020164e+02) (-8.219689e+04 1.585896e+06 1.001402e+05) (0.000000e+00 0.000000e+00 0.000000e+00))
1.500000e+02	((9.772948e+06 -2.757189e+06 -1.045408e-12) (3.162322e+04 3.547317e+02 1.752109e-16) (0.000000e+00 0.000000e+00 0.000000e+00)) ((1.378594e+08 4.886474e+08 -3.098670e+02) (-1.773658e+04 1.581161e+06 3.270617e+04) (0.000000e+00 0.000000e+00 0.000000e+00))
1.510000e+02	((9.839269e+06 -3.638606e+06 -1.060222e-12) (3.152788e+04 -1.061820e+03 2.020059e-16) (0.000000e+00 0.000000e+00 0.000000e+00)) ((1.819303e+08 4.919635e+08 -2.964235e+02) (5.309099e+04 1.576394e+06 -4.693452e+04) (0.000000e+00 0.000000e+00 0.000000e+00))
1.520000e+02	((9.948035e+06 -4.096055e+06 -1.061831e-12) (3.141238e+04 -2.418416e+03 1.912558e-16) (0.000000e+00 0.000000e+00 0.000000e+00)) ((2.048027e+08 4.974018e+08 -2.977037e+02) (1.209208e+05 1.570619e+06 -1.252988e+05) (0.000000e+00 0.000000e+00 0.000000e+00))
1.530000e+02	((1.007223e+07 -3.990206e+06 -1.030595e-12) (3.128672e+04 -3.491613e+03 1.366003e-16) (0.000000e+00 0.000000e+00 0.000000e+00)) ((1.995103e+08 5.036116e+08 -4.252864e+02) (1.745807e+05 1.564336e+06 -1.912969e+05) (0.000000e+00 0.000000e+00 0.000000e+00))
1.540000e+02	((1.016204e+07 -3.265715e+06 -9.620793e-13) (3.113484e+04 -4.154277e+03 1.103803e-16) (0.000000e+00 0.000000e+00 0.000000e+00)) ((1.632857e+08 5.081019e+08 -4.600683e+02) (2.077139e+05 1.556742e+06 -2.377295e+05) (0.000000e+00 0.000000e+00 0.000000e+00))
1.550000e+02	((1.018319e+07 -1.966261e+06 -8.641752e-13) (3.094896e+04 -4.307528e+03 3.369342e-17) (0.000000e+00 0.000000e+00 0.000000e+00)) ((9.831307e+07 5.091596e+08 -4.168352e+02) (2.153764e+05 1.547448e+06 -2.567514e+05) (0.000000e+00 0.000000e+00 0.000000e+00))
1.560000e+02	((1.013443e+07 -3.758777e+05 -7.517772e-13) (3.075548e+04 -3.858291e+03 7.914030e-18) (0.000000e+00 0.000000e+00 0.000000e+00)) ((1.879388e+07 5.067214e+08 -2.309945e+02) (1.929145e+05 1.537774e+06 -2.396156e+05) (0.000000e+00 0.000000e+00 0.000000e+00))
1.570000e+02	((1.007991e+07 1.371475e+06 -6.560289e-13) (3.061715e+04 -2.788019e+03 1.689053e-17) (0.000000e+00 0.000000e+00 0.000000e+00)) ((-6.857375e+07 5.039957e+08 1.524438e+01) (1.394009e+05 1.530857e+06 -1.850689e+05) (0.000000e+00 0.000000e+00 0.000000e+00))
1.580000e+02	((1.007373e+07 3.042285e+06 -5.907744e-13) (3.052190e+04 -1.212557e+03 -5.323275e-18) (0.000000e+00 0.000000e+00 0.000000e+00)) ((-1.521142e+08 5.036866e+08 2.737211e+02) (6.062786e+04 1.526095e+06 -9.763066e+04) (0.000000e+00 0.000000e+00 0.000000e+00))
1.590000e+02	((1.017317e+07 4.365498e+06 -5.634117e-13) (3.043031e+04 6.261486e+02 -1.960331e-17) (0.000000e+00 0.000000e+00 0.000000e+00)) ((-2.182749e+08 5.086583e+08 2.979012e+02) (-3.130743e+04 1.521516e+06 1.454118e+04) (0.000000e+00 0.000000e+00 0.000000e+00))
1.600000e+02	((1.034269e+07 5.169807e+06 -5.901904e-13) (3.034862e+04 2.495912e+03 -1.776083e-17) (0.000000e+00 0.000000e+00 0.000000e+00)) ((-2.584904e+08 5.171343e+08 3.237196e+02) (-1.247956e+05 1.517431e+06 1.322898e+05) (0.000000e+00 0.000000e+00 0.000000e+00))
1.610000e+02	((1.052548e+07 5.214336e+06 -6.604493e-13) (3.025079e+04 4.102508e+03 5.372523e-17) (0.000000e+00 0.000000e+00 0.000000e+00)) ((-2.607168e+08 5.262740e+08 4.264587e+02) (-2.051254e+05 1.512540e+06 2.380879e+05) (0.000000e+00 0.000000e+00 0.000000e+00))
1.620000e+02	((1.065601e+07 4.519438e+06 -7.682811e-13) (3.015029e+04 5.227955e+03 4.013380e-17) (0.000000e+00 0.000000e+00 0.000000e+00)) ((-2.259719e+08 5.328006e+08 6.069764e+02) (-2.613977e+05 1.507514e+06 3.212054e+05) (0.000000e+00 0.000000e+00 0.000000e+00))
1.630000e+02	((1.068239e+07 3.052262e+06 -8.915179e-13) (3.001852e+04 5.739456e+03 -2.745163e-17) (0.000000e+00 0.000000e+00 0.000000e+00)) ((-1.526131e+08 5.341194e+08 5.874704e+02) (-2.869728e+05 1.500926e+06 3.676041e+05) (0.000000e+00 0.000000e+00 0.000000e+00))
1.640000e+02	((1.060149e+07 1.113316e+06 -1.019588e-12) (2.984923e+04 5.455529e+03 9.349462e-17) (0.000000e+00 0.000000e+00 0.000000e+00)) ((-5.566581e+07 5.300744e+08 4.174810e+02) (-2.727765e+05 1.492461e+06 3.652215e+05) (0.000000e+00 0.000000e+00 0.000000e+00))
1.650000e+02	((1.048312e+07 -1.075413e+06 -1.136163e-12) (2.968849e+04 4.343347e+03 1.943870e-16) (0.000000e+00 0.000000e+00 0.000000e+00)) ((5.377065e+07 5.241559e+08 1.846935e+02) (-2.171673e+05 1.484424e+06 3.110879e+05) (0.000000e+00 0.000000e+00 0.000000e+00))
1.660000e+02	((1.044490e+07 -3.261428e+06 -1.254643e-12) (2.954198e+04 2.505015e+03 2.600654e-16) (0.000000e+00 0.000000e+00 0.000000e+00)) ((1.630714e+08 5.222452e+08 -1.141116e+02) (-1.252507e+05 1.477099e+06 2.039492e+05) (0.000000e+00 0.000000e+00 0.000000e+00))
1.670000e+02	((1.056010e+07 -5.109869e+06 -1.337091e-12) (2.940775e+04 1.727348e+02 3.038400e-16) (0.000000e+00 0.000000e+00 0.000000e+00)) ((2.554935e+08 5.280050e+08 -2.044562e+02) (-8.636742e+03 1.470388e+06 5.380229e+04) (0.000000e+00 0.000000e+00 0.000000e+00))
1.680000e+02	((1.078285e+07 -6.414975e+06 -1.379825e-12) (2.932610e+04 -2.341578e+03 3.302260e-16) (0.000000e+00 0.000000e+00 0.000000e+00)) ((3.207488e+08 5.391423e+08 -3.855054e+02) (1.170789e+05 1.466305e+06 -1.147287e+05) (0.000000e+00 0.000000e+00 0.000000e+00))
1.690000e+02	((1.104359e+07 -6.721951e+06 -1.345308e-12) (2.927389e+04 -4.659715e+03 2.860843e-16) (0.000000e+00 0.000000e+00 0.000000e+00)) ((3.360976e+08 5.521794e+08 -5.866165e+02) (2.329858e+05 1.463695e+06 -2.764316e+05) (0.000000e+00 0.000000e+00 0.000000e+00))
1.700000e+02	((1.122848e+07 -6.085423e+06 -1.243884e-12) (2.923325e+04 -6.438053e+03 1.551819e-16) (0.000000e+00 0.000000e+00 0.000000e+00)) ((3.042712e+08 5.614239e+08 -7.174833e+02) (3.219026e+05 1.461662e+06 -4.105751e+05) (0.000000e+00 0.000000e+00 0.000000e+00))
1.710000e+02	((1.126066e+07 -4.540891e+06 -1.103440e-12) (2.915786e+04 -7.453761e+03 1.556963e-16) (0.000000e+00 0.000000e+00 0.000000e+00)) ((2.270446e+08 5.630332e+08 -7.078561e+02) (3.726880e+05 1.457893e+06 -4.979902e+05) (0.000000e+00 0.000000e+00 0.000000e+00))
1.720000e+02	((1.114939e+07 -2.389080e+06 -9.427057e-13) (2.900917e+04 -7.515353e+03 1.674235e-16) (0.000000e+00 0.000000e+00 0.000000e+00)) ((1.194540e+08 5.574693e+08 -5.417841e+02) (3.757676e+05 1.450458e+06 -5.230546e+05) (0.000000e+00 0.000000e+00 0.000000e+00))
1.730000e+02	((1.099123e+07 2.605005e+05 -7.711057e-13) (2.880787e+04 -6.523935e+03 1.053006e-16) (0.000000e+00 0.000000e+00 0.000000e+00)) ((-1.302502e+07 5.495617e+08 -3.161631e+02) (3.261968e+05 1.440393e+06 -4.807207e+05) (0.000000e+00 0.000000e+00 0.000000e+00))
1.740000e+02	((1.089832e+07 3.076386e+06 -6.265703e-13) (2.856940e+04 -4.517374e+03 3.997256e-17) (0.000000e+00 0.000000e+00 0.000000e+00)) ((-1.538193e+08 5.449161e+08 -1.271239e+02) (2.258687e+05 1.428470e+06 -3.647963e+05) (0.000000e+00 0.000000e+00 0.000000e+00))
1.750000e+02	((1.098529e+07 5.694724e+06 -5.209342e-13) (2.834900e+04 -1.686130e+03 -1.005133e-16) (0.000000e+00 0.000000e+00 0.000000e+00)) ((-2.847362e+08 5.492643e+08 1.306407e+01) (8.430651e+04 1.417450e+06 -1.781310e+05) (0.000000e+00 0.000000e+00 0.000000e+00))
1.760000e+02	((1.125640e+07 7.652808e+06 -4.753636e-13) (2.823999e+04 1.645195e+03 -2.453711e-17) (0.000000e+00 0.000000e+00 0.000000e+00)) ((-3.826404e+08 5.628202e+08 2.708532e+02) (-8.225973e+04 1.412000e+06 5.339054e+04) (0.000000e+00 0.000000e+00 0.000000e+00))
1.770000e+02	((1.159855e+07 8.637528e+06 -5.051299e-13) (2.826730e+04 4.921063e+03 -1.374645e-16) (0.000000e+00 0.000000e+00 0.000000e+00)) ((-4.318764e+08 5.799276e+08 6.524040e+02) (-2.460531e+05 1.413365e+06 2.886474e+05) (0.000000e+00 0.000000e+00 0.000000e+00))
1.780000e+02	((1.187725e+07 8.356814e+06 -6.172546e-13) (2.846303e+04 7.654591e+03 -1.632484e-16) (0.000000e+00 0.000000e+00 0.000000e+00)) ((-4.178407e+08 5.938623e+08 9.735012e+02) (-3.827296e+05 1.423152e+06 4.869269e+05) (0.000000e+00 0.000000e+00 0.000000e+00))
1.790000e+02	((1.193855e+07 7.023783e+06 -7.792663e-13) (2.868730e+04 9.422678e+03 -1.032850e-17) (0.000000e+00 0.000000e+00 0.000000e+00)) ((-3.511892e+08 5.969275e+08 1.017103e+03) (-4.711339e+05 1.434365e+06 6.218440e+05) (0.000000e+00 0.000000e+00 0.000000e+00))
1.800000e+02	((1.172569e+07 4.720802e+06 -9.827096e-13) (2.867742e+04 1.002272e+04 1.331851e-16) (0.000000e+00 0.000000e+00 0.000000e+00)) ((-2.360401e+08 5.862844e+08 7.281341e+02) (-5.011359e+05 1.433871e+06 6.813594e+05) (0.000000e+00 0.000000e+00 0.000000e+00))
1.810000e+02	((1.143052e+07 1.779927e+06 -1.184127e-12) (2.835851e+04 9.349161e+03 1.533686e-16) (0.000000e+00 0.000000e+00 0.000000e+00)) ((-8.899637e+07 5.715259e+08 2.447206e+02) (-4.674580e+05 1.417925e+06 6.627525e+05) (0.000000e+00 0.000000e+00 0.000000e+00))
1.820000e+02	((1.126262e+07 -1.498178e+06 -1.358183e-12) (2.786911e+04 7.430635e+03 2.178183e-16) (0.000000e+00 0.000000e+00 0.000000e+00)) ((7.490891e+07 5.631312e+08 -9.438892e+01) (-3.715318e+05 1.393456e+06 5.633021e+05) (0.000000e+00 0.000000e+00 0.000000e+00))
1.830000e+02	((1.144305e+07 -5.017342e+06 -1.531023e-12) (2.736735e+04 4.275909e+03 4.430940e-16) (0.000000e+00 0.000000e+00 0.000000e+00)) ((2.508671e+08 5.721524e+08 -1.205234e+02) (-2.137954e+05 1.368367e+06 3.577087e+05) (0.000000e+00 0.000000e+00 0.000000e+00))
