/*--------------------------------*- C++ -*----------------------------------*\
| =========                 |                                                 |
| \\      /  F ield         | OpenFOAM: The Open Source CFD Toolbox           |
|  \\    /   O peration     | Version:  2.3.1                                 |
|   \\  /    A nd           | Web:      www.OpenFOAM.org                      |
|    \\/     M anipulation  |                                                 |
\*---------------------------------------------------------------------------*/
FoamFile
{
    version     2.0;
    format      ascii;
    class       labelList;
    note        "nPoints: 9840 nCells: 4825 nFaces: 19395 nInternalFaces: 9555";
    location    "constant/polyMesh";
    object      neighbour;
}
// * * * * * * * * * * * * * * * * * * * * * * * * * * * * * * * * * * * * * //


9555
(
1
50
1450
2
51
1451
3
52
1452
4
53
1453
5
54
1454
6
55
1455
7
56
1456
8
57
1457
9
58
1458
10
59
1459
11
60
1460
12
61
1461
13
62
1462
14
63
1463
15
64
1464
16
65
1465
17
66
1466
18
67
1467
19
68
1468
20
69
1469
21
70
1470
22
71
1471
23
72
1472
24
73
1473
25
74
1474
26
75
1475
27
76
1476
28
77
1477
29
78
1478
30
79
1479
31
80
1480
32
81
1481
33
82
1482
34
83
1483
35
84
1484
36
85
1485
37
86
1486
38
87
1487
39
88
1488
40
89
1489
41
90
1490
42
91
1491
43
92
1492
44
93
1493
45
94
1494
46
95
1495
47
96
1496
48
97
1497
49
98
1498
99
1499
3500
51
100
52
101
53
102
54
103
55
104
56
105
57
106
58
107
59
108
60
109
61
110
62
111
63
112
64
113
65
114
66
115
67
116
68
117
69
118
70
119
71
120
72
121
73
122
74
123
75
124
76
125
77
126
78
127
79
128
80
129
81
130
82
131
83
132
84
133
85
134
86
135
87
136
88
137
89
138
90
139
91
140
92
141
93
142
94
143
95
144
96
145
97
146
98
147
99
148
149
3510
101
150
102
151
103
152
104
153
105
154
106
155
107
156
108
157
109
158
110
159
111
160
112
161
113
162
114
163
115
164
116
165
117
166
118
167
119
168
120
169
121
170
122
171
123
172
124
173
125
174
126
175
127
176
128
177
129
178
130
179
131
180
132
181
133
182
134
183
135
184
136
185
137
186
138
187
139
188
140
189
141
190
142
191
143
192
144
193
145
194
146
195
147
196
148
197
149
198
199
3520
151
200
152
201
153
202
154
203
155
204
156
205
157
206
158
207
159
208
160
209
161
210
162
211
163
212
164
213
165
214
166
215
167
216
168
217
169
218
170
219
171
220
172
221
173
222
174
223
175
224
176
225
177
226
178
227
179
228
180
229
181
230
182
231
183
232
184
233
185
234
186
235
187
236
188
237
189
238
190
239
191
240
192
241
193
242
194
243
195
244
196
245
197
246
198
247
199
248
249
3530
201
250
202
251
203
252
204
253
205
254
206
255
207
256
208
257
209
258
210
259
211
260
212
261
213
262
214
263
215
264
216
265
217
266
218
267
219
268
220
269
221
270
222
271
223
272
224
273
225
274
226
275
227
276
228
277
229
278
230
279
231
280
232
281
233
282
234
283
235
284
236
285
237
286
238
287
239
288
240
289
241
290
242
291
243
292
244
293
245
294
246
295
247
296
248
297
249
298
299
3540
251
300
252
301
253
302
254
303
255
304
256
305
257
306
258
307
259
308
260
309
261
310
262
311
263
312
264
313
265
314
266
315
267
316
268
317
269
318
270
319
271
320
272
321
273
322
274
323
275
324
276
325
277
326
278
327
279
328
280
329
281
330
282
331
283
332
284
333
285
334
286
335
287
336
288
337
289
338
290
339
291
340
292
341
293
342
294
343
295
344
296
345
297
346
298
347
299
348
349
3550
301
350
302
351
303
352
304
353
305
354
306
355
307
356
308
357
309
358
310
359
311
360
312
361
313
362
314
363
315
364
316
365
317
366
318
367
319
368
320
369
321
370
322
371
323
372
324
373
325
374
326
375
327
376
328
377
329
378
330
379
331
380
332
381
333
382
334
383
335
384
336
385
337
386
338
387
339
388
340
389
341
390
342
391
343
392
344
393
345
394
346
395
347
396
348
397
349
398
399
3560
351
400
352
401
353
402
354
403
355
404
356
405
357
406
358
407
359
408
360
409
361
410
362
411
363
412
364
413
365
414
366
415
367
416
368
417
369
418
370
419
371
420
372
421
373
422
374
423
375
424
376
425
377
426
378
427
379
428
380
429
381
430
382
431
383
432
384
433
385
434
386
435
387
436
388
437
389
438
390
439
391
440
392
441
393
442
394
443
395
444
396
445
397
446
398
447
399
448
449
3570
401
450
402
451
403
452
404
453
405
454
406
455
407
456
408
457
409
458
410
459
411
460
412
461
413
462
414
463
415
464
416
465
417
466
418
467
419
468
420
469
421
470
422
471
423
472
424
473
425
474
426
475
427
476
428
477
429
478
430
479
431
480
432
481
433
482
434
483
435
484
436
485
437
486
438
487
439
488
440
489
441
490
442
491
443
492
444
493
445
494
446
495
447
496
448
497
449
498
499
3580
451
500
452
501
453
502
454
503
455
504
456
505
457
506
458
507
459
508
460
509
461
510
462
511
463
512
464
513
465
514
466
515
467
516
468
517
469
518
470
519
471
520
472
521
473
522
474
523
475
524
476
525
477
526
478
527
479
528
480
529
481
530
482
531
483
532
484
533
485
534
486
535
487
536
488
537
489
538
490
539
491
540
492
541
493
542
494
543
495
544
496
545
497
546
498
547
499
548
549
3590
501
550
502
551
503
552
504
553
505
554
506
555
507
556
508
557
509
558
510
559
511
560
512
561
513
562
514
563
515
564
516
565
517
566
518
567
519
568
520
569
521
570
522
571
523
572
524
573
525
574
526
575
527
576
528
577
529
578
530
579
531
580
532
581
533
582
534
583
535
584
536
585
537
586
538
587
539
588
540
589
541
590
542
591
543
592
544
593
545
594
546
595
547
596
548
597
549
598
599
3600
551
600
552
601
553
602
554
603
555
604
556
605
557
606
558
607
559
608
560
609
561
610
562
611
563
612
564
613
565
614
566
615
567
616
568
617
569
618
570
619
571
620
572
621
573
622
574
623
575
624
576
625
577
626
578
627
579
628
580
629
581
630
582
631
583
632
584
633
585
634
586
635
587
636
588
637
589
638
590
639
591
640
592
641
593
642
594
643
595
644
596
645
597
646
598
647
599
648
649
3610
601
650
602
651
603
652
604
653
605
654
606
655
607
656
608
657
609
658
610
659
611
660
612
661
613
662
614
663
615
664
616
665
617
666
618
667
619
668
620
669
621
670
622
671
623
672
624
673
625
674
626
675
627
676
628
677
629
678
630
679
631
680
632
681
633
682
634
683
635
684
636
685
637
686
638
687
639
688
640
689
641
690
642
691
643
692
644
693
645
694
646
695
647
696
648
697
649
698
699
3620
651
700
652
701
653
702
654
703
655
704
656
705
657
706
658
707
659
708
660
709
661
710
662
711
663
712
664
713
665
714
666
715
667
716
668
717
669
718
670
719
671
720
672
721
673
722
674
723
675
724
676
725
677
726
678
727
679
728
680
729
681
730
682
731
683
732
684
733
685
734
686
735
687
736
688
737
689
738
690
739
691
740
692
741
693
742
694
743
695
744
696
745
697
746
698
747
699
748
749
3630
701
3499
702
3498
703
3497
704
3496
705
3495
706
3494
707
3493
708
3492
709
3491
710
3490
711
3489
712
3488
713
3487
714
3486
715
3485
716
3484
717
3483
718
3482
719
3481
720
3480
721
3479
722
3478
723
3477
724
3476
725
3475
726
3474
727
3473
728
3472
729
3471
730
3470
731
3469
732
3468
733
3467
734
3466
735
3465
736
3464
737
3463
738
3462
739
3461
740
3460
741
3459
742
3458
743
3457
744
3456
745
3455
746
3454
747
3453
748
3452
749
3451
3450
3640
751
800
1549
752
801
1548
753
802
1547
754
803
1546
755
804
1545
756
805
1544
757
806
1543
758
807
1542
759
808
1541
760
809
1540
761
810
1539
762
811
1538
763
812
1537
764
813
1536
765
814
1535
766
815
1534
767
816
1533
768
817
1532
769
818
1531
770
819
1530
771
820
1529
772
821
1528
773
822
1527
774
823
1526
775
824
1525
776
825
1524
777
826
1523
778
827
1522
779
828
1521
780
829
1520
781
830
1519
782
831
1518
783
832
1517
784
833
1516
785
834
1515
786
835
1514
787
836
1513
788
837
1512
789
838
1511
790
839
1510
791
840
1509
792
841
1508
793
842
1507
794
843
1506
795
844
1505
796
845
1504
797
846
1503
798
847
1502
799
848
1501
849
1500
3650
801
850
802
851
803
852
804
853
805
854
806
855
807
856
808
857
809
858
810
859
811
860
812
861
813
862
814
863
815
864
816
865
817
866
818
867
819
868
820
869
821
870
822
871
823
872
824
873
825
874
826
875
827
876
828
877
829
878
830
879
831
880
832
881
833
882
834
883
835
884
836
885
837
886
838
887
839
888
840
889
841
890
842
891
843
892
844
893
845
894
846
895
847
896
848
897
849
898
899
3660
851
900
852
901
853
902
854
903
855
904
856
905
857
906
858
907
859
908
860
909
861
910
862
911
863
912
864
913
865
914
866
915
867
916
868
917
869
918
870
919
871
920
872
921
873
922
874
923
875
924
876
925
877
926
878
927
879
928
880
929
881
930
882
931
883
932
884
933
885
934
886
935
887
936
888
937
889
938
890
939
891
940
892
941
893
942
894
943
895
944
896
945
897
946
898
947
899
948
949
3670
901
950
902
951
903
952
904
953
905
954
906
955
907
956
908
957
909
958
910
959
911
960
912
961
913
962
914
963
915
964
916
965
917
966
918
967
919
968
920
969
921
970
922
971
923
972
924
973
925
974
926
975
927
976
928
977
929
978
930
979
931
980
932
981
933
982
934
983
935
984
936
985
937
986
938
987
939
988
940
989
941
990
942
991
943
992
944
993
945
994
946
995
947
996
948
997
949
998
999
3680
951
1000
952
1001
953
1002
954
1003
955
1004
956
1005
957
1006
958
1007
959
1008
960
1009
961
1010
962
1011
963
1012
964
1013
965
1014
966
1015
967
1016
968
1017
969
1018
970
1019
971
1020
972
1021
973
1022
974
1023
975
1024
976
1025
977
1026
978
1027
979
1028
980
1029
981
1030
982
1031
983
1032
984
1033
985
1034
986
1035
987
1036
988
1037
989
1038
990
1039
991
1040
992
1041
993
1042
994
1043
995
1044
996
1045
997
1046
998
1047
999
1048
1049
3690
1001
1050
1002
1051
1003
1052
1004
1053
1005
1054
1006
1055
1007
1056
1008
1057
1009
1058
1010
1059
1011
1060
1012
1061
1013
1062
1014
1063
1015
1064
1016
1065
1017
1066
1018
1067
1019
1068
1020
1069
1021
1070
1022
1071
1023
1072
1024
1073
1025
1074
1026
1075
1027
1076
1028
1077
1029
1078
1030
1079
1031
1080
1032
1081
1033
1082
1034
1083
1035
1084
1036
1085
1037
1086
1038
1087
1039
1088
1040
1089
1041
1090
1042
1091
1043
1092
1044
1093
1045
1094
1046
1095
1047
1096
1048
1097
1049
1098
1099
3700
1051
1100
1052
1101
1053
1102
1054
1103
1055
1104
1056
1105
1057
1106
1058
1107
1059
1108
1060
1109
1061
1110
1062
1111
1063
1112
1064
1113
1065
1114
1066
1115
1067
1116
1068
1117
1069
1118
1070
1119
1071
1120
1072
1121
1073
1122
1074
1123
1075
1124
1076
1125
1077
1126
1078
1127
1079
1128
1080
1129
1081
1130
1082
1131
1083
1132
1084
1133
1085
1134
1086
1135
1087
1136
1088
1137
1089
1138
1090
1139
1091
1140
1092
1141
1093
1142
1094
1143
1095
1144
1096
1145
1097
1146
1098
1147
1099
1148
1149
3710
1101
1150
1102
1151
1103
1152
1104
1153
1105
1154
1106
1155
1107
1156
1108
1157
1109
1158
1110
1159
1111
1160
1112
1161
1113
1162
1114
1163
1115
1164
1116
1165
1117
1166
1118
1167
1119
1168
1120
1169
1121
1170
1122
1171
1123
1172
1124
1173
1125
1174
1126
1175
1127
1176
1128
1177
1129
1178
1130
1179
1131
1180
1132
1181
1133
1182
1134
1183
1135
1184
1136
1185
1137
1186
1138
1187
1139
1188
1140
1189
1141
1190
1142
1191
1143
1192
1144
1193
1145
1194
1146
1195
1147
1196
1148
1197
1149
1198
1199
3720
1151
1200
1152
1201
1153
1202
1154
1203
1155
1204
1156
1205
1157
1206
1158
1207
1159
1208
1160
1209
1161
1210
1162
1211
1163
1212
1164
1213
1165
1214
1166
1215
1167
1216
1168
1217
1169
1218
1170
1219
1171
1220
1172
1221
1173
1222
1174
1223
1175
1224
1176
1225
1177
1226
1178
1227
1179
1228
1180
1229
1181
1230
1182
1231
1183
1232
1184
1233
1185
1234
1186
1235
1187
1236
1188
1237
1189
1238
1190
1239
1191
1240
1192
1241
1193
1242
1194
1243
1195
1244
1196
1245
1197
1246
1198
1247
1199
1248
1249
3730
1201
1250
1202
1251
1203
1252
1204
1253
1205
1254
1206
1255
1207
1256
1208
1257
1209
1258
1210
1259
1211
1260
1212
1261
1213
1262
1214
1263
1215
1264
1216
1265
1217
1266
1218
1267
1219
1268
1220
1269
1221
1270
1222
1271
1223
1272
1224
1273
1225
1274
1226
1275
1227
1276
1228
1277
1229
1278
1230
1279
1231
1280
1232
1281
1233
1282
1234
1283
1235
1284
1236
1285
1237
1286
1238
1287
1239
1288
1240
1289
1241
1290
1242
1291
1243
1292
1244
1293
1245
1294
1246
1295
1247
1296
1248
1297
1249
1298
1299
3740
1251
1300
1252
1301
1253
1302
1254
1303
1255
1304
1256
1305
1257
1306
1258
1307
1259
1308
1260
1309
1261
1310
1262
1311
1263
1312
1264
1313
1265
1314
1266
1315
1267
1316
1268
1317
1269
1318
1270
1319
1271
1320
1272
1321
1273
1322
1274
1323
1275
1324
1276
1325
1277
1326
1278
1327
1279
1328
1280
1329
1281
1330
1282
1331
1283
1332
1284
1333
1285
1334
1286
1335
1287
1336
1288
1337
1289
1338
1290
1339
1291
1340
1292
1341
1293
1342
1294
1343
1295
1344
1296
1345
1297
1346
1298
1347
1299
1348
1349
3750
1301
1350
1302
1351
1303
1352
1304
1353
1305
1354
1306
1355
1307
1356
1308
1357
1309
1358
1310
1359
1311
1360
1312
1361
1313
1362
1314
1363
1315
1364
1316
1365
1317
1366
1318
1367
1319
1368
1320
1369
1321
1370
1322
1371
1323
1372
1324
1373
1325
1374
1326
1375
1327
1376
1328
1377
1329
1378
1330
1379
1331
1380
1332
1381
1333
1382
1334
1383
1335
1384
1336
1385
1337
1386
1338
1387
1339
1388
1340
1389
1341
1390
1342
1391
1343
1392
1344
1393
1345
1394
1346
1395
1347
1396
1348
1397
1349
1398
1399
3760
1351
1400
1352
1401
1353
1402
1354
1403
1355
1404
1356
1405
1357
1406
1358
1407
1359
1408
1360
1409
1361
1410
1362
1411
1363
1412
1364
1413
1365
1414
1366
1415
1367
1416
1368
1417
1369
1418
1370
1419
1371
1420
1372
1421
1373
1422
1374
1423
1375
1424
1376
1425
1377
1426
1378
1427
1379
1428
1380
1429
1381
1430
1382
1431
1383
1432
1384
1433
1385
1434
1386
1435
1387
1436
1388
1437
1389
1438
1390
1439
1391
1440
1392
1441
1393
1442
1394
1443
1395
1444
1396
1445
1397
1446
1398
1447
1399
1448
1449
3770
1401
1450
1402
1451
1403
1452
1404
1453
1405
1454
1406
1455
1407
1456
1408
1457
1409
1458
1410
1459
1411
1460
1412
1461
1413
1462
1414
1463
1415
1464
1416
1465
1417
1466
1418
1467
1419
1468
1420
1469
1421
1470
1422
1471
1423
1472
1424
1473
1425
1474
1426
1475
1427
1476
1428
1477
1429
1478
1430
1479
1431
1480
1432
1481
1433
1482
1434
1483
1435
1484
1436
1485
1437
1486
1438
1487
1439
1488
1440
1489
1441
1490
1442
1491
1443
1492
1444
1493
1445
1494
1446
1495
1447
1496
1448
1497
1449
1498
1499
3780
1451
1452
1453
1454
1455
1456
1457
1458
1459
1460
1461
1462
1463
1464
1465
1466
1467
1468
1469
1470
1471
1472
1473
1474
1475
1476
1477
1478
1479
1480
1481
1482
1483
1484
1485
1486
1487
1488
1489
1490
1491
1492
1493
1494
1495
1496
1497
1498
1499
3790
1501
1550
3809
1502
1551
1503
1552
1504
1553
1505
1554
1506
1555
1507
1556
1508
1557
1509
1558
1510
1559
1511
1560
1512
1561
1513
1562
1514
1563
1515
1564
1516
1565
1517
1566
1518
1567
1519
1568
1520
1569
1521
1570
1522
1571
1523
1572
1524
1573
1525
1574
1526
1575
1527
1576
1528
1577
1529
1578
1530
1579
1531
1580
1532
1581
1533
1582
1534
1583
1535
1584
1536
1585
1537
1586
1538
1587
1539
1588
1540
1589
1541
1590
1542
1591
1543
1592
1544
1593
1545
1594
1546
1595
1547
1596
1548
1597
1549
1598
1599
4200
1551
1600
3819
1552
1601
1553
1602
1554
1603
1555
1604
1556
1605
1557
1606
1558
1607
1559
1608
1560
1609
1561
1610
1562
1611
1563
1612
1564
1613
1565
1614
1566
1615
1567
1616
1568
1617
1569
1618
1570
1619
1571
1620
1572
1621
1573
1622
1574
1623
1575
1624
1576
1625
1577
1626
1578
1627
1579
1628
1580
1629
1581
1630
1582
1631
1583
1632
1584
1633
1585
1634
1586
1635
1587
1636
1588
1637
1589
1638
1590
1639
1591
1640
1592
1641
1593
1642
1594
1643
1595
1644
1596
1645
1597
1646
1598
1647
1599
1648
1649
4225
1601
1650
3829
1602
1651
1603
1652
1604
1653
1605
1654
1606
1655
1607
1656
1608
1657
1609
1658
1610
1659
1611
1660
1612
1661
1613
1662
1614
1663
1615
1664
1616
1665
1617
1666
1618
1667
1619
1668
1620
1669
1621
1670
1622
1671
1623
1672
1624
1673
1625
1674
1626
1675
1627
1676
1628
1677
1629
1678
1630
1679
1631
1680
1632
1681
1633
1682
1634
1683
1635
1684
1636
1685
1637
1686
1638
1687
1639
1688
1640
1689
1641
1690
1642
1691
1643
1692
1644
1693
1645
1694
1646
1695
1647
1696
1648
1697
1649
1698
1699
4250
1651
1700
3839
1652
1701
1653
1702
1654
1703
1655
1704
1656
1705
1657
1706
1658
1707
1659
1708
1660
1709
1661
1710
1662
1711
1663
1712
1664
1713
1665
1714
1666
1715
1667
1716
1668
1717
1669
1718
1670
1719
1671
1720
1672
1721
1673
1722
1674
1723
1675
1724
1676
1725
1677
1726
1678
1727
1679
1728
1680
1729
1681
1730
1682
1731
1683
1732
1684
1733
1685
1734
1686
1735
1687
1736
1688
1737
1689
1738
1690
1739
1691
1740
1692
1741
1693
1742
1694
1743
1695
1744
1696
1745
1697
1746
1698
1747
1699
1748
1749
4275
1701
1750
3849
1702
1751
1703
1752
1704
1753
1705
1754
1706
1755
1707
1756
1708
1757
1709
1758
1710
1759
1711
1760
1712
1761
1713
1762
1714
1763
1715
1764
1716
1765
1717
1766
1718
1767
1719
1768
1720
1769
1721
1770
1722
1771
1723
1772
1724
1773
1725
1774
1726
1775
1727
1776
1728
1777
1729
1778
1730
1779
1731
1780
1732
1781
1733
1782
1734
1783
1735
1784
1736
1785
1737
1786
1738
1787
1739
1788
1740
1789
1741
1790
1742
1791
1743
1792
1744
1793
1745
1794
1746
1795
1747
1796
1748
1797
1749
1798
1799
4300
1751
1800
3859
1752
1801
1753
1802
1754
1803
1755
1804
1756
1805
1757
1806
1758
1807
1759
1808
1760
1809
1761
1810
1762
1811
1763
1812
1764
1813
1765
1814
1766
1815
1767
1816
1768
1817
1769
1818
1770
1819
1771
1820
1772
1821
1773
1822
1774
1823
1775
1824
1776
1825
1777
1826
1778
1827
1779
1828
1780
1829
1781
1830
1782
1831
1783
1832
1784
1833
1785
1834
1786
1835
1787
1836
1788
1837
1789
1838
1790
1839
1791
1840
1792
1841
1793
1842
1794
1843
1795
1844
1796
1845
1797
1846
1798
1847
1799
1848
1849
4325
1801
1850
3869
1802
1851
1803
1852
1804
1853
1805
1854
1806
1855
1807
1856
1808
1857
1809
1858
1810
1859
1811
1860
1812
1861
1813
1862
1814
1863
1815
1864
1816
1865
1817
1866
1818
1867
1819
1868
1820
1869
1821
1870
1822
1871
1823
1872
1824
1873
1825
1874
1826
1875
1827
1876
1828
1877
1829
1878
1830
1879
1831
1880
1832
1881
1833
1882
1834
1883
1835
1884
1836
1885
1837
1886
1838
1887
1839
1888
1840
1889
1841
1890
1842
1891
1843
1892
1844
1893
1845
1894
1846
1895
1847
1896
1848
1897
1849
1898
1899
4350
1851
1900
3879
1852
1901
1853
1902
1854
1903
1855
1904
1856
1905
1857
1906
1858
1907
1859
1908
1860
1909
1861
1910
1862
1911
1863
1912
1864
1913
1865
1914
1866
1915
1867
1916
1868
1917
1869
1918
1870
1919
1871
1920
1872
1921
1873
1922
1874
1923
1875
1924
1876
1925
1877
1926
1878
1927
1879
1928
1880
1929
1881
1930
1882
1931
1883
1932
1884
1933
1885
1934
1886
1935
1887
1936
1888
1937
1889
1938
1890
1939
1891
1940
1892
1941
1893
1942
1894
1943
1895
1944
1896
1945
1897
1946
1898
1947
1899
1948
1949
4375
1901
1950
3889
1902
1951
1903
1952
1904
1953
1905
1954
1906
1955
1907
1956
1908
1957
1909
1958
1910
1959
1911
1960
1912
1961
1913
1962
1914
1963
1915
1964
1916
1965
1917
1966
1918
1967
1919
1968
1920
1969
1921
1970
1922
1971
1923
1972
1924
1973
1925
1974
1926
1975
1927
1976
1928
1977
1929
1978
1930
1979
1931
1980
1932
1981
1933
1982
1934
1983
1935
1984
1936
1985
1937
1986
1938
1987
1939
1988
1940
1989
1941
1990
1942
1991
1943
1992
1944
1993
1945
1994
1946
1995
1947
1996
1948
1997
1949
1998
1999
4400
1951
2000
3899
1952
2001
1953
2002
1954
2003
1955
2004
1956
2005
1957
2006
1958
2007
1959
2008
1960
2009
1961
2010
1962
2011
1963
2012
1964
2013
1965
2014
1966
2015
1967
2016
1968
2017
1969
2018
1970
2019
1971
2020
1972
2021
1973
2022
1974
2023
1975
2024
1976
2025
1977
2026
1978
2027
1979
2028
1980
2029
1981
2030
1982
2031
1983
2032
1984
2033
1985
2034
1986
2035
1987
2036
1988
2037
1989
2038
1990
2039
1991
2040
1992
2041
1993
2042
1994
2043
1995
2044
1996
2045
1997
2046
1998
2047
1999
2048
2049
4425
2001
2050
3909
2002
2051
2003
2052
2004
2053
2005
2054
2006
2055
2007
2056
2008
2057
2009
2058
2010
2059
2011
2060
2012
2061
2013
2062
2014
2063
2015
2064
2016
2065
2017
2066
2018
2067
2019
2068
2020
2069
2021
2070
2022
2071
2023
2072
2024
2073
2025
2074
2026
2075
2027
2076
2028
2077
2029
2078
2030
2079
2031
2080
2032
2081
2033
2082
2034
2083
2035
2084
2036
2085
2037
2086
2038
2087
2039
2088
2040
2089
2041
2090
2042
2091
2043
2092
2044
2093
2045
2094
2046
2095
2047
2096
2048
2097
2049
2098
2099
4450
2051
2100
3919
2052
2101
2053
2102
2054
2103
2055
2104
2056
2105
2057
2106
2058
2107
2059
2108
2060
2109
2061
2110
2062
2111
2063
2112
2064
2113
2065
2114
2066
2115
2067
2116
2068
2117
2069
2118
2070
2119
2071
2120
2072
2121
2073
2122
2074
2123
2075
2124
2076
2125
2077
2126
2078
2127
2079
2128
2080
2129
2081
2130
2082
2131
2083
2132
2084
2133
2085
2134
2086
2135
2087
2136
2088
2137
2089
2138
2090
2139
2091
2140
2092
2141
2093
2142
2094
2143
2095
2144
2096
2145
2097
2146
2098
2147
2099
2148
2149
4475
2101
2150
3929
2102
2151
2103
2152
2104
2153
2105
2154
2106
2155
2107
2156
2108
2157
2109
2158
2110
2159
2111
2160
2112
2161
2113
2162
2114
2163
2115
2164
2116
2165
2117
2166
2118
2167
2119
2168
2120
2169
2121
2170
2122
2171
2123
2172
2124
2173
2125
2174
2126
2175
2127
2176
2128
2177
2129
2178
2130
2179
2131
2180
2132
2181
2133
2182
2134
2183
2135
2184
2136
2185
2137
2186
2138
2187
2139
2188
2140
2189
2141
2190
2142
2191
2143
2192
2144
2193
2145
2194
2146
2195
2147
2196
2148
2197
2149
2198
2199
4500
2151
2200
3939
2152
2201
2153
2202
2154
2203
2155
2204
2156
2205
2157
2206
2158
2207
2159
2208
2160
2209
2161
2210
2162
2211
2163
2212
2164
2213
2165
2214
2166
2215
2167
2216
2168
2217
2169
2218
2170
2219
2171
2220
2172
2221
2173
2222
2174
2223
2175
2224
2176
2225
2177
2226
2178
2227
2179
2228
2180
2229
2181
2230
2182
2231
2183
2232
2184
2233
2185
2234
2186
2235
2187
2236
2188
2237
2189
2238
2190
2239
2191
2240
2192
2241
2193
2242
2194
2243
2195
2244
2196
2245
2197
2246
2198
2247
2199
2248
2249
4525
2201
2250
3949
2202
2251
2203
2252
2204
2253
2205
2254
2206
2255
2207
2256
2208
2257
2209
2258
2210
2259
2211
2260
2212
2261
2213
2262
2214
2263
2215
2264
2216
2265
2217
2266
2218
2267
2219
2268
2220
2269
2221
2270
2222
2271
2223
2272
2224
2273
2225
2274
2226
2275
2227
2276
2228
2277
2229
2278
2230
2279
2231
2280
2232
2281
2233
2282
2234
2283
2235
2284
2236
2285
2237
2286
2238
2287
2239
2288
2240
2289
2241
2290
2242
2291
2243
2292
2244
2293
2245
2294
2246
2295
2247
2296
2248
2297
2249
2298
2299
4550
2251
2300
3959
2252
2301
2253
2302
2254
2303
2255
2304
2256
2305
2257
2306
2258
2307
2259
2308
2260
2309
2261
2310
2262
2311
2263
2312
2264
2313
2265
2314
2266
2315
2267
2316
2268
2317
2269
2318
2270
2319
2271
2320
2272
2321
2273
2322
2274
2323
2275
2324
2276
2325
2277
2326
2278
2327
2279
2328
2280
2329
2281
2330
2282
2331
2283
2332
2284
2333
2285
2334
2286
2335
2287
2336
2288
2337
2289
2338
2290
2339
2291
2340
2292
2341
2293
2342
2294
2343
2295
2344
2296
2345
2297
2346
2298
2347
2299
2348
2349
4575
2301
2350
3969
2302
2351
2303
2352
2304
2353
2305
2354
2306
2355
2307
2356
2308
2357
2309
2358
2310
2359
2311
2360
2312
2361
2313
2362
2314
2363
2315
2364
2316
2365
2317
2366
2318
2367
2319
2368
2320
2369
2321
2370
2322
2371
2323
2372
2324
2373
2325
2374
2326
2375
2327
2376
2328
2377
2329
2378
2330
2379
2331
2380
2332
2381
2333
2382
2334
2383
2335
2384
2336
2385
2337
2386
2338
2387
2339
2388
2340
2389
2341
2390
2342
2391
2343
2392
2344
2393
2345
2394
2346
2395
2347
2396
2348
2397
2349
2398
2399
4600
2351
2400
3979
2352
2401
2353
2402
2354
2403
2355
2404
2356
2405
2357
2406
2358
2407
2359
2408
2360
2409
2361
2410
2362
2411
2363
2412
2364
2413
2365
2414
2366
2415
2367
2416
2368
2417
2369
2418
2370
2419
2371
2420
2372
2421
2373
2422
2374
2423
2375
2424
2376
2425
2377
2426
2378
2427
2379
2428
2380
2429
2381
2430
2382
2431
2383
2432
2384
2433
2385
2434
2386
2435
2387
2436
2388
2437
2389
2438
2390
2439
2391
2440
2392
2441
2393
2442
2394
2443
2395
2444
2396
2445
2397
2446
2398
2447
2399
2448
2449
4625
2401
2450
3989
2402
2451
2403
2452
2404
2453
2405
2454
2406
2455
2407
2456
2408
2457
2409
2458
2410
2459
2411
2460
2412
2461
2413
2462
2414
2463
2415
2464
2416
2465
2417
2466
2418
2467
2419
2468
2420
2469
2421
2470
2422
2471
2423
2472
2424
2473
2425
2474
2426
2475
2427
2476
2428
2477
2429
2478
2430
2479
2431
2480
2432
2481
2433
2482
2434
2483
2435
2484
2436
2485
2437
2486
2438
2487
2439
2488
2440
2489
2441
2490
2442
2491
2443
2492
2444
2493
2445
2494
2446
2495
2447
2496
2448
2497
2449
2498
2499
4650
2451
2500
3999
2452
2501
2453
2502
2454
2503
2455
2504
2456
2505
2457
2506
2458
2507
2459
2508
2460
2509
2461
2510
2462
2511
2463
2512
2464
2513
2465
2514
2466
2515
2467
2516
2468
2517
2469
2518
2470
2519
2471
2520
2472
2521
2473
2522
2474
2523
2475
2524
2476
2525
2477
2526
2478
2527
2479
2528
2480
2529
2481
2530
2482
2531
2483
2532
2484
2533
2485
2534
2486
2535
2487
2536
2488
2537
2489
2538
2490
2539
2491
2540
2492
2541
2493
2542
2494
2543
2495
2544
2496
2545
2497
2546
2498
2547
2499
2548
2549
4675
2501
2550
4009
2502
2551
2503
2552
2504
2553
2505
2554
2506
2555
2507
2556
2508
2557
2509
2558
2510
2559
2511
2560
2512
2561
2513
2562
2514
2563
2515
2564
2516
2565
2517
2566
2518
2567
2519
2568
2520
2569
2521
2570
2522
2571
2523
2572
2524
2573
2525
2574
2526
2575
2527
2576
2528
2577
2529
2578
2530
2579
2531
2580
2532
2581
2533
2582
2534
2583
2535
2584
2536
2585
2537
2586
2538
2587
2539
2588
2540
2589
2541
2590
2542
2591
2543
2592
2544
2593
2545
2594
2546
2595
2547
2596
2548
2597
2549
2598
2599
4700
2551
2600
4019
2552
2601
2553
2602
2554
2603
2555
2604
2556
2605
2557
2606
2558
2607
2559
2608
2560
2609
2561
2610
2562
2611
2563
2612
2564
2613
2565
2614
2566
2615
2567
2616
2568
2617
2569
2618
2570
2619
2571
2620
2572
2621
2573
2622
2574
2623
2575
2624
2576
2625
2577
2626
2578
2627
2579
2628
2580
2629
2581
2630
2582
2631
2583
2632
2584
2633
2585
2634
2586
2635
2587
2636
2588
2637
2589
2638
2590
2639
2591
2640
2592
2641
2593
2642
2594
2643
2595
2644
2596
2645
2597
2646
2598
2647
2599
2648
2649
4725
2601
2650
4029
2602
2651
2603
2652
2604
2653
2605
2654
2606
2655
2607
2656
2608
2657
2609
2658
2610
2659
2611
2660
2612
2661
2613
2662
2614
2663
2615
2664
2616
2665
2617
2666
2618
2667
2619
2668
2620
2669
2621
2670
2622
2671
2623
2672
2624
2673
2625
2674
2626
2675
2627
2676
2628
2677
2629
2678
2630
2679
2631
2680
2632
2681
2633
2682
2634
2683
2635
2684
2636
2685
2637
2686
2638
2687
2639
2688
2640
2689
2641
2690
2642
2691
2643
2692
2644
2693
2645
2694
2646
2695
2647
2696
2648
2697
2649
2698
2699
4750
2651
2700
4039
2652
2701
2653
2702
2654
2703
2655
2704
2656
2705
2657
2706
2658
2707
2659
2708
2660
2709
2661
2710
2662
2711
2663
2712
2664
2713
2665
2714
2666
2715
2667
2716
2668
2717
2669
2718
2670
2719
2671
2720
2672
2721
2673
2722
2674
2723
2675
2724
2676
2725
2677
2726
2678
2727
2679
2728
2680
2729
2681
2730
2682
2731
2683
2732
2684
2733
2685
2734
2686
2735
2687
2736
2688
2737
2689
2738
2690
2739
2691
2740
2692
2741
2693
2742
2694
2743
2695
2744
2696
2745
2697
2746
2698
2747
2699
2748
2749
4775
2701
2750
4049
2702
2751
2703
2752
2704
2753
2705
2754
2706
2755
2707
2756
2708
2757
2709
2758
2710
2759
2711
2760
2712
2761
2713
2762
2714
2763
2715
2764
2716
2765
2717
2766
2718
2767
2719
2768
2720
2769
2721
2770
2722
2771
2723
2772
2724
2773
2725
2774
2726
2775
2727
2776
2728
2777
2729
2778
2730
2779
2731
2780
2732
2781
2733
2782
2734
2783
2735
2784
2736
2785
2737
2786
2738
2787
2739
2788
2740
2789
2741
2790
2742
2791
2743
2792
2744
2793
2745
2794
2746
2795
2747
2796
2748
2797
2749
2798
2799
4800
2751
2800
4059
2752
2801
2753
2802
2754
2803
2755
2804
2756
2805
2757
2806
2758
2807
2759
2808
2760
2809
2761
2810
2762
2811
2763
2812
2764
2813
2765
2814
2766
2815
2767
2816
2768
2817
2769
2818
2770
2819
2771
2820
2772
2821
2773
2822
2774
2823
2775
2824
2776
2825
2777
2826
2778
2827
2779
2828
2780
2829
2781
2830
2782
2831
2783
2832
2784
2833
2785
2834
2786
2835
2787
2836
2788
2837
2789
2838
2790
2839
2791
2840
2792
2841
2793
2842
2794
2843
2795
2844
2796
2845
2797
2846
2798
2847
2799
2848
2849
2801
2850
4069
2802
2851
2803
2852
2804
2853
2805
2854
2806
2855
2807
2856
2808
2857
2809
2858
2810
2859
2811
2860
2812
2861
2813
2862
2814
2863
2815
2864
2816
2865
2817
2866
2818
2867
2819
2868
2820
2869
2821
2870
2822
2871
2823
2872
2824
2873
2825
2874
2826
2875
2827
2876
2828
2877
2829
2878
2830
2879
2831
2880
2832
2881
2833
2882
2834
2883
2835
2884
2836
2885
2837
2886
2838
2887
2839
2888
2840
2889
2841
2890
2842
2891
2843
2892
2844
2893
2845
2894
2846
2895
2847
2896
2848
2897
2849
2898
2899
2851
2900
4079
2852
2901
2853
2902
2854
2903
2855
2904
2856
2905
2857
2906
2858
2907
2859
2908
2860
2909
2861
2910
2862
2911
2863
2912
2864
2913
2865
2914
2866
2915
2867
2916
2868
2917
2869
2918
2870
2919
2871
2920
2872
2921
2873
2922
2874
2923
2875
2924
2876
2925
2877
2926
2878
2927
2879
2928
2880
2929
2881
2930
2882
2931
2883
2932
2884
2933
2885
2934
2886
2935
2887
2936
2888
2937
2889
2938
2890
2939
2891
2940
2892
2941
2893
2942
2894
2943
2895
2944
2896
2945
2897
2946
2898
2947
2899
2948
2949
2901
2950
4089
2902
2951
2903
2952
2904
2953
2905
2954
2906
2955
2907
2956
2908
2957
2909
2958
2910
2959
2911
2960
2912
2961
2913
2962
2914
2963
2915
2964
2916
2965
2917
2966
2918
2967
2919
2968
2920
2969
2921
2970
2922
2971
2923
2972
2924
2973
2925
2974
2926
2975
2927
2976
2928
2977
2929
2978
2930
2979
2931
2980
2932
2981
2933
2982
2934
2983
2935
2984
2936
2985
2937
2986
2938
2987
2939
2988
2940
2989
2941
2990
2942
2991
2943
2992
2944
2993
2945
2994
2946
2995
2947
2996
2948
2997
2949
2998
2999
2951
3000
4099
2952
3001
2953
3002
2954
3003
2955
3004
2956
3005
2957
3006
2958
3007
2959
3008
2960
3009
2961
3010
2962
3011
2963
3012
2964
3013
2965
3014
2966
3015
2967
3016
2968
3017
2969
3018
2970
3019
2971
3020
2972
3021
2973
3022
2974
3023
2975
3024
2976
3025
2977
3026
2978
3027
2979
3028
2980
3029
2981
3030
2982
3031
2983
3032
2984
3033
2985
3034
2986
3035
2987
3036
2988
3037
2989
3038
2990
3039
2991
3040
2992
3041
2993
3042
2994
3043
2995
3044
2996
3045
2997
3046
2998
3047
2999
3048
3049
3001
3050
4109
3002
3051
3003
3052
3004
3053
3005
3054
3006
3055
3007
3056
3008
3057
3009
3058
3010
3059
3011
3060
3012
3061
3013
3062
3014
3063
3015
3064
3016
3065
3017
3066
3018
3067
3019
3068
3020
3069
3021
3070
3022
3071
3023
3072
3024
3073
3025
3074
3026
3075
3027
3076
3028
3077
3029
3078
3030
3079
3031
3080
3032
3081
3033
3082
3034
3083
3035
3084
3036
3085
3037
3086
3038
3087
3039
3088
3040
3089
3041
3090
3042
3091
3043
3092
3044
3093
3045
3094
3046
3095
3047
3096
3048
3097
3049
3098
3099
3051
3100
4119
3052
3101
3053
3102
3054
3103
3055
3104
3056
3105
3057
3106
3058
3107
3059
3108
3060
3109
3061
3110
3062
3111
3063
3112
3064
3113
3065
3114
3066
3115
3067
3116
3068
3117
3069
3118
3070
3119
3071
3120
3072
3121
3073
3122
3074
3123
3075
3124
3076
3125
3077
3126
3078
3127
3079
3128
3080
3129
3081
3130
3082
3131
3083
3132
3084
3133
3085
3134
3086
3135
3087
3136
3088
3137
3089
3138
3090
3139
3091
3140
3092
3141
3093
3142
3094
3143
3095
3144
3096
3145
3097
3146
3098
3147
3099
3148
3149
3101
3150
4129
3102
3151
3103
3152
3104
3153
3105
3154
3106
3155
3107
3156
3108
3157
3109
3158
3110
3159
3111
3160
3112
3161
3113
3162
3114
3163
3115
3164
3116
3165
3117
3166
3118
3167
3119
3168
3120
3169
3121
3170
3122
3171
3123
3172
3124
3173
3125
3174
3126
3175
3127
3176
3128
3177
3129
3178
3130
3179
3131
3180
3132
3181
3133
3182
3134
3183
3135
3184
3136
3185
3137
3186
3138
3187
3139
3188
3140
3189
3141
3190
3142
3191
3143
3192
3144
3193
3145
3194
3146
3195
3147
3196
3148
3197
3149
3198
3199
3151
3200
4139
3152
3201
3153
3202
3154
3203
3155
3204
3156
3205
3157
3206
3158
3207
3159
3208
3160
3209
3161
3210
3162
3211
3163
3212
3164
3213
3165
3214
3166
3215
3167
3216
3168
3217
3169
3218
3170
3219
3171
3220
3172
3221
3173
3222
3174
3223
3175
3224
3176
3225
3177
3226
3178
3227
3179
3228
3180
3229
3181
3230
3182
3231
3183
3232
3184
3233
3185
3234
3186
3235
3187
3236
3188
3237
3189
3238
3190
3239
3191
3240
3192
3241
3193
3242
3194
3243
3195
3244
3196
3245
3197
3246
3198
3247
3199
3248
3249
3201
3250
4149
3202
3251
3203
3252
3204
3253
3205
3254
3206
3255
3207
3256
3208
3257
3209
3258
3210
3259
3211
3260
3212
3261
3213
3262
3214
3263
3215
3264
3216
3265
3217
3266
3218
3267
3219
3268
3220
3269
3221
3270
3222
3271
3223
3272
3224
3273
3225
3274
3226
3275
3227
3276
3228
3277
3229
3278
3230
3279
3231
3280
3232
3281
3233
3282
3234
3283
3235
3284
3236
3285
3237
3286
3238
3287
3239
3288
3240
3289
3241
3290
3242
3291
3243
3292
3244
3293
3245
3294
3246
3295
3247
3296
3248
3297
3249
3298
3299
3251
3300
4159
3252
3301
3253
3302
3254
3303
3255
3304
3256
3305
3257
3306
3258
3307
3259
3308
3260
3309
3261
3310
3262
3311
3263
3312
3264
3313
3265
3314
3266
3315
3267
3316
3268
3317
3269
3318
3270
3319
3271
3320
3272
3321
3273
3322
3274
3323
3275
3324
3276
3325
3277
3326
3278
3327
3279
3328
3280
3329
3281
3330
3282
3331
3283
3332
3284
3333
3285
3334
3286
3335
3287
3336
3288
3337
3289
3338
3290
3339
3291
3340
3292
3341
3293
3342
3294
3343
3295
3344
3296
3345
3297
3346
3298
3347
3299
3348
3349
3301
3350
4169
3302
3351
3303
3352
3304
3353
3305
3354
3306
3355
3307
3356
3308
3357
3309
3358
3310
3359
3311
3360
3312
3361
3313
3362
3314
3363
3315
3364
3316
3365
3317
3366
3318
3367
3319
3368
3320
3369
3321
3370
3322
3371
3323
3372
3324
3373
3325
3374
3326
3375
3327
3376
3328
3377
3329
3378
3330
3379
3331
3380
3332
3381
3333
3382
3334
3383
3335
3384
3336
3385
3337
3386
3338
3387
3339
3388
3340
3389
3341
3390
3342
3391
3343
3392
3344
3393
3345
3394
3346
3395
3347
3396
3348
3397
3349
3398
3399
3351
3400
4179
3352
3401
3353
3402
3354
3403
3355
3404
3356
3405
3357
3406
3358
3407
3359
3408
3360
3409
3361
3410
3362
3411
3363
3412
3364
3413
3365
3414
3366
3415
3367
3416
3368
3417
3369
3418
3370
3419
3371
3420
3372
3421
3373
3422
3374
3423
3375
3424
3376
3425
3377
3426
3378
3427
3379
3428
3380
3429
3381
3430
3382
3431
3383
3432
3384
3433
3385
3434
3386
3435
3387
3436
3388
3437
3389
3438
3390
3439
3391
3440
3392
3441
3393
3442
3394
3443
3395
3444
3396
3445
3397
3446
3398
3447
3399
3448
3449
3401
3450
4189
3402
3451
3403
3452
3404
3453
3405
3454
3406
3455
3407
3456
3408
3457
3409
3458
3410
3459
3411
3460
3412
3461
3413
3462
3414
3463
3415
3464
3416
3465
3417
3466
3418
3467
3419
3468
3420
3469
3421
3470
3422
3471
3423
3472
3424
3473
3425
3474
3426
3475
3427
3476
3428
3477
3429
3478
3430
3479
3431
3480
3432
3481
3433
3482
3434
3483
3435
3484
3436
3485
3437
3486
3438
3487
3439
3488
3440
3489
3441
3490
3442
3491
3443
3492
3444
3493
3445
3494
3446
3495
3447
3496
3448
3497
3449
3498
3499
3451
4199
3452
3453
3454
3455
3456
3457
3458
3459
3460
3461
3462
3463
3464
3465
3466
3467
3468
3469
3470
3471
3472
3473
3474
3475
3476
3477
3478
3479
3480
3481
3482
3483
3484
3485
3486
3487
3488
3489
3490
3491
3492
3493
3494
3495
3496
3497
3498
3499
3501
3510
3790
3502
3511
3791
3503
3512
3792
3504
3513
3793
3505
3514
3794
3506
3515
3795
3507
3516
3796
3508
3517
3797
3509
3518
3798
3519
3799
3511
3520
3512
3521
3513
3522
3514
3523
3515
3524
3516
3525
3517
3526
3518
3527
3519
3528
3529
3521
3530
3522
3531
3523
3532
3524
3533
3525
3534
3526
3535
3527
3536
3528
3537
3529
3538
3539
3531
3540
3532
3541
3533
3542
3534
3543
3535
3544
3536
3545
3537
3546
3538
3547
3539
3548
3549
3541
3550
3542
3551
3543
3552
3544
3553
3545
3554
3546
3555
3547
3556
3548
3557
3549
3558
3559
3551
3560
3552
3561
3553
3562
3554
3563
3555
3564
3556
3565
3557
3566
3558
3567
3559
3568
3569
3561
3570
3562
3571
3563
3572
3564
3573
3565
3574
3566
3575
3567
3576
3568
3577
3569
3578
3579
3571
3580
3572
3581
3573
3582
3574
3583
3575
3584
3576
3585
3577
3586
3578
3587
3579
3588
3589
3581
3590
3582
3591
3583
3592
3584
3593
3585
3594
3586
3595
3587
3596
3588
3597
3589
3598
3599
3591
3600
3592
3601
3593
3602
3594
3603
3595
3604
3596
3605
3597
3606
3598
3607
3599
3608
3609
3601
3610
3602
3611
3603
3612
3604
3613
3605
3614
3606
3615
3607
3616
3608
3617
3609
3618
3619
3611
3620
3612
3621
3613
3622
3614
3623
3615
3624
3616
3625
3617
3626
3618
3627
3619
3628
3629
3621
3630
3622
3631
3623
3632
3624
3633
3625
3634
3626
3635
3627
3636
3628
3637
3629
3638
3639
3631
3640
3632
3641
3633
3642
3634
3643
3635
3644
3636
3645
3637
3646
3638
3647
3639
3648
3649
3641
4199
3642
4198
3643
4197
3644
4196
3645
4195
3646
4194
3647
4193
3648
4192
3649
4191
4190
3651
3660
3809
3652
3661
3808
3653
3662
3807
3654
3663
3806
3655
3664
3805
3656
3665
3804
3657
3666
3803
3658
3667
3802
3659
3668
3801
3669
3800
3661
3670
3662
3671
3663
3672
3664
3673
3665
3674
3666
3675
3667
3676
3668
3677
3669
3678
3679
3671
3680
3672
3681
3673
3682
3674
3683
3675
3684
3676
3685
3677
3686
3678
3687
3679
3688
3689
3681
3690
3682
3691
3683
3692
3684
3693
3685
3694
3686
3695
3687
3696
3688
3697
3689
3698
3699
3691
3700
3692
3701
3693
3702
3694
3703
3695
3704
3696
3705
3697
3706
3698
3707
3699
3708
3709
3701
3710
3702
3711
3703
3712
3704
3713
3705
3714
3706
3715
3707
3716
3708
3717
3709
3718
3719
3711
3720
3712
3721
3713
3722
3714
3723
3715
3724
3716
3725
3717
3726
3718
3727
3719
3728
3729
3721
3730
3722
3731
3723
3732
3724
3733
3725
3734
3726
3735
3727
3736
3728
3737
3729
3738
3739
3731
3740
3732
3741
3733
3742
3734
3743
3735
3744
3736
3745
3737
3746
3738
3747
3739
3748
3749
3741
3750
3742
3751
3743
3752
3744
3753
3745
3754
3746
3755
3747
3756
3748
3757
3749
3758
3759
3751
3760
3752
3761
3753
3762
3754
3763
3755
3764
3756
3765
3757
3766
3758
3767
3759
3768
3769
3761
3770
3762
3771
3763
3772
3764
3773
3765
3774
3766
3775
3767
3776
3768
3777
3769
3778
3779
3771
3780
3772
3781
3773
3782
3774
3783
3775
3784
3776
3785
3777
3786
3778
3787
3779
3788
3789
3781
3790
3782
3791
3783
3792
3784
3793
3785
3794
3786
3795
3787
3796
3788
3797
3789
3798
3799
3791
3792
3793
3794
3795
3796
3797
3798
3799
3801
3810
3802
3811
3803
3812
3804
3813
3805
3814
3806
3815
3807
3816
3808
3817
3809
3818
3819
3811
3820
3812
3821
3813
3822
3814
3823
3815
3824
3816
3825
3817
3826
3818
3827
3819
3828
3829
3821
3830
3822
3831
3823
3832
3824
3833
3825
3834
3826
3835
3827
3836
3828
3837
3829
3838
3839
3831
3840
3832
3841
3833
3842
3834
3843
3835
3844
3836
3845
3837
3846
3838
3847
3839
3848
3849
3841
3850
3842
3851
3843
3852
3844
3853
3845
3854
3846
3855
3847
3856
3848
3857
3849
3858
3859
3851
3860
3852
3861
3853
3862
3854
3863
3855
3864
3856
3865
3857
3866
3858
3867
3859
3868
3869
3861
3870
3862
3871
3863
3872
3864
3873
3865
3874
3866
3875
3867
3876
3868
3877
3869
3878
3879
3871
3880
3872
3881
3873
3882
3874
3883
3875
3884
3876
3885
3877
3886
3878
3887
3879
3888
3889
3881
3890
3882
3891
3883
3892
3884
3893
3885
3894
3886
3895
3887
3896
3888
3897
3889
3898
3899
3891
3900
3892
3901
3893
3902
3894
3903
3895
3904
3896
3905
3897
3906
3898
3907
3899
3908
3909
3901
3910
3902
3911
3903
3912
3904
3913
3905
3914
3906
3915
3907
3916
3908
3917
3909
3918
3919
3911
3920
3912
3921
3913
3922
3914
3923
3915
3924
3916
3925
3917
3926
3918
3927
3919
3928
3929
3921
3930
3922
3931
3923
3932
3924
3933
3925
3934
3926
3935
3927
3936
3928
3937
3929
3938
3939
3931
3940
3932
3941
3933
3942
3934
3943
3935
3944
3936
3945
3937
3946
3938
3947
3939
3948
3949
3941
3950
3942
3951
3943
3952
3944
3953
3945
3954
3946
3955
3947
3956
3948
3957
3949
3958
3959
3951
3960
3952
3961
3953
3962
3954
3963
3955
3964
3956
3965
3957
3966
3958
3967
3959
3968
3969
3961
3970
3962
3971
3963
3972
3964
3973
3965
3974
3966
3975
3967
3976
3968
3977
3969
3978
3979
3971
3980
3972
3981
3973
3982
3974
3983
3975
3984
3976
3985
3977
3986
3978
3987
3979
3988
3989
3981
3990
3982
3991
3983
3992
3984
3993
3985
3994
3986
3995
3987
3996
3988
3997
3989
3998
3999
3991
4000
3992
4001
3993
4002
3994
4003
3995
4004
3996
4005
3997
4006
3998
4007
3999
4008
4009
4001
4010
4002
4011
4003
4012
4004
4013
4005
4014
4006
4015
4007
4016
4008
4017
4009
4018
4019
4011
4020
4012
4021
4013
4022
4014
4023
4015
4024
4016
4025
4017
4026
4018
4027
4019
4028
4029
4021
4030
4022
4031
4023
4032
4024
4033
4025
4034
4026
4035
4027
4036
4028
4037
4029
4038
4039
4031
4040
4032
4041
4033
4042
4034
4043
4035
4044
4036
4045
4037
4046
4038
4047
4039
4048
4049
4041
4050
4042
4051
4043
4052
4044
4053
4045
4054
4046
4055
4047
4056
4048
4057
4049
4058
4059
4051
4060
4052
4061
4053
4062
4054
4063
4055
4064
4056
4065
4057
4066
4058
4067
4059
4068
4069
4061
4070
4062
4071
4063
4072
4064
4073
4065
4074
4066
4075
4067
4076
4068
4077
4069
4078
4079
4071
4080
4072
4081
4073
4082
4074
4083
4075
4084
4076
4085
4077
4086
4078
4087
4079
4088
4089
4081
4090
4082
4091
4083
4092
4084
4093
4085
4094
4086
4095
4087
4096
4088
4097
4089
4098
4099
4091
4100
4092
4101
4093
4102
4094
4103
4095
4104
4096
4105
4097
4106
4098
4107
4099
4108
4109
4101
4110
4102
4111
4103
4112
4104
4113
4105
4114
4106
4115
4107
4116
4108
4117
4109
4118
4119
4111
4120
4112
4121
4113
4122
4114
4123
4115
4124
4116
4125
4117
4126
4118
4127
4119
4128
4129
4121
4130
4122
4131
4123
4132
4124
4133
4125
4134
4126
4135
4127
4136
4128
4137
4129
4138
4139
4131
4140
4132
4141
4133
4142
4134
4143
4135
4144
4136
4145
4137
4146
4138
4147
4139
4148
4149
4141
4150
4142
4151
4143
4152
4144
4153
4145
4154
4146
4155
4147
4156
4148
4157
4149
4158
4159
4151
4160
4152
4161
4153
4162
4154
4163
4155
4164
4156
4165
4157
4166
4158
4167
4159
4168
4169
4161
4170
4162
4171
4163
4172
4164
4173
4165
4174
4166
4175
4167
4176
4168
4177
4169
4178
4179
4171
4180
4172
4181
4173
4182
4174
4183
4175
4184
4176
4185
4177
4186
4178
4187
4179
4188
4189
4181
4190
4182
4191
4183
4192
4184
4193
4185
4194
4186
4195
4187
4196
4188
4197
4189
4198
4199
4191
4192
4193
4194
4195
4196
4197
4198
4199
4201
4225
4202
4226
4203
4227
4204
4228
4205
4229
4206
4230
4207
4231
4208
4232
4209
4233
4210
4234
4211
4235
4212
4236
4213
4237
4214
4238
4215
4239
4216
4240
4217
4241
4218
4242
4219
4243
4220
4244
4221
4245
4222
4246
4223
4247
4224
4248
4249
4226
4250
4227
4251
4228
4252
4229
4253
4230
4254
4231
4255
4232
4256
4233
4257
4234
4258
4235
4259
4236
4260
4237
4261
4238
4262
4239
4263
4240
4264
4241
4265
4242
4266
4243
4267
4244
4268
4245
4269
4246
4270
4247
4271
4248
4272
4249
4273
4274
4251
4275
4252
4276
4253
4277
4254
4278
4255
4279
4256
4280
4257
4281
4258
4282
4259
4283
4260
4284
4261
4285
4262
4286
4263
4287
4264
4288
4265
4289
4266
4290
4267
4291
4268
4292
4269
4293
4270
4294
4271
4295
4272
4296
4273
4297
4274
4298
4299
4276
4300
4277
4301
4278
4302
4279
4303
4280
4304
4281
4305
4282
4306
4283
4307
4284
4308
4285
4309
4286
4310
4287
4311
4288
4312
4289
4313
4290
4314
4291
4315
4292
4316
4293
4317
4294
4318
4295
4319
4296
4320
4297
4321
4298
4322
4299
4323
4324
4301
4325
4302
4326
4303
4327
4304
4328
4305
4329
4306
4330
4307
4331
4308
4332
4309
4333
4310
4334
4311
4335
4312
4336
4313
4337
4314
4338
4315
4339
4316
4340
4317
4341
4318
4342
4319
4343
4320
4344
4321
4345
4322
4346
4323
4347
4324
4348
4349
4326
4350
4327
4351
4328
4352
4329
4353
4330
4354
4331
4355
4332
4356
4333
4357
4334
4358
4335
4359
4336
4360
4337
4361
4338
4362
4339
4363
4340
4364
4341
4365
4342
4366
4343
4367
4344
4368
4345
4369
4346
4370
4347
4371
4348
4372
4349
4373
4374
4351
4375
4352
4376
4353
4377
4354
4378
4355
4379
4356
4380
4357
4381
4358
4382
4359
4383
4360
4384
4361
4385
4362
4386
4363
4387
4364
4388
4365
4389
4366
4390
4367
4391
4368
4392
4369
4393
4370
4394
4371
4395
4372
4396
4373
4397
4374
4398
4399
4376
4400
4377
4401
4378
4402
4379
4403
4380
4404
4381
4405
4382
4406
4383
4407
4384
4408
4385
4409
4386
4410
4387
4411
4388
4412
4389
4413
4390
4414
4391
4415
4392
4416
4393
4417
4394
4418
4395
4419
4396
4420
4397
4421
4398
4422
4399
4423
4424
4401
4425
4402
4426
4403
4427
4404
4428
4405
4429
4406
4430
4407
4431
4408
4432
4409
4433
4410
4434
4411
4435
4412
4436
4413
4437
4414
4438
4415
4439
4416
4440
4417
4441
4418
4442
4419
4443
4420
4444
4421
4445
4422
4446
4423
4447
4424
4448
4449
4426
4450
4427
4451
4428
4452
4429
4453
4430
4454
4431
4455
4432
4456
4433
4457
4434
4458
4435
4459
4436
4460
4437
4461
4438
4462
4439
4463
4440
4464
4441
4465
4442
4466
4443
4467
4444
4468
4445
4469
4446
4470
4447
4471
4448
4472
4449
4473
4474
4451
4475
4452
4476
4453
4477
4454
4478
4455
4479
4456
4480
4457
4481
4458
4482
4459
4483
4460
4484
4461
4485
4462
4486
4463
4487
4464
4488
4465
4489
4466
4490
4467
4491
4468
4492
4469
4493
4470
4494
4471
4495
4472
4496
4473
4497
4474
4498
4499
4476
4500
4477
4501
4478
4502
4479
4503
4480
4504
4481
4505
4482
4506
4483
4507
4484
4508
4485
4509
4486
4510
4487
4511
4488
4512
4489
4513
4490
4514
4491
4515
4492
4516
4493
4517
4494
4518
4495
4519
4496
4520
4497
4521
4498
4522
4499
4523
4524
4501
4525
4502
4526
4503
4527
4504
4528
4505
4529
4506
4530
4507
4531
4508
4532
4509
4533
4510
4534
4511
4535
4512
4536
4513
4537
4514
4538
4515
4539
4516
4540
4517
4541
4518
4542
4519
4543
4520
4544
4521
4545
4522
4546
4523
4547
4524
4548
4549
4526
4550
4527
4551
4528
4552
4529
4553
4530
4554
4531
4555
4532
4556
4533
4557
4534
4558
4535
4559
4536
4560
4537
4561
4538
4562
4539
4563
4540
4564
4541
4565
4542
4566
4543
4567
4544
4568
4545
4569
4546
4570
4547
4571
4548
4572
4549
4573
4574
4551
4575
4552
4576
4553
4577
4554
4578
4555
4579
4556
4580
4557
4581
4558
4582
4559
4583
4560
4584
4561
4585
4562
4586
4563
4587
4564
4588
4565
4589
4566
4590
4567
4591
4568
4592
4569
4593
4570
4594
4571
4595
4572
4596
4573
4597
4574
4598
4599
4576
4600
4577
4601
4578
4602
4579
4603
4580
4604
4581
4605
4582
4606
4583
4607
4584
4608
4585
4609
4586
4610
4587
4611
4588
4612
4589
4613
4590
4614
4591
4615
4592
4616
4593
4617
4594
4618
4595
4619
4596
4620
4597
4621
4598
4622
4599
4623
4624
4601
4625
4602
4626
4603
4627
4604
4628
4605
4629
4606
4630
4607
4631
4608
4632
4609
4633
4610
4634
4611
4635
4612
4636
4613
4637
4614
4638
4615
4639
4616
4640
4617
4641
4618
4642
4619
4643
4620
4644
4621
4645
4622
4646
4623
4647
4624
4648
4649
4626
4650
4627
4651
4628
4652
4629
4653
4630
4654
4631
4655
4632
4656
4633
4657
4634
4658
4635
4659
4636
4660
4637
4661
4638
4662
4639
4663
4640
4664
4641
4665
4642
4666
4643
4667
4644
4668
4645
4669
4646
4670
4647
4671
4648
4672
4649
4673
4674
4651
4675
4652
4676
4653
4677
4654
4678
4655
4679
4656
4680
4657
4681
4658
4682
4659
4683
4660
4684
4661
4685
4662
4686
4663
4687
4664
4688
4665
4689
4666
4690
4667
4691
4668
4692
4669
4693
4670
4694
4671
4695
4672
4696
4673
4697
4674
4698
4699
4676
4700
4677
4701
4678
4702
4679
4703
4680
4704
4681
4705
4682
4706
4683
4707
4684
4708
4685
4709
4686
4710
4687
4711
4688
4712
4689
4713
4690
4714
4691
4715
4692
4716
4693
4717
4694
4718
4695
4719
4696
4720
4697
4721
4698
4722
4699
4723
4724
4701
4725
4702
4726
4703
4727
4704
4728
4705
4729
4706
4730
4707
4731
4708
4732
4709
4733
4710
4734
4711
4735
4712
4736
4713
4737
4714
4738
4715
4739
4716
4740
4717
4741
4718
4742
4719
4743
4720
4744
4721
4745
4722
4746
4723
4747
4724
4748
4749
4726
4750
4727
4751
4728
4752
4729
4753
4730
4754
4731
4755
4732
4756
4733
4757
4734
4758
4735
4759
4736
4760
4737
4761
4738
4762
4739
4763
4740
4764
4741
4765
4742
4766
4743
4767
4744
4768
4745
4769
4746
4770
4747
4771
4748
4772
4749
4773
4774
4751
4775
4752
4776
4753
4777
4754
4778
4755
4779
4756
4780
4757
4781
4758
4782
4759
4783
4760
4784
4761
4785
4762
4786
4763
4787
4764
4788
4765
4789
4766
4790
4767
4791
4768
4792
4769
4793
4770
4794
4771
4795
4772
4796
4773
4797
4774
4798
4799
4776
4800
4777
4801
4778
4802
4779
4803
4780
4804
4781
4805
4782
4806
4783
4807
4784
4808
4785
4809
4786
4810
4787
4811
4788
4812
4789
4813
4790
4814
4791
4815
4792
4816
4793
4817
4794
4818
4795
4819
4796
4820
4797
4821
4798
4822
4799
4823
4824
4801
4802
4803
4804
4805
4806
4807
4808
4809
4810
4811
4812
4813
4814
4815
4816
4817
4818
4819
4820
4821
4822
4823
4824
)


// ************************************************************************* //
