/*--------------------------------*- C++ -*----------------------------------*\
| =========                 |                                                 |
| \\      /  F ield         | OpenFOAM: The Open Source CFD Toolbox           |
|  \\    /   O peration     | Version:  2.3.1                                 |
|   \\  /    A nd           | Web:      www.OpenFOAM.org                      |
|    \\/     M anipulation  |                                                 |
\*---------------------------------------------------------------------------*/
FoamFile
{
    version     2.0;
    format      ascii;
    class       volScalarField;
    location    "1000";
    object      ddt0(k);
}
// * * * * * * * * * * * * * * * * * * * * * * * * * * * * * * * * * * * * * //

dimensions      [0 2 -3 0 0 0 0];

internalField   nonuniform List<scalar> 
4825
(
-1.02286e-06
-1.02201e-06
-1.02217e-06
-1.02287e-06
-1.02268e-06
-1.02198e-06
-1.02105e-06
-1.0201e-06
-1.01916e-06
-1.01963e-06
-1.02353e-06
-1.02711e-06
-1.02848e-06
-1.0282e-06
-1.02226e-06
-1.01632e-06
-1.00749e-06
-1.00704e-06
-1.00808e-06
-1.00774e-06
-1.00765e-06
-1.01457e-06
-1.01091e-06
-1.0168e-06
-1.10241e-06
-1.16613e-06
-1.06028e-06
-9.55206e-07
-9.98355e-07
-1.00501e-06
-9.91183e-07
-1.1424e-06
-1.09285e-06
-6.7617e-07
-6.53561e-07
-1.50867e-06
-1.06124e-06
1.31786e-07
-9.17328e-08
-3.254e-06
-2.70604e-06
3.44124e-08
-1.20468e-06
-2.57995e-06
5.33878e-07
-8.29825e-07
-1.05278e-06
-1.23316e-07
-1.28169e-06
-1.13027e-06
-1.02057e-06
-1.02101e-06
-1.02119e-06
-1.02098e-06
-1.02084e-06
-1.01957e-06
-1.01894e-06
-1.01782e-06
-1.01912e-06
-1.0226e-06
-1.02402e-06
-1.02622e-06
-1.02908e-06
-1.02614e-06
-1.01882e-06
-1.01027e-06
-1.00574e-06
-1.00788e-06
-1.00626e-06
-1.00538e-06
-1.00744e-06
-1.01178e-06
-1.0214e-06
-1.05544e-06
-1.10322e-06
-1.17373e-06
-1.07076e-06
-9.40923e-07
-9.73904e-07
-1.01892e-06
-1.0178e-06
-1.07683e-06
-1.0139e-06
-5.86352e-07
-6.23998e-07
-1.47008e-06
-1.49807e-06
2.33089e-07
-9.38441e-08
-2.92214e-06
-2.822e-06
-8.04588e-07
-9.87173e-07
-3.03227e-06
-4.33368e-07
-1.6894e-06
-2.1722e-06
-1.83919e-07
-5.82473e-07
-8.35565e-08
-1.02071e-06
-1.02102e-06
-1.0218e-06
-1.02211e-06
-1.01958e-06
-1.01789e-06
-1.01709e-06
-1.01689e-06
-1.01693e-06
-1.01811e-06
-1.0222e-06
-1.03282e-06
-1.04018e-06
-1.03045e-06
-1.01836e-06
-1.00864e-06
-1.00189e-06
-1.00331e-06
-1.00379e-06
-1.0005e-06
-1.00218e-06
-1.00609e-06
-1.0209e-06
-1.05586e-06
-1.06748e-06
-1.13491e-06
-1.22083e-06
-9.28191e-07
-9.50629e-07
-1.02983e-06
-9.93039e-07
-1.08604e-06
-1.27964e-06
-6.90685e-07
-3.65789e-07
-1.12234e-06
-2.09846e-06
1.10425e-07
1.25077e-07
-2.14478e-06
-2.97535e-06
-1.28682e-06
-9.76534e-07
-2.63922e-06
-7.95041e-07
-1.2784e-06
-3.40977e-06
-9.83378e-07
1.22319e-06
9.28889e-07
-1.02052e-06
-1.02138e-06
-1.02181e-06
-1.02349e-06
-1.02005e-06
-1.0166e-06
-1.01534e-06
-1.01601e-06
-1.01649e-06
-1.01776e-06
-1.02104e-06
-1.03253e-06
-1.03864e-06
-1.0391e-06
-1.01762e-06
-1.00268e-06
-9.99627e-07
-1.00448e-06
-1.00835e-06
-9.94726e-07
-1.00081e-06
-1.01568e-06
-1.04263e-06
-1.03228e-06
-9.79944e-07
-1.06877e-06
-1.38596e-06
-1.0389e-06
-9.39297e-07
-1.02823e-06
-7.61306e-07
-9.52391e-07
-1.44865e-06
-1.46321e-06
-2.16343e-07
-3.65276e-07
-1.85231e-06
-1.58264e-06
1.33118e-06
-1.6602e-07
-2.45782e-06
-1.62683e-06
-1.18244e-06
-2.20888e-06
-9.29921e-07
-9.38697e-07
-3.41646e-06
-2.63423e-06
1.26792e-06
1.0285e-06
-1.02018e-06
-1.02064e-06
-1.02164e-06
-1.02474e-06
-1.0204e-06
-1.01566e-06
-1.01379e-06
-1.01417e-06
-1.0149e-06
-1.0165e-06
-1.0217e-06
-1.03302e-06
-1.03739e-06
-1.04217e-06
-1.02092e-06
-1.00082e-06
-9.9904e-07
-1.0096e-06
-1.00643e-06
-9.88335e-07
-9.98889e-07
-1.02027e-06
-1.03638e-06
-1.11589e-06
-9.7802e-07
-9.72989e-07
-1.12399e-06
-1.23462e-06
-9.68452e-07
-1.16955e-06
-8.49547e-07
-7.60332e-07
-9.28042e-07
-1.20552e-06
-1.38202e-06
-5.45555e-07
-1.04521e-06
-2.1916e-06
-1.07242e-07
1.09613e-07
-8.34945e-07
-7.7482e-07
-1.20122e-06
-1.85388e-06
-1.10735e-06
-3.16301e-07
-2.89524e-06
-3.9656e-06
7.37282e-07
2.06413e-06
-1.02071e-06
-1.02085e-06
-1.02103e-06
-1.02376e-06
-1.02212e-06
-1.01533e-06
-1.01354e-06
-1.01366e-06
-1.01434e-06
-1.01671e-06
-1.02134e-06
-1.0289e-06
-1.03893e-06
-1.03956e-06
-1.023e-06
-1.00115e-06
-1.00033e-06
-1.01083e-06
-1.00893e-06
-1.00877e-06
-9.9805e-07
-9.8223e-07
-1.01209e-06
-1.13022e-06
-1.06502e-06
-9.4639e-07
-1.01629e-06
-1.24079e-06
-1.02895e-06
-1.03422e-06
-1.15282e-06
-7.29512e-07
-7.80506e-07
-1.51311e-06
-1.25999e-06
-1.92578e-09
-7.23565e-07
-3.15393e-06
-5.38636e-07
-1.24569e-07
-1.60933e-06
2.70901e-07
-1.06619e-06
-1.41412e-06
-1.4561e-06
-5.94591e-08
-1.76271e-06
-4.0576e-06
-6.04379e-07
8.29385e-07
-1.02052e-06
-1.01964e-06
-1.01953e-06
-1.02127e-06
-1.02273e-06
-1.01696e-06
-1.01545e-06
-1.01741e-06
-1.0165e-06
-1.01799e-06
-1.02168e-06
-1.02099e-06
-1.02377e-06
-1.02885e-06
-1.03496e-06
-1.01112e-06
-1.00609e-06
-1.00685e-06
-1.01312e-06
-1.02524e-06
-1.01266e-06
-1.04211e-06
-9.79615e-07
-9.88127e-07
-1.11251e-06
-9.82871e-07
-1.00775e-06
-1.10253e-06
-1.06923e-06
-1.00737e-06
-1.02677e-06
-1.02697e-06
-9.21734e-07
-1.18624e-06
-1.08537e-06
-6.43659e-07
-9.65499e-07
-1.85045e-06
1.37386e-08
-2.35956e-06
-2.04385e-06
2.43384e-07
-7.79509e-07
-9.21601e-07
-1.86109e-06
-4.15731e-08
-8.4393e-07
-3.767e-06
-7.1502e-07
-2.03419e-06
-1.01991e-06
-1.0184e-06
-1.01818e-06
-1.01886e-06
-1.02127e-06
-1.01892e-06
-1.01793e-06
-1.01985e-06
-1.0207e-06
-1.01831e-06
-1.02032e-06
-1.02016e-06
-1.01352e-06
-1.01642e-06
-1.03499e-06
-1.03056e-06
-1.00114e-06
-1.00263e-06
-1.03648e-06
-1.03242e-06
-1.00162e-06
-1.04175e-06
-1.03289e-06
-9.77402e-07
-1.03252e-06
-1.01403e-06
-1.00181e-06
-1.11928e-06
-9.26489e-07
-9.73859e-07
-1.15767e-06
-1.09954e-06
-1.18831e-06
-3.61791e-07
-8.01982e-07
-1.96705e-06
-5.63359e-07
-1.76126e-06
-1.71093e-07
-3.9027e-07
-2.07203e-06
-9.6408e-07
-1.29246e-06
-4.33189e-07
-2.08959e-06
-7.46242e-07
-5.42577e-07
-1.77237e-06
-2.81269e-07
-3.58582e-06
-1.01935e-06
-1.0176e-06
-1.01687e-06
-1.01762e-06
-1.01929e-06
-1.0196e-06
-1.02109e-06
-1.02324e-06
-1.02508e-06
-1.01875e-06
-1.01626e-06
-1.0148e-06
-1.01159e-06
-1.01902e-06
-1.02241e-06
-1.02118e-06
-1.00919e-06
-1.02033e-06
-1.06318e-06
-1.015e-06
-1.02008e-06
-1.04633e-06
-1.02046e-06
-9.86052e-07
-9.83392e-07
-1.01157e-06
-1.04172e-06
-1.06407e-06
-8.847e-07
-1.08066e-06
-1.06121e-06
-8.98892e-07
-1.19236e-06
-5.29924e-07
-1.14832e-06
-1.70089e-06
-3.47569e-07
-1.87414e-06
-1.5374e-06
1.65949e-06
-1.99008e-06
-1.8477e-06
-1.0549e-06
-1.25198e-06
-7.22501e-07
-6.90848e-07
-1.02493e-06
-9.13466e-07
-7.14321e-07
-3.74773e-06
-1.01887e-06
-1.01734e-06
-1.01577e-06
-1.01725e-06
-1.01811e-06
-1.01981e-06
-1.02294e-06
-1.03048e-06
-1.02859e-06
-1.01839e-06
-1.01075e-06
-1.00813e-06
-1.00923e-06
-1.01499e-06
-1.01553e-06
-1.01209e-06
-1.02253e-06
-1.06561e-06
-1.04952e-06
-1.01882e-06
-1.05669e-06
-1.02724e-06
-9.85635e-07
-9.55019e-07
-9.84752e-07
-1.11082e-06
-1.02504e-06
-8.27547e-07
-8.93926e-07
-1.12524e-06
-8.03572e-07
-1.0859e-06
-1.22583e-06
-1.35795e-06
-1.56744e-06
9.4899e-08
-4.69536e-07
-3.05771e-06
7.53352e-07
-4.83975e-07
-3.38447e-06
-1.13004e-06
2.79265e-07
-9.7498e-07
-8.25159e-07
-1.055e-06
-7.76414e-07
-9.57495e-07
-1.12664e-06
-2.84892e-06
-1.01892e-06
-1.01783e-06
-1.01616e-06
-1.01734e-06
-1.01821e-06
-1.01978e-06
-1.02345e-06
-1.03188e-06
-1.0259e-06
-1.01838e-06
-1.01104e-06
-1.00762e-06
-1.00878e-06
-1.01303e-06
-1.01593e-06
-1.01212e-06
-1.0218e-06
-1.06865e-06
-1.05478e-06
-1.0334e-06
-1.05408e-06
-1.01934e-06
-9.51698e-07
-9.64392e-07
-1.04859e-06
-1.02575e-06
-9.39727e-07
-8.40202e-07
-9.38177e-07
-1.1165e-06
-1.09758e-06
-1.32395e-06
-9.97246e-07
-1.16163e-06
-7.7156e-07
-1.12223e-07
-1.62339e-06
-2.9741e-06
1.27552e-06
-2.00955e-06
-2.79301e-06
9.68238e-07
1.35047e-06
-1.62966e-06
-1.69908e-06
-1.12668e-06
-5.34662e-07
-8.14676e-07
-1.30216e-06
-2.36331e-06
-1.01915e-06
-1.01824e-06
-1.01673e-06
-1.01873e-06
-1.01945e-06
-1.02021e-06
-1.02258e-06
-1.0302e-06
-1.02418e-06
-1.01866e-06
-1.01154e-06
-1.01006e-06
-1.01045e-06
-1.01155e-06
-1.01416e-06
-1.01417e-06
-1.02376e-06
-1.06346e-06
-1.07012e-06
-1.04452e-06
-1.03311e-06
-9.94238e-07
-9.64941e-07
-1.00974e-06
-1.04892e-06
-9.58637e-07
-8.89737e-07
-9.31953e-07
-1.18186e-06
-9.96636e-07
-9.87099e-07
-1.26139e-06
-8.68659e-07
-7.84794e-07
-5.58092e-07
-8.86029e-07
-3.21306e-06
-7.79047e-07
7.12248e-07
-2.3163e-06
-1.86777e-06
1.56862e-06
9.2654e-07
-2.32937e-06
-2.16635e-06
-9.25946e-07
-9.23533e-08
-5.544e-07
-2.32135e-06
-2.5741e-06
-1.0195e-06
-1.01902e-06
-1.01841e-06
-1.01855e-06
-1.01953e-06
-1.02058e-06
-1.0233e-06
-1.02807e-06
-1.02307e-06
-1.01708e-06
-1.01556e-06
-1.01393e-06
-1.01116e-06
-1.01205e-06
-1.0141e-06
-1.01842e-06
-1.02912e-06
-1.07002e-06
-1.0671e-06
-1.03345e-06
-1.0245e-06
-9.86311e-07
-9.86536e-07
-1.0366e-06
-9.75338e-07
-9.37055e-07
-9.43601e-07
-1.01435e-06
-1.11146e-06
-9.19748e-07
-9.70568e-07
-1.2188e-06
-8.88381e-07
-9.03745e-07
-8.42854e-07
-1.33353e-06
-3.0169e-06
6.50137e-07
1.80832e-07
-3.39619e-06
4.47966e-07
1.68201e-06
-6.12427e-07
-3.06806e-06
-2.18854e-06
-2.91551e-07
5.16025e-07
-1.42885e-06
-3.25619e-06
-2.60328e-06
-1.02035e-06
-1.02028e-06
-1.01933e-06
-1.01844e-06
-1.01904e-06
-1.02178e-06
-1.02419e-06
-1.02403e-06
-1.02254e-06
-1.02004e-06
-1.01249e-06
-1.01259e-06
-1.01587e-06
-1.01665e-06
-1.01698e-06
-1.01905e-06
-1.02587e-06
-1.05413e-06
-1.0501e-06
-1.02443e-06
-1.01714e-06
-9.90059e-07
-9.9177e-07
-1.02241e-06
-9.85219e-07
-9.46719e-07
-9.60914e-07
-1.03118e-06
-1.07125e-06
-9.25011e-07
-9.66593e-07
-1.17629e-06
-9.5273e-07
-1.13058e-06
-9.22005e-07
-1.35522e-06
-2.48414e-06
2.43766e-07
-2.02435e-07
-3.04557e-06
7.43812e-07
1.03289e-06
-1.48135e-06
-3.07833e-06
-1.63381e-06
4.93142e-07
-5.65153e-08
-2.17634e-06
-2.40621e-06
-8.46888e-08
-1.01949e-06
-1.01986e-06
-1.02116e-06
-1.02317e-06
-1.02309e-06
-1.02301e-06
-1.02299e-06
-1.02372e-06
-1.02284e-06
-1.02073e-06
-1.0174e-06
-1.01185e-06
-1.01038e-06
-1.01233e-06
-1.01892e-06
-1.02309e-06
-1.02745e-06
-1.04093e-06
-1.06034e-06
-1.04334e-06
-1.03434e-06
-1.00465e-06
-1.00332e-06
-1.00753e-06
-9.95804e-07
-9.73302e-07
-9.73189e-07
-1.01051e-06
-1.01913e-06
-9.59459e-07
-9.45374e-07
-1.04045e-06
-9.86337e-07
-1.294e-06
-9.34433e-07
-1.19093e-06
-2.1196e-06
-2.2476e-07
-8.56971e-07
-1.87268e-06
1.37327e-06
6.23267e-07
-2.26995e-06
-3.48772e-06
-7.03947e-07
1.95532e-06
-5.6345e-07
-3.05937e-06
-2.77205e-06
-2.18607e-07
-1.01388e-06
-1.02054e-06
-1.04563e-06
-1.05502e-06
-1.05494e-06
-1.04471e-06
-1.03519e-06
-1.02469e-06
-1.02494e-06
-1.02662e-06
-1.04006e-06
-1.05363e-06
-1.03966e-06
-1.02749e-06
-1.02971e-06
-1.02806e-06
-1.02593e-06
-1.03794e-06
-1.03876e-06
-1.01806e-06
-1.03846e-06
-1.02866e-06
-1.02804e-06
-1.03428e-06
-1.02923e-06
-1.02276e-06
-1.09375e-06
-1.23112e-06
-9.67991e-07
-8.28072e-07
-9.85014e-07
-3.043e-07
1.04511e-07
3.69074e-07
1.07882e-06
8.02356e-07
1.75498e-06
-5.0579e-07
-2.70487e-06
-1.61295e-06
-4.09084e-06
-4.96859e-06
-5.26961e-06
-1.85124e-05
-2.37268e-05
-1.79897e-05
1.58772e-05
4.39964e-05
2.17657e-05
-1.12297e-05
-1.03583e-06
-1.08078e-06
-1.07637e-06
-1.05218e-06
-1.03349e-06
-1.01977e-06
-1.01724e-06
-1.02444e-06
-1.03341e-06
-1.04072e-06
-1.05491e-06
-1.03547e-06
-1.01996e-06
-1.0281e-06
-1.02969e-06
-1.0255e-06
-1.04213e-06
-1.06055e-06
-1.02084e-06
-1.01916e-06
-1.04782e-06
-1.02026e-06
-1.03487e-06
-1.03846e-06
-1.02448e-06
-1.04246e-06
-1.18957e-06
-1.17101e-06
-7.76058e-07
-7.79487e-07
-7.10246e-07
2.51701e-08
1.13449e-07
5.66645e-07
1.14545e-06
7.37069e-07
1.20592e-06
-2.72665e-06
-6.00904e-06
-6.34326e-06
-8.55348e-06
-1.05385e-05
-1.94416e-05
-2.17469e-05
-1.82201e-05
-5.26028e-06
2.20233e-05
2.69759e-05
-1.15296e-05
-4.10451e-05
-1.0221e-06
-1.08676e-06
-1.06556e-06
-1.03337e-06
-1.02011e-06
-1.01391e-06
-1.01844e-06
-1.03025e-06
-1.03956e-06
-1.0495e-06
-1.05294e-06
-1.02299e-06
-1.01457e-06
-1.03051e-06
-1.03168e-06
-1.02682e-06
-1.0507e-06
-1.04135e-06
-1.01119e-06
-1.04081e-06
-1.03372e-06
-1.0155e-06
-1.04677e-06
-1.04029e-06
-1.01106e-06
-1.03119e-06
-1.0773e-06
-8.76533e-07
-7.86773e-07
-7.57875e-07
-4.80033e-07
-5.3283e-07
-3.65979e-07
8.04033e-08
-1.8572e-08
-3.89329e-07
-1.17284e-06
-2.18211e-06
-4.64334e-06
-8.07527e-06
-7.31317e-06
-7.46974e-06
-9.50019e-06
-8.20806e-06
-6.0081e-06
1.13937e-06
-1.72701e-06
6.21652e-07
5.40228e-06
-5.71172e-06
-1.04734e-06
-1.03175e-06
-1.0196e-06
-1.01544e-06
-1.017e-06
-1.02061e-06
-1.03548e-06
-1.04907e-06
-1.05034e-06
-1.04513e-06
-1.02192e-06
-1.01486e-06
-1.01858e-06
-1.03599e-06
-1.0348e-06
-1.03248e-06
-1.03458e-06
-1.01044e-06
-1.01739e-06
-1.05114e-06
-1.02106e-06
-1.01573e-06
-1.0423e-06
-1.03919e-06
-1.00835e-06
-1.03222e-06
-9.77092e-07
-7.25732e-07
-8.82808e-07
-8.30055e-07
-4.10685e-07
-7.68009e-07
-4.04422e-07
6.39864e-08
-4.92208e-07
-7.75386e-07
-3.07464e-06
-2.33353e-06
-4.36102e-06
-7.41461e-06
-6.8712e-06
-6.12544e-06
-6.15347e-06
-5.35452e-06
-6.9377e-06
-5.58254e-06
-1.73898e-07
1.02367e-05
6.26896e-06
7.53509e-06
-1.0404e-06
-1.00641e-06
-1.00689e-06
-1.01517e-06
-1.02349e-06
-1.03826e-06
-1.0565e-06
-1.0514e-06
-1.03453e-06
-1.02483e-06
-1.01105e-06
-1.01662e-06
-1.03328e-06
-1.03017e-06
-1.02407e-06
-1.04047e-06
-1.02118e-06
-9.98495e-07
-1.03672e-06
-1.03567e-06
-1.00863e-06
-1.02538e-06
-1.01413e-06
-1.00411e-06
-1.03196e-06
-1.07429e-06
-8.50931e-07
-7.02166e-07
-1.0974e-06
-9.11902e-07
-3.53458e-07
-9.11431e-07
-7.12615e-07
-4.38904e-07
-2.12091e-06
-2.04189e-06
-2.71544e-06
-3.7448e-06
-3.61101e-06
-2.73722e-06
-4.81678e-06
-5.87062e-06
-2.7426e-06
-3.14336e-06
-3.38305e-06
3.06045e-07
1.4797e-08
-3.65364e-06
-3.88148e-06
-1.77527e-06
-1.05242e-06
-1.00685e-06
-1.01327e-06
-1.03159e-06
-1.04135e-06
-1.05416e-06
-1.04434e-06
-1.02106e-06
-1.01961e-06
-1.01799e-06
-1.01498e-06
-1.03407e-06
-1.05269e-06
-1.02353e-06
-1.01848e-06
-1.0342e-06
-1.02013e-06
-1.01568e-06
-1.03634e-06
-1.00645e-06
-1.01079e-06
-1.03606e-06
-1.00553e-06
-9.74092e-07
-1.0189e-06
-1.02611e-06
-8.26787e-07
-7.52479e-07
-8.92634e-07
-1.12395e-06
-6.28666e-07
-8.99084e-07
-1.53644e-06
-9.46863e-07
-1.34738e-06
-7.97759e-07
-4.03171e-07
-5.65456e-06
-3.61625e-06
-9.64495e-07
-3.34464e-06
-6.00531e-06
-2.68196e-06
-2.63223e-06
-4.05996e-06
-4.30078e-06
-3.27687e-06
1.13496e-06
1.86283e-06
1.52643e-06
-1.03553e-06
-1.03016e-06
-1.03503e-06
-1.04301e-06
-1.04372e-06
-1.03603e-06
-1.01383e-06
-1.01077e-06
-1.01739e-06
-1.02297e-06
-1.03051e-06
-1.04273e-06
-1.03577e-06
-1.02273e-06
-1.02061e-06
-1.02224e-06
-1.02819e-06
-1.04771e-06
-1.01454e-06
-1.00445e-06
-1.02655e-06
-1.02943e-06
-1.01539e-06
-9.70488e-07
-9.43444e-07
-8.81536e-07
-9.72441e-07
-1.0484e-06
-7.8551e-07
-8.46871e-07
-1.18152e-06
-7.46085e-07
-1.18572e-06
-8.8632e-07
-1.52158e-06
-3.04035e-06
-2.12902e-06
-4.08833e-06
-3.71391e-06
-3.33575e-06
-3.55554e-06
-1.45383e-06
-3.31686e-06
-1.2862e-06
-2.18165e-06
-1.28225e-06
2.08889e-06
-7.30569e-07
-4.49693e-06
1.13228e-06
-1.0269e-06
-1.05524e-06
-1.05628e-06
-1.04259e-06
-1.03561e-06
-1.01763e-06
-1.00824e-06
-1.01909e-06
-1.0279e-06
-1.03223e-06
-1.04146e-06
-1.03158e-06
-1.01074e-06
-1.02131e-06
-1.03785e-06
-1.02359e-06
-1.01762e-06
-1.01423e-06
-1.01385e-06
-1.04094e-06
-1.02517e-06
-9.96248e-07
-1.01038e-06
-1.02616e-06
-9.55761e-07
-8.70799e-07
-1.04715e-06
-1.39199e-06
-9.60332e-07
-7.37109e-07
-1.29662e-06
-1.21287e-06
-1.46724e-06
-1.63585e-06
-1.11376e-06
-2.22743e-06
-1.69434e-06
-4.8451e-07
-2.21649e-07
-5.92525e-06
-4.00503e-06
4.64734e-07
-2.66931e-06
-8.62209e-07
-1.61102e-06
-2.32623e-06
-2.82708e-06
-6.05684e-06
-2.03283e-07
-2.49056e-06
-1.04024e-06
-1.03747e-06
-1.03253e-06
-1.02052e-06
-1.01677e-06
-1.01435e-06
-1.02522e-06
-1.03907e-06
-1.03742e-06
-1.02461e-06
-1.02738e-06
-1.01717e-06
-1.00651e-06
-1.02039e-06
-1.0414e-06
-1.02315e-06
-1.00672e-06
-1.0056e-06
-1.0385e-06
-1.03212e-06
-1.01201e-06
-9.99778e-07
-9.97508e-07
-1.05333e-06
-1.1152e-06
-1.02838e-06
-9.28476e-07
-1.04534e-06
-1.40321e-06
-1.11524e-06
-1.38878e-06
-1.43131e-06
-7.89781e-07
-9.95256e-07
-7.38943e-07
-1.08873e-06
-1.43535e-06
-2.09283e-06
-2.69606e-06
-1.98776e-06
-5.71813e-06
-2.48635e-07
-1.31676e-06
-1.66697e-06
-1.71863e-06
-1.96561e-06
-1.74428e-08
1.05847e-06
2.28632e-07
-3.10628e-06
-1.03599e-06
-1.01254e-06
-1.00854e-06
-1.01693e-06
-1.01601e-06
-1.02655e-06
-1.04523e-06
-1.04186e-06
-1.02612e-06
-1.02436e-06
-1.01999e-06
-1.01472e-06
-1.02095e-06
-1.03316e-06
-1.01673e-06
-1.00986e-06
-1.0166e-06
-1.03891e-06
-1.03315e-06
-1.00104e-06
-1.01222e-06
-1.03843e-06
-1.02134e-06
-1.00299e-06
-1.06477e-06
-1.21992e-06
-1.0492e-06
-9.46174e-07
-1.06316e-06
-1.09874e-06
-1.16963e-06
-1.0592e-06
-6.48775e-07
-1.12244e-06
-2.00002e-06
-2.00048e-06
-5.85233e-07
-2.69028e-06
-5.13724e-06
-2.26486e-07
-7.44515e-07
-6.66014e-07
-9.12231e-07
-3.4099e-06
-2.41534e-06
-2.09042e-06
-4.29052e-08
-8.66794e-08
-5.02563e-06
1.57945e-06
-1.02803e-06
-1.01776e-06
-1.01694e-06
-1.02211e-06
-1.02217e-06
-1.02992e-06
-1.02759e-06
-1.01238e-06
-1.01755e-06
-1.03425e-06
-1.02265e-06
-1.01768e-06
-1.03516e-06
-1.03382e-06
-1.00867e-06
-1.00971e-06
-1.03127e-06
-1.03481e-06
-1.01089e-06
-1.01951e-06
-1.03277e-06
-1.03167e-06
-1.04566e-06
-1.04299e-06
-9.78141e-07
-1.01216e-06
-1.20048e-06
-1.04295e-06
-9.40603e-07
-9.94347e-07
-9.52288e-07
-1.13225e-06
-8.69901e-07
-1.56143e-06
-1.70922e-06
-1.15343e-06
-6.18771e-07
-6.24759e-07
-3.94121e-06
-3.26657e-06
-1.13708e-06
9.03328e-07
-1.31579e-06
-5.00661e-06
-5.36256e-06
-1.47112e-06
-7.83566e-07
3.68938e-07
-1.15634e-06
3.37944e-06
-1.02213e-06
-1.03023e-06
-1.03382e-06
-1.02897e-06
-1.03401e-06
-1.03057e-06
-1.01071e-06
-1.01074e-06
-1.01987e-06
-1.01616e-06
-1.01875e-06
-1.03234e-06
-1.0351e-06
-1.01425e-06
-1.01458e-06
-1.03064e-06
-1.0342e-06
-1.01306e-06
-1.01252e-06
-1.02394e-06
-1.02136e-06
-1.01304e-06
-1.01902e-06
-1.01279e-06
-9.80516e-07
-9.55178e-07
-9.81257e-07
-1.00079e-06
-1.01313e-06
-1.18901e-06
-9.37769e-07
-8.87265e-07
-1.1512e-06
-1.5697e-06
-1.0001e-06
-5.22329e-07
-1.80754e-06
-1.34237e-06
-2.32779e-06
-2.1205e-06
-1.7162e-06
-2.45625e-06
-3.61871e-06
-3.1278e-06
-2.3018e-06
-4.75343e-07
-1.03849e-06
-1.61375e-09
-2.40752e-06
-1.87929e-06
-1.02942e-06
-1.02465e-06
-1.02748e-06
-1.02641e-06
-1.02671e-06
-1.01862e-06
-1.01872e-06
-1.02677e-06
-1.02069e-06
-1.011e-06
-1.01885e-06
-1.02756e-06
-1.01601e-06
-1.01191e-06
-1.02654e-06
-1.03791e-06
-1.02356e-06
-1.01717e-06
-1.02313e-06
-1.0183e-06
-1.01119e-06
-1.01453e-06
-9.98747e-07
-9.84247e-07
-1.01632e-06
-9.69758e-07
-9.46651e-07
-9.52656e-07
-9.39976e-07
-9.63914e-07
-9.198e-07
-1.13978e-06
-1.40657e-06
-9.71572e-07
-6.98151e-07
-3.30907e-07
-2.78657e-06
-2.82e-06
-9.19711e-07
-6.59113e-07
3.23695e-07
-2.97038e-06
-2.32734e-06
-1.98201e-06
-1.07562e-06
-1.45136e-06
-1.92144e-06
-1.78137e-06
-2.36039e-06
-3.09639e-06
-1.02642e-06
-1.01965e-06
-1.01779e-06
-1.01964e-06
-1.01593e-06
-1.01602e-06
-1.02836e-06
-1.02892e-06
-1.02644e-06
-1.02466e-06
-1.02574e-06
-1.01812e-06
-1.0144e-06
-1.02456e-06
-1.03147e-06
-1.02003e-06
-1.02166e-06
-1.0295e-06
-1.02878e-06
-1.03147e-06
-1.03457e-06
-1.02692e-06
-1.02229e-06
-1.00642e-06
-1.01124e-06
-1.01566e-06
-9.80441e-07
-1.00707e-06
-9.33579e-07
-9.3075e-07
-9.49962e-07
-9.11426e-07
-9.46865e-07
-7.98675e-07
-1.22301e-06
-1.50144e-06
-1.00585e-06
-1.53787e-06
-5.38894e-07
-2.75681e-07
-8.62694e-07
-3.12205e-06
-2.40428e-06
-1.77708e-06
-2.47646e-06
-4.09238e-06
-2.08416e-06
-3.06419e-06
-2.22993e-06
-3.76611e-06
-1.02184e-06
-1.02211e-06
-1.02082e-06
-1.02004e-06
-1.01986e-06
-1.02302e-06
-1.0227e-06
-1.02025e-06
-1.02202e-06
-1.02727e-06
-1.02317e-06
-1.01871e-06
-1.02137e-06
-1.02377e-06
-1.01691e-06
-1.01282e-06
-1.01507e-06
-1.0216e-06
-1.02613e-06
-1.02707e-06
-1.03595e-06
-1.04523e-06
-1.06363e-06
-1.08806e-06
-1.04532e-06
-1.03052e-06
-9.88772e-07
-1.02916e-06
-1.0507e-06
-1.01e-06
-1.08724e-06
-8.97091e-07
-8.13752e-07
-9.05614e-07
-1.14723e-06
-1.41254e-06
-5.72612e-07
-8.05088e-07
-2.28252e-06
-1.78015e-06
-1.63172e-06
-5.39431e-07
-2.18226e-06
-1.62203e-06
7.23849e-07
-2.67957e-06
-9.7232e-07
-1.16652e-06
-1.14482e-06
-5.80554e-06
-4.31601e-05
1.5625e-05
5.99589e-05
3.16732e-05
-1.6583e-05
-3.28203e-05
-2.45368e-05
-5.41403e-06
-3.29088e-06
-2.22436e-06
2.18274e-06
3.03445e-06
9.99047e-07
-2.63802e-06
-3.2809e-07
1.75737e-06
5.50855e-07
9.32709e-07
1.1236e-06
-3.55637e-08
-7.80063e-07
-8.88696e-07
-1.13629e-06
-1.18305e-06
-1.10164e-06
-1.05487e-06
-1.04445e-06
-1.03204e-06
-1.02497e-06
-1.04109e-06
-1.02048e-06
-1.03094e-06
-1.03687e-06
-1.0306e-06
-1.03011e-06
-1.02965e-06
-1.02805e-06
-1.02654e-06
-1.05063e-06
-1.04774e-06
-1.03485e-06
-1.02706e-06
-1.02658e-06
-1.02681e-06
-1.03308e-06
-1.0525e-06
-1.08617e-06
-1.07089e-06
-1.05625e-06
-1.03376e-06
-1.96019e-05
8.4116e-05
0.00010858
4.81995e-05
-1.60577e-05
-3.58757e-05
-2.79077e-05
-1.72094e-05
-9.74896e-06
6.57768e-06
7.72451e-06
-2.25354e-06
-7.62818e-06
-8.32605e-06
-1.85427e-06
1.0104e-05
6.04495e-06
3.75876e-06
1.54396e-06
-6.76811e-07
-1.24794e-06
-1.27391e-06
-1.2304e-06
-1.15065e-06
-1.1044e-06
-1.1044e-06
-1.1515e-06
-1.15796e-06
-1.08418e-06
-1.06778e-06
-1.04944e-06
-1.03372e-06
-1.03654e-06
-1.03377e-06
-1.03147e-06
-1.02952e-06
-1.0287e-06
-1.02818e-06
-1.02842e-06
-1.04288e-06
-1.04855e-06
-1.03625e-06
-1.03278e-06
-1.02505e-06
-1.02136e-06
-1.02583e-06
-1.0382e-06
-1.07e-06
-1.07767e-06
-1.07406e-06
6.67578e-05
0.000140496
0.000147653
6.53503e-05
-1.59146e-05
-3.54808e-05
-2.90684e-05
-8.84826e-06
1.598e-05
1.42512e-05
-5.75822e-06
-1.47881e-05
-7.40589e-06
1.27202e-05
1.15197e-05
6.18753e-06
3.39898e-06
6.24834e-06
6.46886e-06
2.65157e-06
2.27275e-07
-8.30926e-07
-1.03264e-06
-1.17932e-06
-1.51731e-06
-1.48743e-06
-1.24526e-06
-1.03062e-06
-9.3642e-07
-9.76528e-07
-1.01809e-06
-1.02587e-06
-1.02991e-06
-1.03219e-06
-1.03264e-06
-1.03094e-06
-1.02963e-06
-1.02945e-06
-1.02936e-06
-1.03186e-06
-1.0406e-06
-1.03449e-06
-1.03715e-06
-1.04008e-06
-1.03114e-06
-1.0238e-06
-1.02651e-06
-1.04248e-06
-1.0547e-06
-1.07215e-06
-0.000158841
8.15351e-05
0.000171901
9.74597e-05
1.13768e-05
-1.96134e-05
-1.95926e-05
-8.96092e-07
1.96628e-05
-6.13017e-07
-1.28427e-05
2.32096e-06
1.89947e-05
8.30287e-06
-5.06623e-06
-7.20852e-06
1.39692e-06
2.50514e-05
1.15273e-05
4.46053e-06
1.41455e-06
1.01651e-07
-4.55385e-07
-1.06604e-06
-1.46643e-06
-1.51499e-06
-1.34784e-06
-1.17071e-06
-1.06805e-06
-1.04727e-06
-1.03416e-06
-1.01505e-06
-1.01199e-06
-1.02133e-06
-1.03012e-06
-1.03207e-06
-1.03148e-06
-1.03035e-06
-1.03014e-06
-1.0298e-06
-1.03327e-06
-1.03566e-06
-1.03687e-06
-1.04121e-06
-1.04658e-06
-1.03817e-06
-1.03541e-06
-1.03333e-06
-1.03822e-06
-1.04917e-06
-0.0122821
-0.00529449
-0.000911367
0.000452051
0.00037595
0.000156886
4.89399e-05
3.27421e-05
1.46295e-05
-1.6287e-05
1.03639e-05
1.63189e-05
6.29796e-07
-1.54275e-05
-1.45565e-05
-4.24525e-06
-8.27163e-07
3.5081e-06
8.92201e-06
1.52971e-05
1.23626e-05
8.72729e-06
3.53226e-06
-2.508e-07
-1.43515e-06
-1.66473e-06
-1.66907e-06
-1.61989e-06
-1.52594e-06
-1.34697e-06
-1.16127e-06
-1.0541e-06
-9.89553e-07
-9.74213e-07
-9.99166e-07
-1.01729e-06
-1.02758e-06
-1.03168e-06
-1.0326e-06
-1.03163e-06
-1.03182e-06
-1.03443e-06
-1.03586e-06
-1.04049e-06
-1.04426e-06
-1.04562e-06
-1.04111e-06
-1.03606e-06
-1.03572e-06
-1.03574e-06
-0.190198
-0.116321
-0.026963
0.0235478
0.019393
0.00880653
0.00289204
0.000821209
0.000194114
5.40594e-05
1.98182e-05
-1.51733e-05
-1.95917e-05
-1.20575e-05
-1.13482e-05
-7.17309e-06
1.38413e-06
9.15364e-06
8.93614e-06
1.29341e-05
1.27737e-05
9.9879e-06
9.75497e-06
5.06795e-06
7.80692e-07
-1.42334e-06
-3.04494e-06
-3.89025e-06
-3.58907e-06
-2.76923e-06
-1.96554e-06
-1.26461e-06
-8.92796e-07
-8.57124e-07
-9.05913e-07
-9.36278e-07
-9.77172e-07
-1.0114e-06
-1.03648e-06
-1.04955e-06
-1.04744e-06
-1.0426e-06
-1.03739e-06
-1.04144e-06
-1.04287e-06
-1.04317e-06
-1.04082e-06
-1.03722e-06
-1.03581e-06
-1.03472e-06
-0.52029
-0.410974
-0.303837
0.0820751
0.371143
0.170541
0.0672792
0.0204756
0.00532545
0.00126304
0.000268469
4.34812e-05
-1.65247e-05
-1.17829e-05
-3.83313e-06
-6.12073e-06
-1.93505e-05
-3.37277e-05
-5.73685e-05
-9.72257e-05
-0.000133383
-0.00014198
-5.83207e-05
2.7726e-06
2.32799e-05
1.6325e-05
2.30056e-06
-5.35229e-06
-1.01882e-05
-9.78098e-06
-5.49099e-06
-2.31604e-06
-1.54665e-06
-1.1433e-06
-5.59743e-07
-3.68051e-07
-5.33667e-07
-7.76276e-07
-9.74336e-07
-1.08142e-06
-1.12344e-06
-1.12565e-06
-1.08194e-06
-1.04703e-06
-1.03178e-06
-1.02805e-06
-1.03275e-06
-1.03548e-06
-1.03674e-06
-1.03688e-06
0.174658
-0.0406903
-0.373023
-0.504839
-0.127782
0.683814
0.434071
0.177989
0.0586453
0.0154837
0.00359876
0.000760488
0.000146409
1.26058e-05
-2.04203e-05
-5.02405e-05
-0.000174169
-0.000605536
-0.001797
-0.00451015
-0.00905013
-0.00727025
-0.0043493
0.00030098
0.00127596
0.00123276
0.000753108
0.00035937
0.000132529
3.85595e-05
4.13166e-06
-1.04072e-05
-1.96682e-05
-2.84503e-05
-2.72093e-05
-1.45245e-05
-1.88118e-06
3.28042e-06
3.19905e-06
1.45174e-06
-1.01375e-07
-1.04551e-06
-1.57339e-06
-1.5788e-06
-1.26893e-06
-1.03266e-06
-9.43909e-07
-9.49403e-07
-1.00901e-06
-1.04979e-06
0.129791
0.00105675
-0.0975471
-0.42686
-1.17619
-0.141177
0.30531
0.739601
0.260538
0.0848308
0.0228541
0.00536473
0.0011408
0.000161257
-6.5471e-05
-0.000458237
-0.00225923
-0.00847227
-0.0250548
-0.0476598
-0.0416143
-0.0279978
-0.0150923
-0.009514
0.0058407
0.0265258
0.0148085
0.00807718
0.00366668
0.00139528
0.00029887
-0.000116526
-0.000549656
-0.00161478
-0.00193911
-0.00107152
1.84415e-05
0.000314688
0.000342149
0.000229401
0.000101852
1.4291e-05
-2.46272e-05
-3.61339e-05
-4.02061e-05
-1.5834e-05
3.76806e-06
8.68694e-06
4.9215e-06
1.13504e-06
0.0649882
0.00106042
-0.0347754
-0.170107
-0.742185
-0.775121
-0.0464291
0.374708
0.636747
0.26832
0.0875077
0.02322
0.00530545
0.000688518
-0.000440691
-0.0049535
-0.0217166
-0.0545473
-0.0469045
-0.0172244
-0.000162696
0.00563636
0.00181371
-0.0333417
-0.0130071
-0.00375347
0.0137265
0.0402222
0.0253005
0.0119085
0.00246275
-0.000933055
-0.0075759
-0.0219084
-0.0136022
-0.0064119
-0.0026309
0.00711379
0.00645336
0.00398554
0.00158908
-6.03639e-05
-0.000692252
-0.001139
-0.00149942
-0.000813858
0.000633084
0.000546754
0.000238578
5.77624e-05
0.0775525
0.0154936
-0.0156817
-0.1232
-0.362141
-0.866094
-0.196789
0.0943368
0.530425
0.375231
0.190199
0.0745205
0.0195581
0.00207647
-0.00471503
-0.0346301
-0.100311
-0.0760689
-0.0167299
0.0209835
0.0615941
0.0239217
0.00439197
-0.0377093
-0.0574638
-0.0136125
-0.00548487
0.00608156
0.0484717
0.047194
0.00948521
-0.00703966
-0.0513257
-0.0220131
-0.00340499
-0.00112302
0.00069339
0.0062041
0.0214391
0.0173948
0.00339808
-0.00268039
-0.0105582
-0.0115362
-0.00504123
-0.00288243
0.00443822
0.00871411
0.00230237
-0.000308508
0.086473
0.0287626
-0.00843349
-0.103116
-0.284451
-0.519081
-0.286392
0.0349778
0.428286
0.320897
0.179986
0.0853438
0.030637
0.0017812
-0.0243116
-0.138988
-0.16457
-0.0407928
0.0160181
0.130002
0.0791948
0.021792
-0.00234943
-0.0903871
-0.0685705
-0.011457
0.00487594
0.0464998
0.0528351
0.0157752
-0.0103002
-0.0619447
-0.00615546
0.0205443
0.0160464
-0.000978058
-0.00394587
0.00110278
0.0162174
0.0021975
-0.00848919
-0.0237423
-0.00423087
0.00131933
0.0106673
0.0102508
0.00508261
-0.00069661
-0.00500842
-0.00736782
0.0946736
0.0361241
-0.000220042
-0.0699976
-0.251791
-0.303749
-0.244685
0.0164703
0.27965
0.283365
0.157381
0.075084
0.017667
-0.00303119
-0.0787282
-0.235587
-0.122349
-0.0194692
0.0304317
0.140584
0.109231
0.0385251
-0.00292923
-0.0910065
-0.089318
-0.0119443
0.0283436
0.0709979
0.0245082
-0.00358015
-0.054524
-0.0230455
0.00811292
0.0411612
0.00593381
-0.0125621
-0.0225774
0.00288619
0.0193464
0.000224464
-0.0107218
-0.00285537
0.00819271
0.000409166
-0.00325235
-0.00153391
0.00310539
-0.000392418
-0.000922614
0.000538414
0.0929631
0.032111
0.00437714
-0.019377
-0.222059
-0.220267
-0.151992
-0.0100144
0.156454
0.18053
0.111384
0.0536953
0.0107107
-0.0068171
-0.0804391
-0.236614
-0.136431
-0.0259589
0.00588207
0.0874016
0.13896
0.0893415
0.0250793
-0.00824161
-0.117782
-0.0603295
0.00581963
0.0603212
0.0252051
-0.000155214
-0.0338063
-0.0116136
0.000157284
0.0276461
0.0133293
-0.00292562
-0.0349686
-0.0106801
0.00471497
0.0144101
0.00336112
0.00526112
0.0104253
0.00122227
-0.00432555
-0.0150941
-0.00521593
-0.00163464
0.00767864
0.00792398
0.0608699
0.0122505
0.00247657
-0.00427256
-0.0654026
-0.259938
-0.119959
-0.0134248
0.0948956
0.0980712
0.0785745
0.0412135
0.00899441
-0.00262943
-0.0501917
-0.221825
-0.142781
-0.0379719
-0.0168292
0.040828
0.146584
0.105402
0.0445518
0.00479933
-0.0127395
-0.0713651
-0.0436226
-0.00181976
0.0108939
0.00364456
-0.00462416
-0.000793896
0.00311635
0.0102839
0.0284537
0.0138999
-0.0014812
-0.0142748
-0.0260333
-0.00927901
-0.00405571
-0.00102112
0.0100068
0.0161511
0.00451079
-0.00107714
-0.00315278
-0.00589095
-0.00327182
-0.00148545
0.0279021
0.00400058
0.000746396
-0.00101084
-0.0101637
-0.0880299
-0.220449
-0.0868149
-0.00569527
0.0948128
0.0814085
0.0444259
0.0138134
-0.000642055
-0.0334781
-0.209478
-0.107986
-0.0229453
0.0237877
0.136488
0.082165
0.0334182
0.0101981
0.00141912
-0.00143154
-0.010951
-0.0331488
-0.0320764
-0.0198977
-0.00788753
-0.00370898
0.00311061
0.0189665
0.0149259
0.00960186
0.00431696
0.000338246
-0.00118162
-0.00460593
-0.00604993
-0.00306266
-0.000826638
0.00242799
0.00179839
0.000898137
0.000106306
-0.000238898
-0.000356036
-0.000346422
-5.27681e-05
0.00859111
0.00154573
0.000406628
-0.000113316
-0.0010586
-0.00949249
-0.049199
-0.148477
-0.129458
-0.06993
-0.0219388
0.0277621
0.0152151
-0.00217996
-0.0999411
-0.0492949
-0.0127632
0.0645671
0.0858565
0.0435436
0.0178145
0.00597005
0.00167847
0.000249246
-0.000132265
-0.00122807
-0.00558243
-0.0136044
-0.0096693
-0.0059694
-0.00230369
0.00316512
0.00273493
0.0018548
0.00101153
0.000406989
4.03872e-05
-9.28719e-05
-0.000177275
-0.000221048
-0.00019428
-4.05031e-05
4.03299e-05
5.09039e-05
3.1811e-05
9.68357e-06
-4.49071e-06
-9.08359e-06
-8.27229e-06
-2.24189e-06
0.00204897
0.000246618
0.000125315
0.000106421
-0.000171835
-0.000754928
-0.00383197
-0.0124458
-0.0288375
-0.0743202
-0.114458
-0.0930459
-0.0653703
-0.0438917
-0.0293219
0.027412
0.0444709
0.0257971
0.0118955
0.00449433
0.0014855
0.000433664
0.000115299
1.31903e-05
-2.11031e-05
-6.96991e-05
-0.000232013
-0.000334185
-0.000349434
-0.000250213
-5.28174e-05
4.50035e-05
5.73559e-05
3.7281e-05
1.73263e-05
5.0249e-06
-7.19306e-07
-3.21893e-06
-4.53254e-06
-4.09148e-06
-2.28765e-06
-8.74346e-07
-4.61811e-07
-5.51409e-07
-7.93667e-07
-1.03398e-06
-1.16698e-06
-1.13346e-06
-1.06482e-06
-1.03755e-06
0.000312788
-3.6468e-05
-0.000165888
-9.88746e-05
-1.41118e-05
-0.00011706
-0.000271548
-0.000764079
-0.00205778
-0.00504347
-0.0083054
-0.0100923
-0.00944821
-0.00407718
3.28997e-05
0.00175654
0.00140764
0.000731141
0.000296539
9.53379e-05
2.82044e-05
2.45579e-07
-1.82168e-05
-1.33097e-05
5.14795e-06
3.12312e-05
9.42479e-06
2.46093e-06
3.21202e-07
1.247e-06
2.29097e-06
1.47713e-06
-1.88861e-09
-1.15372e-06
-1.71621e-06
-1.63469e-06
-1.46521e-06
-1.35903e-06
-1.15935e-06
-9.87905e-07
-9.35393e-07
-9.48934e-07
-9.82889e-07
-1.0229e-06
-1.04983e-06
-1.0576e-06
-1.05057e-06
-1.04434e-06
-1.03961e-06
-1.02982e-06
-3.01137e-05
3.20609e-05
3.74404e-05
-7.71369e-05
-8.99555e-05
-2.64483e-05
-4.73233e-05
-7.64707e-05
-9.80894e-05
-0.000128751
-0.000159669
-0.000193874
-0.00014001
-4.94074e-05
8.61393e-06
1.37775e-05
-1.68114e-06
-1.41069e-05
-1.72786e-05
-2.78397e-05
-3.03874e-05
-2.38166e-05
-3.58907e-06
-6.50512e-06
-4.01943e-06
2.79155e-06
3.39022e-06
1.79235e-06
8.62279e-07
2.67303e-07
-3.50647e-07
-8.18699e-07
-1.07035e-06
-1.16471e-06
-1.19366e-06
-1.17732e-06
-1.11478e-06
-1.05658e-06
-1.0337e-06
-1.01859e-06
-1.0151e-06
-1.02046e-06
-1.02455e-06
-1.03981e-06
-1.04433e-06
-1.04748e-06
-1.0438e-06
-1.03561e-06
-1.03161e-06
-1.02979e-06
-0.000160181
2.06657e-05
7.31636e-05
4.38222e-05
-2.12373e-05
-3.55056e-05
-1.12636e-05
-1.36604e-05
-2.13246e-05
-1.28468e-05
3.46312e-06
1.61762e-05
1.63143e-05
6.74942e-06
3.04377e-07
-5.16672e-07
-1.84363e-05
-2.50976e-05
-2.61752e-05
-2.46542e-05
-1.51048e-05
-1.00576e-05
-5.55452e-06
-2.65402e-06
-1.01911e-06
1.06432e-07
2.59811e-07
-2.26213e-07
-6.19148e-07
-8.31144e-07
-9.64952e-07
-1.05209e-06
-1.09039e-06
-1.08637e-06
-1.07541e-06
-1.06364e-06
-1.05505e-06
-1.03999e-06
-1.02952e-06
-1.02656e-06
-1.02777e-06
-1.03159e-06
-1.03413e-06
-1.04317e-06
-1.05104e-06
-1.04452e-06
-1.03831e-06
-1.0326e-06
-1.03256e-06
-1.03485e-06
1.59993e-06
-9.52035e-05
-3.65108e-05
6.95322e-07
1.01656e-07
-1.2117e-05
-5.92814e-06
-4.08694e-06
-5.1021e-06
4.95088e-07
1.09478e-05
1.93318e-05
1.56657e-05
6.96203e-06
-3.95445e-06
-1.78423e-06
-6.30724e-06
-1.39339e-05
-1.50259e-05
-1.29873e-05
-8.84141e-06
-4.88538e-06
-2.9979e-06
-1.6928e-06
-6.73106e-07
-3.57339e-07
-4.98718e-07
-7.61393e-07
-9.387e-07
-1.00544e-06
-1.03754e-06
-1.04635e-06
-1.04533e-06
-1.0438e-06
-1.04696e-06
-1.04352e-06
-1.03699e-06
-1.03249e-06
-1.02895e-06
-1.02993e-06
-1.03353e-06
-1.03656e-06
-1.03866e-06
-1.04586e-06
-1.04739e-06
-1.03637e-06
-1.0334e-06
-1.03206e-06
-1.03795e-06
-1.0514e-06
7.50283e-05
-1.30195e-05
-5.51172e-05
-4.45652e-05
-4.85233e-05
-5.33274e-05
-2.21192e-05
6.13457e-06
7.98266e-06
7.79552e-06
7.30292e-06
1.02837e-05
8.73332e-06
6.89026e-06
7.74068e-07
-8.06779e-06
-7.36441e-06
-8.47771e-06
-5.55634e-06
-3.95099e-06
-2.99631e-06
-2.25585e-06
-1.46455e-06
-1.08219e-06
-8.47791e-07
-6.91541e-07
-7.97559e-07
-9.28627e-07
-1.03239e-06
-1.04666e-06
-1.04388e-06
-1.02794e-06
-1.02108e-06
-1.03177e-06
-1.03622e-06
-1.03411e-06
-1.0307e-06
-1.03e-06
-1.02933e-06
-1.02951e-06
-1.04201e-06
-1.03559e-06
-1.04126e-06
-1.03917e-06
-1.03095e-06
-1.02275e-06
-1.02569e-06
-1.04375e-06
-1.05694e-06
-1.07325e-06
3.07003e-05
-1.84221e-05
-1.42054e-05
4.06301e-07
3.09766e-06
-8.472e-06
-2.72535e-05
-2.3455e-05
-8.26166e-07
1.49046e-05
2.27732e-05
1.89397e-05
1.22356e-05
1.26437e-06
-6.4972e-06
-1.03671e-05
-6.59024e-06
-9.21802e-07
-5.34124e-07
-1.17533e-06
-1.17941e-06
-1.28735e-06
-1.05924e-06
-8.56807e-07
-8.51619e-07
-8.76607e-07
-9.8247e-07
-1.02058e-06
-9.64796e-07
-1.00803e-06
-1.02581e-06
-1.02797e-06
-1.03598e-06
-1.03516e-06
-1.03293e-06
-1.0291e-06
-1.02805e-06
-1.02796e-06
-1.02803e-06
-1.04675e-06
-1.04922e-06
-1.0349e-06
-1.03308e-06
-1.02307e-06
-1.0203e-06
-1.02557e-06
-1.03861e-06
-1.0735e-06
-1.08121e-06
-1.07422e-06
4.15134e-05
5.28365e-06
-2.43683e-06
7.54227e-06
1.23155e-05
9.83231e-06
8.4735e-06
-4.67953e-06
-7.15122e-06
6.36253e-07
1.3179e-05
1.42486e-05
4.13249e-06
-3.16937e-06
-2.04215e-06
-4.26299e-06
-3.64058e-06
-2.61025e-06
-2.81137e-06
-1.9744e-06
-1.38979e-06
-1.14939e-06
-9.96858e-07
-1.05538e-06
-1.01244e-06
-9.81883e-07
-1.01186e-06
-1.01503e-06
-1.02825e-06
-1.05799e-06
-1.04162e-06
-1.03241e-06
-1.03986e-06
-1.03335e-06
-1.02874e-06
-1.02787e-06
-1.02686e-06
-1.02643e-06
-1.05175e-06
-1.04737e-06
-1.03293e-06
-1.02463e-06
-1.02663e-06
-1.024e-06
-1.03288e-06
-1.05561e-06
-1.08728e-06
-1.06975e-06
-1.05471e-06
-1.03236e-06
-6.01609e-06
1.78624e-05
2.96871e-06
-4.09006e-06
-3.53755e-06
-2.24671e-06
3.17056e-06
4.9711e-06
3.56802e-06
6.35123e-06
1.2896e-05
6.44247e-06
-1.09138e-06
-3.37768e-06
-3.44909e-06
-3.56072e-06
-2.47561e-06
-2.00751e-06
-1.71337e-06
-1.11345e-06
-1.24333e-06
-1.17483e-06
-8.64908e-07
-9.80112e-07
-1.01845e-06
-1.02326e-06
-1.04581e-06
-1.02763e-06
-1.04433e-06
-1.03441e-06
-1.01751e-06
-1.0355e-06
-1.04387e-06
-1.02495e-06
-1.0242e-06
-1.02845e-06
-1.02723e-06
-1.03893e-06
-1.05662e-06
-1.04054e-06
-1.024e-06
-1.02296e-06
-1.02446e-06
-1.03582e-06
-1.04609e-06
-1.05551e-06
-1.05533e-06
-1.04602e-06
-1.02082e-06
-1.01179e-06
-1.62178e-06
-9.76691e-07
-4.02744e-06
-9.37747e-06
-5.339e-06
-5.24975e-06
-7.01679e-06
-1.50324e-06
9.89817e-07
1.76792e-06
1.03967e-05
1.03078e-05
2.70803e-06
-1.72279e-06
-2.88697e-06
-3.26438e-06
-3.02093e-06
-2.38365e-06
-1.98372e-06
-1.29388e-06
-1.24255e-06
-1.3812e-06
-9.60134e-07
-9.09846e-07
-1.01908e-06
-1.00437e-06
-1.0484e-06
-1.02813e-06
-1.03029e-06
-1.04631e-06
-1.02053e-06
-1.01142e-06
-1.05224e-06
-1.04673e-06
-1.03151e-06
-1.02906e-06
-1.0239e-06
-1.02081e-06
-1.03751e-06
-1.05841e-06
-1.04112e-06
-1.03205e-06
-1.02307e-06
-1.016e-06
-1.02006e-06
-1.03425e-06
-1.05305e-06
-1.07709e-06
-1.0811e-06
-1.0357e-06
-2.48757e-06
2.22075e-06
-1.25665e-06
-3.9723e-06
-1.53492e-06
-3.30179e-06
-6.03206e-06
-5.56268e-07
3.67286e-06
2.40707e-06
1.19064e-06
5.25732e-06
2.65572e-06
-4.8161e-08
-1.27134e-06
-1.30547e-06
-2.12505e-06
-2.14379e-06
-1.59678e-06
-1.45556e-06
-1.24807e-06
-1.23135e-06
-1.16299e-06
-9.97608e-07
-1.0603e-06
-1.02082e-06
-1.02713e-06
-1.04753e-06
-1.00528e-06
-1.02421e-06
-1.03898e-06
-1.01275e-06
-1.02286e-06
-1.05047e-06
-1.03578e-06
-1.03137e-06
-1.02679e-06
-1.01651e-06
-1.02229e-06
-1.05631e-06
-1.04901e-06
-1.03943e-06
-1.02885e-06
-1.01713e-06
-1.0136e-06
-1.01983e-06
-1.03381e-06
-1.06664e-06
-1.08817e-06
-1.02152e-06
-3.27832e-06
-3.90536e-06
-3.30607e-06
-3.33765e-06
-1.16833e-06
-4.48704e-06
-5.25923e-06
-3.1357e-07
2.44832e-06
3.88697e-06
2.42006e-06
3.2987e-06
2.05346e-06
1.33568e-09
-8.18398e-07
-8.61018e-07
-1.7057e-06
-1.74914e-06
-1.34925e-06
-1.57462e-06
-1.22294e-06
-1.08138e-06
-1.23397e-06
-1.06751e-06
-1.0533e-06
-1.03186e-06
-1.01493e-06
-1.05125e-06
-1.00314e-06
-1.01785e-06
-1.04685e-06
-1.03242e-06
-1.01543e-06
-1.0333e-06
-1.03896e-06
-1.03582e-06
-1.03712e-06
-1.02183e-06
-1.0107e-06
-1.02112e-06
-1.05595e-06
-1.05389e-06
-1.04928e-06
-1.03513e-06
-1.0197e-06
-1.01603e-06
-1.01511e-06
-1.01911e-06
-1.0324e-06
-1.04775e-06
-7.38282e-07
-6.34903e-06
-1.44757e-06
-1.29912e-06
-3.02394e-06
-1.78737e-06
-1.28966e-07
-2.59157e-07
-1.9673e-06
-2.86284e-07
-3.32659e-07
1.74189e-06
2.37686e-06
7.41848e-07
-6.25475e-08
-6.02206e-07
-1.34437e-06
-6.92321e-07
-1.11565e-06
-1.93998e-06
-1.23418e-06
-1.01848e-06
-1.39354e-06
-1.20073e-06
-1.00043e-06
-1.03531e-06
-1.01256e-06
-1.02498e-06
-1.02365e-06
-1.02096e-06
-1.05329e-06
-1.05107e-06
-1.0182e-06
-1.02191e-06
-1.03519e-06
-1.03523e-06
-1.0414e-06
-1.03487e-06
-1.0135e-06
-1.00887e-06
-1.02535e-06
-1.03944e-06
-1.05532e-06
-1.05731e-06
-1.0376e-06
-1.02232e-06
-1.0148e-06
-1.00594e-06
-1.00594e-06
-1.04031e-06
1.73976e-06
-1.11369e-06
9.10211e-07
-1.87133e-08
-5.22265e-06
9.9228e-07
1.4261e-06
-1.15192e-06
-1.24895e-06
2.57271e-06
1.21786e-06
-1.94257e-06
1.23419e-06
2.43477e-07
-2.26933e-07
-1.02116e-06
-1.382e-06
-4.74013e-07
-1.08924e-06
-1.35675e-06
-1.01365e-06
-1.16323e-06
-1.36939e-06
-1.17181e-06
-1.00788e-06
-1.0431e-06
-1.03975e-06
-1.01758e-06
-1.05809e-06
-1.05672e-06
-1.02617e-06
-1.03137e-06
-1.02176e-06
-1.01598e-06
-1.02418e-06
-1.02698e-06
-1.0316e-06
-1.04663e-06
-1.03744e-06
-1.01459e-06
-1.01368e-06
-1.01842e-06
-1.02233e-06
-1.04898e-06
-1.05533e-06
-1.04201e-06
-1.03216e-06
-1.01332e-06
-1.00649e-06
-1.05086e-06
1.83601e-07
3.92716e-07
-1.32036e-06
-1.43112e-07
-1.99155e-06
6.88834e-07
1.09064e-06
-3.64053e-06
-3.47147e-06
2.88977e-06
5.24818e-07
1.11002e-06
2.09745e-06
-1.58291e-07
-1.17975e-07
-3.43942e-07
-7.74386e-07
-9.47482e-07
-1.40485e-06
-8.20818e-07
-1.0699e-06
-1.29999e-06
-8.89621e-07
-1.02898e-06
-1.14823e-06
-1.11388e-06
-1.10069e-06
-1.05823e-06
-1.05473e-06
-1.02584e-06
-1.01059e-06
-1.01418e-06
-1.03987e-06
-1.02642e-06
-1.02118e-06
-1.02206e-06
-1.0227e-06
-1.03787e-06
-1.04972e-06
-1.03258e-06
-1.01862e-06
-1.01491e-06
-1.01025e-06
-1.01469e-06
-1.03819e-06
-1.04753e-06
-1.04493e-06
-1.03712e-06
-1.03098e-06
-1.03563e-06
-6.87877e-06
-3.73793e-06
-5.5001e-06
-5.29594e-07
4.20414e-08
-1.39069e-06
-1.38838e-06
3.31819e-07
-2.70281e-07
-1.70202e-07
-2.20629e-06
2.46456e-06
5.117e-07
-2.18255e-06
-1.57566e-07
-2.53441e-07
-4.30406e-07
-6.71523e-07
-7.21938e-07
-7.77231e-07
-1.37297e-06
-9.27814e-07
-7.65332e-07
-1.02097e-06
-1.1968e-06
-1.09092e-06
-1.06477e-06
-1.07615e-06
-1.009e-06
-9.96921e-07
-1.02315e-06
-1.03845e-06
-1.04423e-06
-1.03656e-06
-1.02932e-06
-1.02326e-06
-1.02023e-06
-1.02131e-06
-1.03903e-06
-1.04316e-06
-1.03369e-06
-1.0271e-06
-1.01962e-06
-1.00781e-06
-1.01834e-06
-1.03721e-06
-1.04379e-06
-1.05882e-06
-1.05714e-06
-1.02821e-06
2.13129e-06
6.73727e-07
-1.05873e-06
-2.22987e-06
4.22087e-08
-4.7732e-06
-4.5749e-06
1.45233e-07
5.59493e-07
1.23097e-06
1.30546e-06
1.82894e-06
-9.686e-07
-3.79333e-07
1.54909e-07
-1.26869e-06
-1.30183e-06
-1.04431e-06
-6.20333e-07
-6.65362e-07
-9.5767e-07
-8.13915e-07
-8.98664e-07
-1.15158e-06
-9.65067e-07
-9.67795e-07
-9.85086e-07
-1.00917e-06
-1.03052e-06
-1.03225e-06
-1.04087e-06
-1.04463e-06
-1.0242e-06
-1.028e-06
-1.03584e-06
-1.02826e-06
-1.02045e-06
-1.01297e-06
-1.01638e-06
-1.03132e-06
-1.0324e-06
-1.04119e-06
-1.04149e-06
-1.0257e-06
-1.01491e-06
-1.01581e-06
-1.0205e-06
-1.03279e-06
-1.0395e-06
-1.04164e-06
-4.71687e-06
-3.27986e-07
1.18451e-06
-2.38091e-06
-4.73702e-07
1.02256e-06
-9.00879e-08
-1.24666e-06
-2.09738e-06
-2.58796e-07
1.7017e-06
-5.49089e-07
-1.20379e-06
1.24689e-07
4.53941e-08
-3.79303e-07
-6.43643e-07
-1.70766e-06
-9.91418e-07
-8.14254e-07
-8.82405e-07
-8.85638e-07
-1.14117e-06
-9.60102e-07
-9.13495e-07
-9.57257e-07
-9.92541e-07
-9.98738e-07
-1.06068e-06
-1.05866e-06
-1.0246e-06
-1.00685e-06
-1.01254e-06
-1.02168e-06
-1.02134e-06
-1.03562e-06
-1.03291e-06
-1.01852e-06
-1.01086e-06
-1.02075e-06
-1.02787e-06
-1.03048e-06
-1.0421e-06
-1.04775e-06
-1.02754e-06
-1.01651e-06
-1.01753e-06
-1.00797e-06
-1.01234e-06
-1.03626e-06
-4.49274e-06
-8.81789e-06
-2.64933e-06
6.23057e-08
-2.37034e-06
1.81589e-06
3.53302e-08
-1.12641e-06
-9.62179e-07
-6.58243e-07
5.69055e-07
8.45496e-07
2.42203e-07
-1.18699e-06
-1.72805e-06
-4.30971e-07
-4.61789e-07
-9.84009e-07
-9.5286e-07
-1.10797e-06
-1.00399e-06
-1.0827e-06
-1.01934e-06
-9.16236e-07
-9.73265e-07
-1.06173e-06
-1.03902e-06
-1.02754e-06
-1.01788e-06
-1.02173e-06
-1.01181e-06
-1.00895e-06
-1.02751e-06
-1.03105e-06
-1.01715e-06
-1.01791e-06
-1.03118e-06
-1.03472e-06
-1.02164e-06
-1.0233e-06
-1.03127e-06
-1.01679e-06
-1.01212e-06
-1.02856e-06
-1.03042e-06
-1.02395e-06
-1.02367e-06
-1.01764e-06
-1.01689e-06
-1.02745e-06
-1.31986e-06
-3.51041e-07
-2.40517e-06
8.02784e-07
1.38125e-06
-4.18757e-07
-3.872e-07
-2.04525e-06
-1.25033e-06
-2.51575e-07
-1.61195e-07
1.36025e-06
4.72272e-07
-9.16778e-07
-1.48762e-06
-8.02911e-07
-5.53908e-07
-8.15555e-07
-1.11074e-06
-1.14774e-06
-9.23997e-07
-1.04798e-06
-1.01767e-06
-1.00963e-06
-1.15492e-06
-1.07953e-06
-1.03726e-06
-1.026e-06
-1.00905e-06
-1.01878e-06
-1.04051e-06
-1.03807e-06
-1.02488e-06
-1.02074e-06
-1.02764e-06
-1.01829e-06
-1.01806e-06
-1.03208e-06
-1.03705e-06
-1.02247e-06
-1.01569e-06
-1.01856e-06
-1.01085e-06
-1.01016e-06
-1.03007e-06
-1.03353e-06
-1.02896e-06
-1.03459e-06
-1.0314e-06
-1.02258e-06
1.39366e-06
2.30701e-06
6.52448e-07
-1.3674e-06
-4.96924e-08
-6.81203e-07
1.77871e-06
1.38422e-06
3.41401e-07
-1.53496e-06
-2.12812e-06
5.32038e-07
-2.89194e-07
-1.2563e-07
-7.98769e-07
-1.41085e-06
-8.65318e-07
-7.9758e-07
-9.93634e-07
-1.08184e-06
-1.03305e-06
-1.14123e-06
-1.1022e-06
-1.13957e-06
-1.05181e-06
-1.02191e-06
-1.05741e-06
-1.05178e-06
-1.03561e-06
-1.03413e-06
-1.02612e-06
-1.03125e-06
-1.02069e-06
-1.01676e-06
-1.0231e-06
-1.02687e-06
-1.01678e-06
-1.01612e-06
-1.02432e-06
-1.01697e-06
-1.01203e-06
-1.02235e-06
-1.02733e-06
-1.0168e-06
-1.01906e-06
-1.02638e-06
-1.02596e-06
-1.0274e-06
-1.02569e-06
-1.03091e-06
4.72147e-07
1.48523e-06
1.03525e-06
-2.21467e-06
-4.25774e-06
-9.18582e-07
1.9605e-06
1.88788e-06
6.613e-07
-2.63205e-06
-6.71095e-07
-2.56289e-06
-1.90688e-06
2.91204e-07
-6.24318e-07
-1.03853e-06
-1.44509e-06
-1.12766e-06
-1.0031e-06
-1.07716e-06
-1.23067e-06
-1.08435e-06
-1.05082e-06
-1.05325e-06
-1.00984e-06
-1.02638e-06
-1.01091e-06
-1.01375e-06
-1.01796e-06
-1.00633e-06
-1.00648e-06
-1.01419e-06
-1.02476e-06
-1.01986e-06
-1.01834e-06
-1.02372e-06
-1.02497e-06
-1.01808e-06
-1.01591e-06
-1.02389e-06
-1.02609e-06
-1.02564e-06
-1.02885e-06
-1.02775e-06
-1.01611e-06
-1.0158e-06
-1.01982e-06
-1.01697e-06
-1.01897e-06
-1.02589e-06
6.17819e-07
-4.69921e-07
-2.20905e-06
-2.54053e-06
6.01555e-07
1.35425e-07
-4.84847e-07
-2.65797e-06
-1.09412e-06
7.94116e-07
-7.40506e-08
-1.64521e-06
-6.68927e-07
-5.82344e-07
-1.21711e-06
-9.17217e-07
-1.23077e-06
-1.20865e-06
-1.19914e-06
-1.08764e-06
-9.76964e-07
-9.973e-07
-1.00507e-06
-9.99356e-07
-9.86982e-07
-9.93954e-07
-9.93225e-07
-1.00078e-06
-1.00246e-06
-1.00227e-06
-1.0125e-06
-1.01621e-06
-1.0238e-06
-1.02975e-06
-1.0298e-06
-1.02507e-06
-1.02765e-06
-1.02322e-06
-1.01842e-06
-1.02133e-06
-1.02418e-06
-1.02009e-06
-1.0198e-06
-1.02394e-06
-1.02292e-06
-1.01972e-06
-1.01985e-06
-1.02062e-06
-1.02144e-06
-1.02158e-06
-3.65271e-06
-4.96482e-06
-3.94612e-06
4.45938e-06
3.51765e-06
-8.36163e-06
-8.14087e-06
1.88914e-06
2.50942e-06
2.25753e-05
-3.22101e-06
-7.00481e-06
-4.29595e-06
3.92439e-06
5.053e-06
8.33371e-07
-4.87571e-06
-7.49506e-06
-2.75873e-06
2.36722e-05
-2.84411e-06
-7.04155e-06
-3.97503e-06
-1.00255e-06
3.28127e-06
3.36527e-06
1.34287e-06
-3.4709e-06
-2.06928e-07
2.45504e-05
-2.62455e-06
-4.29902e-06
-4.0241e-06
-3.84178e-06
2.13827e-06
3.9146e-06
2.18908e-06
-2.2132e-06
3.23384e-06
2.56349e-05
-1.59824e-06
-2.43499e-06
-5.1846e-06
-7.25548e-06
3.63459e-07
5.43312e-06
4.82997e-06
9.73702e-07
7.5079e-07
1.8148e-05
-5.21783e-07
1.19476e-06
-2.82837e-06
-8.01423e-06
-1.30437e-06
2.24722e-06
1.68751e-06
-1.7966e-06
-4.06722e-06
1.40886e-05
2.23713e-07
3.46847e-06
-3.72484e-06
-7.20851e-06
4.83264e-07
4.1226e-06
2.42941e-06
-3.78813e-06
-4.06823e-05
-2.05848e-05
3.37256e-07
2.05002e-06
-3.46201e-06
-3.37158e-06
6.46814e-07
4.68763e-07
-2.95821e-07
-6.34444e-07
-6.15196e-05
-2.30691e-05
-7.25112e-07
2.67601e-06
-2.04237e-06
-2.17529e-06
-1.15272e-06
-3.02243e-06
-3.79765e-06
-6.29791e-06
-5.59904e-05
-2.72827e-05
-1.08306e-06
3.05545e-06
-2.48783e-06
-5.79568e-06
-4.42252e-07
-8.49165e-07
-1.67542e-06
-1.63293e-06
4.58551e-06
1.9747e-06
-1.2368e-06
2.48124e-06
-7.18709e-07
-7.22117e-06
-6.49138e-07
6.51478e-07
-8.32614e-07
-1.45219e-06
2.21147e-05
5.34931e-06
9.99375e-08
2.5412e-06
-2.44344e-06
-6.11949e-06
-2.51482e-07
2.87216e-07
-1.07974e-06
-4.58949e-06
-1.86762e-05
3.16797e-06
1.93736e-06
4.791e-06
-4.34934e-07
-9.30199e-06
-1.43708e-06
-1.28191e-06
-2.16987e-06
-2.33011e-06
2.05347e-05
-7.13718e-06
2.64057e-06
1.00987e-06
-8.12447e-06
-8.89933e-06
-2.97696e-06
7.50451e-07
-1.01398e-06
-4.72781e-06
1.94046e-05
2.84095e-05
2.33346e-06
1.27119e-06
-5.72484e-06
-7.60412e-06
-2.24377e-06
2.22895e-06
1.05162e-05
2.57409e-05
2.28548e-05
1.23183e-05
-3.40338e-05
-3.8532e-05
-4.48164e-05
-1.42961e-05
-4.70537e-05
-8.44341e-06
-0.000179842
-0.000669299
-0.00337137
-0.0157482
-1.62623e-05
-2.37986e-05
-3.51083e-05
-5.40044e-05
-0.000111335
-0.00013954
5.10674e-05
-2.88043e-05
-7.78678e-05
-4.41806e-05
-2.77948e-06
-7.13845e-06
-2.21641e-05
-3.13622e-05
-2.93543e-05
-7.30392e-05
-0.000174036
-1.09064e-05
-4.05825e-05
6.06845e-06
7.06668e-06
3.12063e-06
-1.16438e-06
-2.31476e-06
-8.93475e-06
-2.55959e-05
-8.5052e-05
-0.000143869
-6.67531e-05
5.73472e-06
3.85284e-06
7.33303e-07
-1.54941e-07
1.92986e-06
2.78782e-06
-2.00646e-05
-6.42487e-05
-0.000215653
2.30576e-05
2.52757e-06
-1.27743e-06
-1.29331e-05
-1.48077e-05
-1.28885e-05
3.42374e-06
-1.27247e-05
-3.56926e-05
3.50911e-05
0.000117381
9.78599e-06
-2.53944e-06
-3.6273e-06
-6.19519e-06
-8.23882e-06
-2.37401e-05
-1.02363e-05
6.69571e-06
-0.000115402
-4.83686e-06
1.64254e-05
-3.33491e-06
-1.01059e-06
-4.94143e-06
2.33579e-06
-1.8616e-06
-8.34434e-06
1.13101e-05
7.01393e-05
-4.73779e-06
4.2021e-05
-2.92752e-06
-2.83346e-06
-2.44813e-06
-3.89924e-06
-8.18211e-06
-5.85351e-06
-1.85293e-05
-3.62638e-05
9.00074e-06
5.24209e-05
4.59721e-07
-8.54203e-06
-1.17441e-06
2.41771e-07
-2.05286e-06
-3.736e-06
-3.24055e-05
-5.2118e-05
1.69387e-05
5.48407e-05
3.12746e-07
5.00206e-06
8.51154e-07
-4.77139e-06
-2.48775e-06
-5.86515e-06
2.68354e-05
5.99902e-05
2.47371e-05
3.99595e-05
2.46065e-06
2.53647e-06
-2.96278e-06
-3.44302e-07
-1.00116e-06
-2.81475e-06
-1.30084e-05
-1.38255e-05
9.91904e-06
3.17506e-05
2.78637e-06
3.57985e-06
3.14119e-07
1.60678e-06
-2.41464e-06
-4.05791e-06
-9.6788e-06
-1.23581e-05
1.41611e-05
2.8665e-05
1.86739e-06
5.85481e-07
3.2735e-07
3.78319e-06
-5.20218e-06
-4.58876e-06
2.02912e-06
2.1963e-05
8.20395e-06
2.28405e-05
-5.46965e-06
-4.48184e-06
-7.19626e-07
-2.03918e-07
1.70547e-08
-3.37067e-06
-1.25455e-05
-3.56116e-05
-3.89295e-06
2.19918e-05
-0.00961325
-0.0105626
-0.0027043
-0.000747356
-0.000240012
-5.97392e-05
-2.71835e-05
-2.89714e-06
-0.000116056
-9.65861e-05
-0.00997412
-0.024094
-0.0083815
-0.00224585
-0.000720217
-0.000300955
-1.20118e-05
7.76994e-05
8.95817e-05
-7.30407e-05
-0.00890324
-0.0216205
-0.0443679
-0.0105345
-0.00281751
-0.000964016
-0.000336552
-7.94587e-05
4.39726e-05
8.03946e-05
-0.00111651
0.0287097
-0.0657932
-0.0459945
-0.0109296
-0.00401093
-0.0020386
-0.00117821
-0.000668079
-0.000315717
0.0122711
-0.00281076
-0.0300598
-0.06437
-0.0295447
-0.0205881
-0.0154789
-0.0157223
-0.0139388
-0.0150609
0.03005
-0.0470311
-0.11116
-0.196536
-0.160282
-0.12512
-0.146331
-0.178542
-0.197471
-0.209184
0.0520812
-0.0683855
-0.294346
-0.567859
-0.838828
-0.883193
-1.05908
-0.968605
-0.805574
-0.649037
0.0735712
-0.0254216
-0.149322
-0.32691
-0.486855
-0.480197
-0.174299
-0.0656557
-0.00501728
0.113423
0.0754436
0.0453934
0.0143167
-0.0398341
-0.0110797
0.0767128
0.643333
0.787389
0.680966
0.437526
0.0769483
0.069274
0.0760817
0.201402
0.546869
0.641261
0.445651
0.262868
0.18086
0.126662
0.0794328
0.10718
0.261406
0.439922
0.36007
0.190322
0.0821419
0.110379
0.158699
0.132764
0.0769793
0.128021
0.218208
0.219842
0.159051
0.0742213
0.0196195
0.0914516
0.192062
0.169272
0.0653135
0.103058
0.149611
0.138816
0.0473801
0.00127043
0.0297639
0.055302
0.156205
0.198104
0.0422255
0.0906629
0.0893992
0.0632565
0.0111551
-0.0128911
0.00309736
0.015885
0.135146
0.214178
0.026741
0.0471572
0.0725596
0.0400278
0.0099709
-0.0863812
-0.0383727
0.0411074
0.209772
0.191801
0.0153001
0.0538519
0.052636
-0.0082931
-0.0329592
-0.149387
0.0232879
0.116508
0.271181
0.131319
0.0111774
0.0431104
0.0459366
-0.00819365
-0.0872208
-0.0226929
0.0972789
0.352624
0.160135
0.0460497
0.00826496
0.0264716
0.0432772
-0.0168207
-0.0432193
0.0613801
0.390787
0.158319
0.0496745
0.0128965
0.00850527
0.0419061
-0.0186815
-0.0222281
0.0779458
0.337557
0.134103
0.0396808
0.010584
0.00232277
0.00515939
-0.0190596
-0.0412844
0.0936924
0.255046
0.0858317
0.0241416
0.00617789
0.00137363
0.000139288
-0.00587453
-0.0241618
0.114852
0.131718
0.0406854
0.0110533
0.00295173
0.000677645
4.02818e-05
-0.0001415
0.00218332
0.0792826
0.0832014
0.0223274
0.0050309
0.00139977
0.000422995
9.30131e-05
-0.000116077
-7.84983e-06
0.00346378
0.0415322
0.0130726
0.00298177
0.000735401
0.00035812
8.40548e-05
5.59351e-05
2.33065e-06
7.84151e-05
0.0205114
0.01112
0.00246442
0.000502702
0.000463097
0.000164153
0.000249097
3.88561e-05
-3.17372e-05
0.000102829
0.0307315
0.00388742
0.000583463
0.000122148
0.000489908
0.000131228
3.53091e-05
3.23825e-05
-2.44739e-05
1.63514e-05
-1.88277e-05
-0.000123986
-0.000116019
2.38408e-06
7.0342e-05
9.69116e-05
-3.17233e-05
3.63503e-06
4.05708e-05
-4.39911e-05
-2.84901e-05
-5.57303e-05
-0.000187723
-0.000110252
-2.08289e-05
1.15751e-05
-4.02486e-05
-4.06324e-05
-8.59309e-06
2.45497e-05
-8.23861e-05
1.84632e-05
6.02779e-05
-1.82657e-06
5.64282e-06
-1.50759e-05
3.33503e-05
1.99209e-06
-1.51018e-05
-1.52784e-05
-2.13493e-05
9.3465e-06
0.000235665
9.45766e-05
2.17866e-05
-1.08757e-05
1.86194e-06
8.51088e-06
5.19282e-06
-5.30821e-06
1.97716e-05
-0.000132583
3.22449e-05
4.92057e-05
3.88474e-06
-9.79366e-06
-9.56658e-07
-4.81124e-06
-5.42758e-06
-4.42451e-06
3.58203e-05
-0.000111133
-7.05899e-05
-2.36746e-05
-1.96226e-05
1.08308e-05
1.67331e-06
-5.21186e-08
5.83433e-06
1.30153e-06
3.7231e-05
7.59517e-05
0.000176407
-4.26674e-06
2.25912e-05
9.84786e-06
4.15369e-06
2.14114e-06
-1.54539e-06
-6.64443e-06
6.59729e-06
0.00014434
0.000111825
2.94488e-06
-1.27857e-05
-1.76729e-05
2.78051e-06
5.18457e-06
-9.73095e-07
-4.16254e-07
-6.82214e-05
-0.00020474
-0.000270425
1.5516e-05
9.7059e-06
1.59732e-05
-7.47448e-07
6.0352e-06
-6.11627e-07
2.11911e-06
-1.15928e-05
3.21076e-05
0.000129397
-2.19288e-06
-6.90714e-06
7.24014e-07
7.4338e-07
1.45516e-07
-1.60431e-06
-4.03525e-06
7.89103e-05
-2.28377e-05
2.85951e-05
-5.52374e-06
-6.72048e-08
2.18184e-06
1.00911e-05
-3.61654e-06
-1.4467e-06
-6.46635e-07
5.59495e-05
3.62731e-05
-5.20659e-05
1.85196e-06
1.77959e-06
-2.2385e-06
-1.22754e-06
-6.09844e-06
-4.63646e-06
-3.2828e-06
-3.46478e-05
-8.1509e-06
2.4262e-05
9.35691e-06
5.11712e-06
-7.16613e-07
-4.97283e-06
-6.80292e-06
-8.35459e-06
-1.37153e-06
-1.05606e-05
-9.28927e-05
8.68996e-06
7.63411e-06
5.79374e-06
6.10965e-06
-5.71794e-06
-7.5893e-06
-1.96755e-06
2.21292e-06
5.63958e-05
0.000100145
-3.78158e-05
-1.42813e-05
-2.82551e-06
2.65469e-06
-4.94215e-06
-7.74148e-06
-8.84145e-07
3.53333e-06
-1.01102e-06
-1.03848e-06
-9.87117e-07
-1.0479e-06
-9.90336e-07
-9.7528e-07
-9.79184e-07
-9.55034e-07
-9.83444e-07
-1.03727e-06
-1.0345e-06
-9.95267e-07
-9.54636e-07
-9.11008e-07
-8.61586e-07
-8.24796e-07
-8.13824e-07
-8.22931e-07
-8.62385e-07
-9.05066e-07
-9.94435e-07
-1.02995e-06
-1.08938e-06
-1.11447e-06
-1.34014e-06
-1.05954e-06
-1.05153e-06
-1.04242e-06
-1.03289e-06
-1.00897e-06
-1.0101e-06
-9.9994e-07
-1.01287e-06
-1.03448e-06
-1.02225e-06
-1.01464e-06
-1.01328e-06
-1.01225e-06
-1.01329e-06
-1.01937e-06
-1.03152e-06
-1.06717e-06
-1.09696e-06
-1.15845e-06
-1.19902e-06
-1.29222e-06
-1.35777e-06
-1.49274e-06
-1.58289e-06
-1.87643e-06
-1.06202e-06
-1.06804e-06
-1.08474e-06
-1.08488e-06
-1.04479e-06
-1.02679e-06
-1.01526e-06
-1.03981e-06
-1.06133e-06
-1.04096e-06
-1.02113e-06
-1.02099e-06
-1.03541e-06
-1.04673e-06
-1.04512e-06
-1.04617e-06
-1.05577e-06
-1.07539e-06
-1.13535e-06
-1.18639e-06
-1.29028e-06
-1.33528e-06
-1.41109e-06
-1.48816e-06
-1.79785e-06
-1.04702e-06
-1.06577e-06
-1.07713e-06
-1.06042e-06
-1.04298e-06
-1.07271e-06
-1.07573e-06
-1.06075e-06
-1.03069e-06
-1.02407e-06
-1.04963e-06
-1.0716e-06
-1.05716e-06
-1.03059e-06
-1.01572e-06
-1.01768e-06
-1.03509e-06
-1.05812e-06
-1.10553e-06
-1.12057e-06
-1.13295e-06
-1.1564e-06
-1.22747e-06
-1.31572e-06
-1.59839e-06
-1.03718e-06
-1.04995e-06
-1.05468e-06
-1.04196e-06
-1.0363e-06
-1.05579e-06
-1.07641e-06
-1.06738e-06
-1.03757e-06
-1.02681e-06
-1.05335e-06
-1.08924e-06
-1.09131e-06
-1.04998e-06
-9.97987e-07
-9.81013e-07
-1.01536e-06
-1.10342e-06
-1.11233e-06
-1.06811e-06
-1.02252e-06
-1.01656e-06
-1.05469e-06
-1.1018e-06
-1.40334e-06
-1.03973e-06
-1.04688e-06
-1.04313e-06
-1.02957e-06
-1.02993e-06
-1.05155e-06
-1.06665e-06
-1.05415e-06
-1.03469e-06
-1.04189e-06
-1.07352e-06
-1.09176e-06
-1.07066e-06
-1.0284e-06
-1.00704e-06
-1.02764e-06
-1.07029e-06
-1.09523e-06
-1.0792e-06
-1.03236e-06
-9.88416e-07
-9.76786e-07
-1.00779e-06
-1.1655e-06
-1.27946e-06
-1.04467e-06
-1.05288e-06
-1.04596e-06
-1.0286e-06
-1.0234e-06
-1.03783e-06
-1.052e-06
-1.04864e-06
-1.04038e-06
-1.05073e-06
-1.07696e-06
-1.08924e-06
-1.0671e-06
-1.02565e-06
-1.00344e-06
-1.02275e-06
-1.06825e-06
-1.10205e-06
-1.09651e-06
-1.05282e-06
-1.00205e-06
-9.75811e-07
-9.91826e-07
-1.1034e-06
-1.17979e-06
-1.0857e-06
-1.07965e-06
-1.05187e-06
-1.02357e-06
-1.00116e-06
-9.9541e-07
-1.02007e-06
-1.06535e-06
-1.10106e-06
-1.10605e-06
-1.07843e-06
-1.0316e-06
-9.92152e-07
-9.81121e-07
-1.00943e-06
-1.07339e-06
-1.1324e-06
-1.14936e-06
-1.11612e-06
-1.05379e-06
-9.9468e-07
-9.63175e-07
-9.69965e-07
-1.04483e-06
-1.1188e-06
-1.91242e-06
-5.51629e-06
-3.40515e-06
-1.4432e-06
-7.25448e-07
2.09705e-08
1.19805e-06
-1.91044e-07
-6.07206e-07
-1.94436e-06
-3.26418e-06
-1.43375e-06
-7.60885e-07
-4.07718e-07
3.06958e-08
-6.27226e-07
-8.92146e-07
-1.68516e-06
-3.0236e-06
-1.70577e-06
-8.40069e-07
-5.96271e-07
5.68175e-08
2.53872e-08
-6.7933e-07
-5.31107e-05
-0.000308113
-0.000117612
7.13633e-06
3.53482e-05
0.000149908
0.000150007
4.00217e-05
-1.70956e-06
-0.000148551
-0.000160817
-2.47829e-05
1.18235e-05
7.62355e-05
0.000138122
5.27129e-05
7.1391e-06
-3.47922e-05
-0.000150895
-7.37226e-05
-8.14523e-06
1.60688e-05
9.45687e-05
8.11715e-05
1.61071e-05
-0.00153276
-0.00388717
-0.00161352
-0.000290417
0.000352767
0.0029157
0.00189845
0.000359804
-0.000174024
-0.00200607
-0.00137511
-0.000374942
-7.68671e-05
0.000815908
0.00164787
0.000538913
-3.79964e-05
-0.000371009
-0.00111834
-0.000538258
-0.000168321
5.17599e-05
0.000851563
0.000695464
7.1385e-05
-0.00232408
-0.000970195
0.00349022
0.00703405
0.00253293
-0.000235654
-0.00145487
-0.0044583
-0.00223837
-0.000843258
0.000531022
0.00395714
0.00218494
0.000253571
-0.00054217
-0.00151135
-0.00184341
-0.000756416
-0.000262037
0.00154532
0.00171508
0.000440109
-0.000272896
-0.000683837
-0.000810398
0.000131807
-0.000351921
1.29236e-06
0.000278671
1.111e-05
-0.000150155
-9.48141e-06
0.000118285
2.78524e-05
-7.02509e-05
-3.01642e-05
5.7696e-05
5.70848e-05
-1.86568e-06
-4.76656e-05
-2.74803e-05
2.08393e-05
5.33666e-05
5.41994e-05
-2.30019e-05
-0.000174039
-0.000351509
-0.000493571
-0.0005507
-0.000594048
0.00208229
-0.000653331
-0.00289807
-0.00622609
-0.00222794
-0.000923594
0.00171133
0.00535843
0.00232187
-2.40259e-05
-0.000763434
-0.00298397
-0.00196264
-0.00079304
3.51258e-06
0.00274799
0.00192636
0.000419114
-0.00037673
-0.000831673
-0.00144681
-0.000704633
-0.000316285
0.000371351
0.000951163
0.00199902
0.00514053
0.00177324
0.000179682
-0.000763866
-0.0031131
-0.00145017
-0.000293386
0.000113911
0.00168817
0.0017592
0.00042506
-9.1986e-05
-0.00086056
-0.00147536
-0.000486763
-0.000137198
0.000301451
0.00133481
0.000646207
3.82363e-05
-0.000156558
-0.000767865
-0.000432586
-0.000196607
4.46586e-05
0.000252932
0.000150224
3.40015e-05
-2.73049e-05
-0.000243578
-0.000131405
-6.87977e-06
2.7168e-05
0.000119529
0.000139517
4.3267e-05
2.75616e-06
-7.93354e-05
-0.00017741
-5.21387e-05
4.58557e-06
4.17516e-05
0.000129114
6.79156e-05
1.43847e-05
-9.66823e-06
-0.000102761
-0.000101294
-2.23919e-05
-5.17184e-07
1.23223e-06
2.16389e-06
5.23899e-08
-6.09078e-07
-3.19645e-06
-3.9487e-06
-1.49005e-06
-7.15947e-07
-2.17699e-07
2.67597e-07
-5.39347e-07
-8.19826e-07
-1.87776e-06
-3.10701e-06
-1.43149e-06
-6.76942e-07
-3.33925e-07
-6.55566e-08
-6.52482e-07
-8.76983e-07
-1.47563e-06
-3.79197e-06
-3.74969e-06
-2.25837e-06
-1.01004e-06
-9.98644e-07
-1.01699e-06
-1.05175e-06
-1.08092e-06
-1.08998e-06
-1.06982e-06
-1.03077e-06
-9.94394e-07
-9.82451e-07
-1.01174e-06
-1.11575e-06
-1.16626e-06
-1.11546e-06
-1.042e-06
-1.00473e-06
-1.01851e-06
-1.04898e-06
-1.06013e-06
-1.02559e-06
-1.00077e-06
-1.00174e-06
-1.0269e-06
-1.14339e-06
-1.21035e-06
-1.03089e-06
-1.03711e-06
-1.03737e-06
-1.03127e-06
-1.0368e-06
-1.05809e-06
-1.06995e-06
-1.05394e-06
-1.02942e-06
-1.031e-06
-1.06455e-06
-1.09634e-06
-1.09167e-06
-1.05405e-06
-1.0201e-06
-1.02016e-06
-1.04971e-06
-1.07661e-06
-1.07334e-06
-1.03784e-06
-9.95306e-07
-9.73628e-07
-9.90636e-07
-1.1077e-06
-1.19401e-06
-1.03419e-06
-1.04526e-06
-1.04652e-06
-1.03345e-06
-1.03079e-06
-1.05115e-06
-1.06951e-06
-1.06002e-06
-1.03895e-06
-1.04389e-06
-1.07823e-06
-1.10241e-06
-1.08289e-06
-1.0329e-06
-9.98154e-07
-1.00865e-06
-1.05081e-06
-1.08389e-06
-1.07827e-06
-1.03753e-06
-9.93283e-07
-9.77722e-07
-1.00553e-06
-1.15156e-06
-1.28356e-06
-1.03757e-06
-1.05011e-06
-1.05493e-06
-1.04286e-06
-1.03755e-06
-1.05854e-06
-1.08041e-06
-1.07509e-06
-1.04461e-06
-1.02965e-06
-1.05266e-06
-1.08617e-06
-1.08557e-06
-1.04413e-06
-9.96022e-07
-9.85492e-07
-1.02193e-06
-1.08802e-06
-1.09411e-06
-1.06118e-06
-1.03368e-06
-1.03577e-06
-1.0839e-06
-1.0973e-06
-1.38355e-06
-1.0512e-06
-1.06676e-06
-1.07646e-06
-1.06748e-06
-1.04734e-06
-1.07076e-06
-1.07083e-06
-1.06278e-06
-1.03801e-06
-1.02164e-06
-1.03518e-06
-1.05932e-06
-1.05741e-06
-1.03784e-06
-1.02122e-06
-1.01815e-06
-1.02654e-06
-1.04447e-06
-1.0962e-06
-1.12491e-06
-1.1532e-06
-1.16792e-06
-1.21995e-06
-1.30295e-06
-1.58921e-06
-1.06914e-06
-1.07393e-06
-1.07911e-06
-1.0738e-06
-1.04309e-06
-1.03892e-06
-1.01762e-06
-1.03269e-06
-1.04905e-06
-1.03499e-06
-1.02843e-06
-1.03035e-06
-1.03379e-06
-1.03498e-06
-1.03902e-06
-1.04644e-06
-1.066e-06
-1.08562e-06
-1.1346e-06
-1.17891e-06
-1.28023e-06
-1.33415e-06
-1.42774e-06
-1.50243e-06
-1.79382e-06
-1.05806e-06
-1.05047e-06
-1.04101e-06
-1.02784e-06
-1.00435e-06
-1.00633e-06
-1.00064e-06
-1.02305e-06
-1.03595e-06
-1.02148e-06
-1.01557e-06
-1.01281e-06
-1.00948e-06
-1.0102e-06
-1.01731e-06
-1.03153e-06
-1.07176e-06
-1.10221e-06
-1.16373e-06
-1.20465e-06
-1.29908e-06
-1.36296e-06
-1.49219e-06
-1.58121e-06
-1.87531e-06
-1.00963e-06
-1.0382e-06
-9.8464e-07
-1.04706e-06
-9.88202e-07
-9.64257e-07
-9.76132e-07
-9.66436e-07
-9.96837e-07
-1.04329e-06
-1.03158e-06
-9.83418e-07
-9.37667e-07
-8.95252e-07
-8.54109e-07
-8.27179e-07
-8.2278e-07
-8.34227e-07
-8.7792e-07
-9.20044e-07
-1.00417e-06
-1.03697e-06
-1.09468e-06
-1.13828e-06
-1.36142e-06
)
;

boundaryField
{
    inlet
    {
        type            calculated;
        value           nonuniform List<scalar> 
15
(
-1.02286e-06
-1.02057e-06
-1.02071e-06
-1.02052e-06
-1.02018e-06
-1.02071e-06
-1.02052e-06
-1.01991e-06
-1.01935e-06
-1.01887e-06
-1.01892e-06
-1.01915e-06
-1.0195e-06
-1.02035e-06
-1.01949e-06
)
;
    }
    outlet
    {
        type            calculated;
        value           nonuniform List<scalar> 
25
(
-1.34014e-06
-1.87643e-06
-1.79785e-06
-1.59839e-06
-1.40334e-06
-1.27946e-06
-1.17979e-06
-1.1188e-06
-6.7933e-07
1.61071e-05
7.1385e-05
-0.000810398
-0.000594048
0.000951163
-0.000196607
-2.23919e-05
-2.25837e-06
-1.21035e-06
-1.19401e-06
-1.28356e-06
-1.38355e-06
-1.58921e-06
-1.79382e-06
-1.87531e-06
-1.36142e-06
)
;
    }
    top
    {
        type            calculated;
        value           nonuniform List<scalar> 
40
(
-1.01179e-06
-1.0357e-06
-1.02152e-06
-1.04775e-06
-1.04031e-06
-1.05086e-06
-1.03563e-06
-1.02821e-06
-1.04164e-06
-1.03626e-06
-1.02745e-06
-1.02258e-06
-1.03091e-06
-1.02589e-06
-1.02158e-06
-1.00963e-06
-1.0382e-06
-9.8464e-07
-1.04706e-06
-9.88202e-07
-9.64257e-07
-9.76132e-07
-9.66436e-07
-9.96837e-07
-1.04329e-06
-1.03158e-06
-9.83418e-07
-9.37667e-07
-8.95252e-07
-8.54109e-07
-8.27179e-07
-8.2278e-07
-8.34227e-07
-8.7792e-07
-9.20044e-07
-1.00417e-06
-1.03697e-06
-1.09468e-06
-1.13828e-06
-1.36142e-06
)
;
    }
    bottom
    {
        type            calculated;
        value           nonuniform List<scalar> 
40
(
-1.01388e-06
-1.03583e-06
-1.0221e-06
-1.04734e-06
-1.0404e-06
-1.05242e-06
-1.03553e-06
-1.0269e-06
-1.04024e-06
-1.03599e-06
-1.02803e-06
-1.02213e-06
-1.02942e-06
-1.02642e-06
-1.02184e-06
-1.01102e-06
-1.03848e-06
-9.87117e-07
-1.0479e-06
-9.90336e-07
-9.7528e-07
-9.79184e-07
-9.55034e-07
-9.83444e-07
-1.03727e-06
-1.0345e-06
-9.95267e-07
-9.54636e-07
-9.11008e-07
-8.61586e-07
-8.24796e-07
-8.13824e-07
-8.22931e-07
-8.62385e-07
-9.05066e-07
-9.94435e-07
-1.02995e-06
-1.08938e-06
-1.11447e-06
-1.34014e-06
)
;
    }
    cylinder
    {
        type            calculated;
        value           nonuniform List<scalar> 
70
(
-1.88277e-05
-2.84901e-05
-8.23861e-05
-2.13493e-05
1.97716e-05
3.58203e-05
3.7231e-05
6.59729e-06
-6.82214e-05
-1.15928e-05
7.89103e-05
5.59495e-05
-3.46478e-05
-1.05606e-05
5.63958e-05
-0.00961325
-0.00997412
-0.00890324
-0.00111651
0.0122711
0.03005
0.0520812
0.0735712
0.0754436
0.0769483
0.0794328
0.0769793
0.0653135
0.0422255
0.026741
0.0153001
0.0111774
0.00826496
0.00850527
0.00515939
-0.00587453
0.00218332
0.00346378
0.0205114
0.0307315
-0.0157482
-4.41806e-05
6.06845e-06
5.73472e-06
2.52757e-06
9.78599e-06
1.64254e-05
4.2021e-05
5.24209e-05
5.48407e-05
3.99595e-05
3.17506e-05
2.8665e-05
2.28405e-05
2.19918e-05
2.25753e-05
2.36722e-05
2.45504e-05
2.56349e-05
1.8148e-05
1.40886e-05
-2.05848e-05
-2.30691e-05
-2.72827e-05
1.9747e-06
5.34931e-06
3.16797e-06
-7.13718e-06
2.84095e-05
1.23183e-05
)
;
    }
    sides
    {
        type            empty;
    }
}


// ************************************************************************* //
