/*--------------------------------*- C++ -*----------------------------------*\
| =========                 |                                                 |
| \\      /  F ield         | OpenFOAM: The Open Source CFD Toolbox           |
|  \\    /   O peration     | Version:  2.3.1                                 |
|   \\  /    A nd           | Web:      www.OpenFOAM.org                      |
|    \\/     M anipulation  |                                                 |
\*---------------------------------------------------------------------------*/
FoamFile
{
    version     2.0;
    format      ascii;
    class       volScalarField;
    location    "1000";
    object      ddt0(omega);
}
// * * * * * * * * * * * * * * * * * * * * * * * * * * * * * * * * * * * * * //

dimensions      [0 0 -2 0 0 0 0];

internalField   nonuniform List<scalar> 
4825
(
-1.12098e-06
-1.11818e-06
-1.11661e-06
-1.11514e-06
-1.11376e-06
-1.11407e-06
-1.11136e-06
-1.10335e-06
-1.11117e-06
-1.09568e-06
-1.07714e-06
-1.11497e-06
-1.16085e-06
-1.11682e-06
-1.04626e-06
-1.03422e-06
-1.11913e-06
-1.29647e-06
-1.11231e-06
-8.03813e-07
-9.87472e-07
-1.04664e-06
-1.07273e-06
-1.13376e-06
-1.14346e-06
-1.30646e-06
-1.14876e-06
-7.07714e-07
-1.09897e-06
-1.30147e-06
-1.30013e-06
-1.27752e-06
-1.01079e-06
-7.11837e-07
-7.78187e-07
-1.04838e-06
-1.12792e-06
-5.01101e-07
-9.28378e-07
-2.68019e-06
-2.69295e-06
-3.36709e-07
-2.40627e-07
-2.09242e-06
6.50614e-06
-1.02265e-05
-8.58606e-06
1.00849e-06
2.72941e-06
-1.47337e-06
-1.12552e-06
-1.12486e-06
-1.12129e-06
-1.12865e-06
-1.1168e-06
-1.12948e-06
-1.10974e-06
-1.09628e-06
-1.10377e-06
-1.10454e-06
-1.11488e-06
-1.08691e-06
-1.15642e-06
-1.19268e-06
-1.01975e-06
-9.79185e-07
-1.19091e-06
-1.20253e-06
-9.579e-07
-1.01056e-06
-1.1584e-06
-1.10854e-06
-1.10179e-06
-1.22134e-06
-1.27929e-06
-1.21586e-06
-1.00686e-06
-7.20213e-07
-1.0658e-06
-1.20837e-06
-1.21389e-06
-1.08404e-06
-9.84681e-07
-7.97787e-07
-7.57568e-07
-1.0704e-06
-1.11559e-06
-1.1339e-07
-4.25606e-07
-2.49205e-06
-3.08189e-06
-1.07769e-06
-1.20185e-06
-4.23571e-06
4.54367e-06
-2.75061e-06
-1.21632e-05
-4.00657e-06
7.60806e-06
1.44017e-06
-1.13195e-06
-1.13091e-06
-1.10949e-06
-1.1469e-06
-1.1484e-06
-1.11736e-06
-1.11284e-06
-1.08499e-06
-1.0927e-06
-1.09999e-06
-1.13887e-06
-1.11377e-06
-1.11069e-06
-1.20017e-06
-1.10666e-06
-9.89686e-07
-1.11703e-06
-1.28506e-06
-1.12226e-06
-7.66388e-07
-1.00969e-06
-1.06405e-06
-1.12433e-06
-1.15728e-06
-1.16688e-06
-1.34634e-06
-1.27613e-06
-7.78098e-07
-8.02536e-07
-1.0882e-06
-1.17684e-06
-1.21617e-06
-1.26951e-06
-1.15744e-06
-7.79608e-07
-9.72264e-07
-1.46623e-06
-2.16539e-09
-8.84967e-08
-2.16463e-06
-3.18397e-06
-1.71479e-06
-1.77621e-06
-3.65403e-06
5.64185e-06
-1.65599e-06
-1.49016e-05
-7.30045e-06
7.65997e-06
5.93077e-07
-1.13695e-06
-1.13595e-06
-1.10713e-06
-1.14676e-06
-1.17283e-06
-1.10603e-06
-1.14071e-06
-1.08373e-06
-1.08588e-06
-1.12776e-06
-1.08645e-06
-1.12277e-06
-1.14861e-06
-1.17772e-06
-1.09187e-06
-9.71502e-07
-1.08904e-06
-1.27025e-06
-1.10805e-06
-8.67157e-07
-1.06933e-06
-1.08e-06
-1.15126e-06
-1.14717e-06
-1.06146e-06
-1.32669e-06
-1.40133e-06
-1.04091e-06
-5.46243e-07
-1.02288e-06
-1.09525e-06
-1.19157e-06
-1.45662e-06
-1.44388e-06
-4.44272e-07
-6.07088e-07
-1.76035e-06
-1.03401e-06
8.93792e-07
2.16308e-08
-2.55966e-06
-2.23007e-06
-5.38089e-06
-4.86422e-06
9.10447e-06
3.48453e-06
-1.36944e-05
-8.28279e-06
7.4704e-06
8.12643e-06
-1.14078e-06
-1.13956e-06
-1.11206e-06
-1.12847e-06
-1.2046e-06
-1.0955e-06
-1.13467e-06
-1.13173e-06
-1.05724e-06
-1.12393e-06
-1.08472e-06
-1.13457e-06
-1.13984e-06
-1.17464e-06
-1.19111e-06
-9.33883e-07
-9.99829e-07
-1.23967e-06
-1.17918e-06
-9.29961e-07
-1.0226e-06
-1.06234e-06
-1.1317e-06
-1.31958e-06
-9.69786e-07
-1.05262e-06
-1.38548e-06
-1.29107e-06
-8.14463e-07
-9.58956e-07
-9.55726e-07
-9.91277e-07
-1.17541e-06
-1.27535e-06
-1.33219e-06
-8.78839e-07
-1.20736e-06
-1.526e-06
-3.95771e-07
-4.55726e-07
-7.02501e-07
9.34807e-07
-4.11637e-06
-1.01053e-05
7.41555e-06
5.55882e-06
-9.11633e-06
-1.09591e-05
-5.67619e-06
1.69216e-05
-1.14438e-06
-1.14291e-06
-1.13322e-06
-1.12965e-06
-1.16954e-06
-1.10764e-06
-1.11847e-06
-1.13372e-06
-1.08409e-06
-1.14843e-06
-1.1159e-06
-1.10272e-06
-1.12691e-06
-1.11666e-06
-1.2022e-06
-1.02662e-06
-9.55483e-07
-1.1648e-06
-1.24294e-06
-1.09328e-06
-9.34437e-07
-1.0018e-06
-1.0564e-06
-1.28762e-06
-1.20843e-06
-9.6882e-07
-1.21891e-06
-1.23009e-06
-9.63348e-07
-9.67071e-07
-9.97854e-07
-1.0176e-06
-1.03195e-06
-1.18584e-06
-1.49362e-06
-6.14648e-07
-1.19001e-06
-2.12645e-06
-5.3337e-07
-4.0714e-07
-3.11851e-06
4.69862e-06
-3.51193e-07
-1.08969e-05
1.70972e-06
4.74681e-06
-7.41713e-07
-8.89171e-06
-3.52311e-05
5.80177e-06
-1.14601e-06
-1.14353e-06
-1.13678e-06
-1.13494e-06
-1.15088e-06
-1.12134e-06
-1.12553e-06
-1.12874e-06
-1.09566e-06
-1.13593e-06
-1.12227e-06
-1.10256e-06
-1.10504e-06
-1.11024e-06
-1.2169e-06
-1.0606e-06
-9.26887e-07
-1.12799e-06
-1.30104e-06
-1.14778e-06
-8.78664e-07
-1.07579e-06
-9.82137e-07
-1.11955e-06
-1.33878e-06
-1.05237e-06
-1.12636e-06
-1.1474e-06
-1.00069e-06
-1.00387e-06
-1.02506e-06
-1.04857e-06
-1.01902e-06
-1.29507e-06
-1.29749e-06
-4.32739e-07
-1.19537e-06
-2.14218e-06
9.78632e-07
-1.86064e-06
-4.53061e-06
-8.52922e-07
4.62059e-06
8.09083e-07
-2.12807e-05
1.4871e-05
1.41643e-05
-1.34496e-05
-7.59029e-06
-7.65721e-05
-1.14593e-06
-1.14307e-06
-1.1388e-06
-1.13697e-06
-1.13483e-06
-1.13051e-06
-1.12849e-06
-1.12316e-06
-1.11655e-06
-1.1216e-06
-1.12994e-06
-1.11103e-06
-1.07304e-06
-1.10992e-06
-1.20936e-06
-1.11253e-06
-8.93584e-07
-1.06055e-06
-1.39663e-06
-1.24128e-06
-7.71756e-07
-1.10298e-06
-1.03616e-06
-9.92792e-07
-1.29543e-06
-1.20674e-06
-1.05912e-06
-1.09633e-06
-9.04491e-07
-1.02964e-06
-1.08001e-06
-1.06516e-06
-1.2747e-06
-7.32017e-07
-1.04485e-06
-1.74104e-06
-5.99058e-07
-1.58256e-06
-4.80409e-07
-2.87883e-07
-2.11147e-06
-1.62813e-06
-9.50711e-07
6.19388e-06
-1.07875e-05
-3.16581e-06
9.56705e-06
-4.13252e-06
1.37606e-05
-8.37946e-05
-1.14469e-06
-1.14167e-06
-1.13987e-06
-1.13893e-06
-1.11727e-06
-1.1387e-06
-1.12968e-06
-1.11617e-06
-1.14055e-06
-1.10979e-06
-1.13038e-06
-1.10703e-06
-1.05547e-06
-1.14641e-06
-1.16202e-06
-1.08882e-06
-9.35005e-07
-1.11402e-06
-1.38942e-06
-1.12313e-06
-9.08938e-07
-1.06656e-06
-1.01227e-06
-1.06949e-06
-1.17435e-06
-1.23537e-06
-1.14622e-06
-9.43762e-07
-8.69212e-07
-1.08153e-06
-1.02092e-06
-1.02282e-06
-1.27568e-06
-7.66425e-07
-1.25346e-06
-1.56253e-06
-6.07833e-07
-1.50816e-06
-3.0826e-06
3.7326e-06
1.23691e-06
-5.60605e-06
-5.10508e-06
-2.94273e-06
1.22255e-05
-1.5285e-06
-1.94672e-05
8.03136e-06
9.97634e-06
-7.60607e-06
-1.14231e-06
-1.13951e-06
-1.14073e-06
-1.14479e-06
-1.09554e-06
-1.14376e-06
-1.12829e-06
-1.11486e-06
-1.16358e-06
-1.09938e-06
-1.12413e-06
-1.09896e-06
-1.05086e-06
-1.15739e-06
-1.13799e-06
-1.06334e-06
-9.7264e-07
-1.18484e-06
-1.33802e-06
-1.01807e-06
-1.03667e-06
-1.05084e-06
-9.95737e-07
-1.07104e-06
-1.23643e-06
-1.2728e-06
-9.91077e-07
-7.47256e-07
-9.84337e-07
-1.05215e-06
-1.00378e-06
-1.09301e-06
-1.3049e-06
-1.31616e-06
-1.59177e-06
-3.715e-07
-6.1716e-07
-2.65467e-06
4.20516e-07
-1.14891e-07
-2.33167e-06
-3.58038e-06
6.26696e-08
1.16204e-06
2.38104e-06
-1.42063e-06
-1.0112e-05
-2.03594e-06
1.20218e-05
2.83722e-06
-1.13936e-06
-1.13709e-06
-1.15824e-06
-1.14186e-06
-1.05152e-06
-1.1538e-06
-1.11475e-06
-1.12106e-06
-1.18254e-06
-1.10187e-06
-1.1376e-06
-1.05751e-06
-1.05659e-06
-1.16649e-06
-1.1167e-06
-1.00499e-06
-1.02559e-06
-1.33658e-06
-1.24529e-06
-9.58361e-07
-1.10183e-06
-9.95591e-07
-9.09047e-07
-1.20608e-06
-1.40051e-06
-1.1327e-06
-6.97366e-07
-7.21943e-07
-1.15734e-06
-1.16851e-06
-1.15376e-06
-1.2207e-06
-1.22761e-06
-1.18722e-06
-9.55181e-07
-5.57845e-07
-1.50636e-06
-2.32427e-06
1.41275e-07
-1.60915e-06
-2.54744e-06
2.69796e-07
2.93626e-06
-2.84332e-07
6.28661e-07
-1.99445e-06
-1.05521e-05
1.08959e-05
9.60561e-06
-1.21722e-05
-1.13542e-06
-1.13358e-06
-1.15598e-06
-1.1109e-06
-1.08536e-06
-1.14913e-06
-1.09859e-06
-1.14223e-06
-1.1488e-06
-1.10988e-06
-1.13405e-06
-1.07707e-06
-1.09756e-06
-1.12173e-06
-1.06011e-06
-9.62136e-07
-1.12117e-06
-1.33944e-06
-1.14613e-06
-1.01309e-06
-1.07982e-06
-9.9106e-07
-9.84147e-07
-1.29782e-06
-1.2421e-06
-8.33659e-07
-7.73078e-07
-1.0377e-06
-1.29906e-06
-1.0996e-06
-1.05492e-06
-1.09608e-06
-1.03686e-06
-9.63773e-07
-8.28184e-07
-1.0954e-06
-2.7713e-06
-7.15625e-07
2.91248e-07
-2.01349e-06
-9.23425e-07
1.77751e-06
-1.70053e-06
1.60905e-06
-7.83852e-07
-9.68005e-06
7.18968e-07
1.81656e-05
1.93051e-06
-3.15087e-05
-1.13061e-06
-1.12914e-06
-1.14495e-06
-1.10301e-06
-1.10153e-06
-1.12479e-06
-1.11494e-06
-1.14077e-06
-1.13706e-06
-1.13909e-06
-1.10019e-06
-1.07394e-06
-1.07089e-06
-1.11665e-06
-1.1276e-06
-9.6767e-07
-1.10744e-06
-1.31449e-06
-1.15941e-06
-9.71368e-07
-1.10449e-06
-1.02506e-06
-1.06932e-06
-1.31336e-06
-1.15389e-06
-7.48556e-07
-8.63535e-07
-1.1719e-06
-1.22964e-06
-9.96977e-07
-1.02262e-06
-1.0543e-06
-1.07113e-06
-1.0813e-06
-8.83138e-07
-1.26616e-06
-2.65209e-06
1.71817e-07
-1.12292e-07
-3.55917e-06
2.10202e-06
1.43285e-06
-5.32453e-06
3.86768e-06
1.18689e-06
-1.00126e-05
1.03197e-05
1.90388e-05
-1.68017e-05
-2.33486e-05
-1.12527e-06
-1.12411e-06
-1.12568e-06
-1.11382e-06
-1.11456e-06
-1.10223e-06
-1.12047e-06
-1.13719e-06
-1.12947e-06
-1.14448e-06
-1.06687e-06
-1.0419e-06
-1.12407e-06
-1.14897e-06
-1.02282e-06
-9.94438e-07
-1.21948e-06
-1.22399e-06
-9.89813e-07
-1.02967e-06
-1.18325e-06
-1.11656e-06
-1.19008e-06
-1.18558e-06
-9.12487e-07
-8.02258e-07
-1.05757e-06
-1.26644e-06
-1.15635e-06
-8.45279e-07
-1.05814e-06
-1.11518e-06
-1.19731e-06
-1.3381e-06
-1.05193e-06
-1.33712e-06
-2.15585e-06
-4.26237e-09
-4.13947e-07
-2.76792e-06
1.08328e-06
3.45563e-07
-5.38786e-06
3.44889e-06
9.61972e-07
-6.78235e-06
1.16041e-05
4.03431e-06
-2.99193e-05
-1.19435e-05
-1.11728e-06
-1.11559e-06
-1.1146e-06
-1.11304e-06
-1.11172e-06
-1.10938e-06
-1.10795e-06
-1.11969e-06
-1.13391e-06
-1.11801e-06
-1.06821e-06
-1.08933e-06
-1.10937e-06
-1.05953e-06
-9.84585e-07
-1.0401e-06
-1.15372e-06
-1.25176e-06
-1.20705e-06
-1.04713e-06
-1.1129e-06
-1.08655e-06
-1.07104e-06
-1.25063e-06
-9.86328e-07
-8.79544e-07
-1.01909e-06
-1.08133e-06
-9.12829e-07
-8.19959e-07
-9.95758e-07
-1.19057e-06
-1.22932e-06
-1.30028e-06
-1.17955e-06
-1.33014e-06
-1.31004e-06
-3.31645e-07
-7.74143e-07
-1.8567e-06
9.65799e-07
1.33918e-07
-6.9966e-06
3.2458e-06
-1.32744e-06
1.69755e-06
6.64087e-06
-4.0065e-06
-1.41346e-05
3.60111e-06
-1.00458e-06
-1.0255e-06
-8.52861e-07
-7.83648e-07
-8.35373e-07
-9.07839e-07
-9.97156e-07
-1.06109e-06
-1.07656e-06
-1.03606e-06
-9.73388e-07
-9.03167e-07
-9.2206e-07
-1.00948e-06
-1.07294e-06
-1.06559e-06
-9.96017e-07
-9.46576e-07
-9.85486e-07
-1.03039e-06
-1.04304e-06
-9.99198e-07
-1.01027e-06
-1.03006e-06
-1.04767e-06
-1.05483e-06
-1.10532e-06
-1.20886e-06
-9.0565e-07
-7.60257e-07
-8.17599e-07
-4.02823e-07
-6.19704e-08
2.92452e-07
9.96943e-07
6.22532e-07
1.64553e-06
5.4854e-07
-1.41503e-06
-1.87367e-06
-1.19874e-06
-1.10782e-05
-1.4598e-05
-3.80335e-05
-5.17295e-05
-4.85087e-05
-4.73771e-06
8.54865e-05
-6.2523e-05
-0.000178091
-1.0358e-06
-7.85988e-07
-7.81924e-07
-8.88624e-07
-1.009e-06
-1.0757e-06
-1.09675e-06
-1.0758e-06
-1.01916e-06
-9.48335e-07
-8.95369e-07
-9.38398e-07
-1.03624e-06
-1.09729e-06
-1.07423e-06
-9.90309e-07
-9.43507e-07
-9.98001e-07
-1.03571e-06
-1.0465e-06
-1.01849e-06
-9.79666e-07
-1.04612e-06
-1.06197e-06
-1.04991e-06
-1.03712e-06
-1.15786e-06
-1.08501e-06
-6.85562e-07
-6.54877e-07
-6.04396e-07
-1.58388e-07
-6.52434e-08
5.43052e-07
1.02032e-06
5.51565e-07
1.41235e-06
-5.48137e-07
-2.59312e-06
-5.8511e-06
-4.71122e-06
-1.59644e-05
-3.55006e-05
-4.80095e-05
-4.96402e-05
-3.43058e-05
-2.13564e-06
1.12893e-05
-0.000115846
-5.18192e-05
-1.0275e-06
-7.30481e-07
-8.54777e-07
-1.00864e-06
-1.09099e-06
-1.11262e-06
-1.0963e-06
-1.04562e-06
-9.73238e-07
-9.13944e-07
-8.86638e-07
-1.00291e-06
-1.08432e-06
-1.10796e-06
-1.05052e-06
-9.52868e-07
-9.27112e-07
-1.03483e-06
-1.05253e-06
-1.04523e-06
-1.00323e-06
-9.82529e-07
-1.0661e-06
-1.06525e-06
-1.02465e-06
-9.97533e-07
-1.13197e-06
-1.00269e-06
-7.03047e-07
-6.65427e-07
-5.97659e-07
-5.04967e-07
-5.1301e-07
9.70124e-08
-7.23474e-08
-4.95566e-07
-1.05654e-06
-2.01733e-06
-4.68011e-06
-1.18514e-05
-1.12458e-05
-1.52195e-05
-2.90946e-05
-3.50021e-05
-3.55492e-05
-2.42718e-05
-8.04324e-06
3.66158e-05
0.000131347
-4.20016e-05
-1.05784e-06
-9.93806e-07
-1.1032e-06
-1.13018e-06
-1.12646e-06
-1.08824e-06
-1.01694e-06
-9.34377e-07
-8.75343e-07
-8.97964e-07
-1.04821e-06
-1.11097e-06
-1.10806e-06
-1.06166e-06
-9.6538e-07
-9.06457e-07
-1.01613e-06
-1.06717e-06
-1.05971e-06
-1.02628e-06
-9.76403e-07
-1.04568e-06
-1.07237e-06
-1.04872e-06
-9.62885e-07
-9.27097e-07
-9.97223e-07
-8.08929e-07
-9.98999e-07
-9.3415e-07
-4.38473e-07
-8.21197e-07
-5.17491e-07
5.89724e-08
-5.00009e-07
-8.53489e-07
-2.80907e-06
-2.36473e-06
-4.62817e-06
-1.13208e-05
-1.56879e-05
-1.41129e-05
-2.048e-05
-2.87536e-05
-3.20038e-05
-2.49859e-05
-1.91767e-05
-1.01582e-05
9.15334e-06
7.99585e-05
-1.05501e-06
-1.13683e-06
-1.15689e-06
-1.12644e-06
-1.06013e-06
-9.78829e-07
-9.13056e-07
-8.90677e-07
-9.35712e-07
-1.05614e-06
-1.12714e-06
-1.12312e-06
-1.06284e-06
-9.60618e-07
-9.21178e-07
-1.00586e-06
-1.08464e-06
-1.05761e-06
-1.03974e-06
-9.95283e-07
-1.0118e-06
-1.07414e-06
-1.04109e-06
-1.01633e-06
-1.00702e-06
-1.07531e-06
-8.69738e-07
-6.50434e-07
-1.07658e-06
-1.02291e-06
-4.45886e-07
-9.88279e-07
-6.95298e-07
-4.09004e-07
-2.00535e-06
-2.03998e-06
-2.37628e-06
-3.34659e-06
-5.20789e-06
-5.12424e-06
-1.14645e-05
-1.61923e-05
-1.20449e-05
-1.88879e-05
-2.77441e-05
-2.16824e-05
-1.7571e-05
-1.88502e-05
1.21024e-06
-1.83337e-05
-1.07023e-06
-1.11601e-06
-1.06153e-06
-9.96203e-07
-9.294e-07
-9.01888e-07
-9.21446e-07
-9.88633e-07
-1.091e-06
-1.14142e-06
-1.11262e-06
-1.04336e-06
-9.70315e-07
-9.18784e-07
-9.77107e-07
-1.10013e-06
-1.09736e-06
-1.02454e-06
-1.0034e-06
-9.89508e-07
-1.06909e-06
-1.07139e-06
-1.00952e-06
-9.82888e-07
-1.07337e-06
-1.17231e-06
-8.66595e-07
-7.30236e-07
-8.89894e-07
-1.04172e-06
-9.39018e-07
-9.62041e-07
-1.36669e-06
-7.53557e-07
-1.62539e-06
-1.21328e-06
-2.92413e-07
-4.57911e-06
-6.24324e-06
-3.42048e-06
-6.17372e-06
-2.00491e-05
-1.428e-05
-1.64108e-05
-2.90943e-05
-1.58281e-05
-1.36736e-05
-2.6223e-06
3.36429e-05
6.42721e-06
-1.05542e-06
-1.08092e-06
-9.99758e-07
-9.47937e-07
-9.39046e-07
-9.7841e-07
-1.04264e-06
-1.11299e-06
-1.14129e-06
-1.10144e-06
-1.02216e-06
-9.59579e-07
-9.53391e-07
-1.01015e-06
-1.08164e-06
-1.09958e-06
-1.06326e-06
-1.032e-06
-9.83815e-07
-1.04267e-06
-1.08181e-06
-1.04005e-06
-1.01728e-06
-9.58913e-07
-1.00187e-06
-1.02432e-06
-1.0959e-06
-1.17377e-06
-7.10828e-07
-9.71997e-07
-1.12785e-06
-8.52969e-07
-1.02101e-06
-1.02673e-06
-1.66317e-06
-2.88062e-06
-1.95761e-06
-4.26149e-06
-3.18396e-06
-5.24241e-06
-5.08787e-06
-5.857e-06
-2.02488e-05
-7.64292e-06
-2.38868e-05
-5.16962e-06
-8.36519e-06
-9.23985e-06
-2.93112e-05
-2.07277e-06
-1.04753e-06
-9.44705e-07
-9.21261e-07
-9.37408e-07
-1.00071e-06
-1.06724e-06
-1.11072e-06
-1.11856e-06
-1.07711e-06
-1.00329e-06
-9.62867e-07
-9.67881e-07
-1.01892e-06
-1.09911e-06
-1.12192e-06
-1.05344e-06
-1.01375e-06
-1.01463e-06
-1.03181e-06
-1.10195e-06
-1.04833e-06
-9.9735e-07
-1.02924e-06
-1.05877e-06
-9.32152e-07
-7.43478e-07
-1.02192e-06
-1.29305e-06
-1.11652e-06
-6.86742e-07
-1.23586e-06
-1.00421e-06
-1.30134e-06
-1.81176e-06
-1.09714e-06
-1.67374e-06
-1.60411e-06
-1.05506e-06
-1.24343e-07
-7.19016e-06
-6.30478e-06
7.69421e-07
-1.26361e-05
-4.08851e-06
-1.31638e-05
-3.86878e-06
-3.1729e-06
-8.83458e-06
-7.96958e-05
-1.77515e-05
-1.06136e-06
-9.61138e-07
-1.02437e-06
-1.09229e-06
-1.1467e-06
-1.15782e-06
-1.12726e-06
-1.06515e-06
-9.91897e-07
-9.57427e-07
-9.92977e-07
-1.05992e-06
-1.09621e-06
-1.10297e-06
-1.08724e-06
-1.04661e-06
-1.00591e-06
-1.01996e-06
-1.11278e-06
-1.0928e-06
-1.01776e-06
-1.0062e-06
-1.02198e-06
-1.0963e-06
-1.07831e-06
-9.3043e-07
-6.92754e-07
-1.05181e-06
-1.28972e-06
-1.09454e-06
-1.26568e-06
-1.26377e-06
-9.13892e-07
-1.192e-06
-9.60433e-07
-1.13481e-06
-1.30022e-06
-2.18658e-06
-2.61538e-06
-1.61526e-06
-1.10864e-05
-6.53847e-07
-3.80626e-06
-6.21793e-06
2.67745e-06
-1.47989e-05
-1.95931e-06
1.31577e-05
-6.14297e-07
-1.98738e-05
-1.05614e-06
-1.06721e-06
-1.10372e-06
-1.12382e-06
-1.09272e-06
-1.04325e-06
-9.99982e-07
-9.68745e-07
-9.68406e-07
-1.0214e-06
-1.0878e-06
-1.12197e-06
-1.1032e-06
-1.05881e-06
-1.02356e-06
-1.01956e-06
-1.03833e-06
-1.10266e-06
-1.11519e-06
-1.0282e-06
-1.03253e-06
-1.07794e-06
-1.03878e-06
-1.01946e-06
-1.16793e-06
-1.3142e-06
-1.19981e-06
-9.13036e-07
-1.14891e-06
-1.17028e-06
-1.16003e-06
-1.26057e-06
-8.4481e-07
-1.16184e-06
-1.75326e-06
-1.71854e-06
-7.94904e-07
-2.33707e-06
-4.93953e-06
3.30906e-07
-1.87813e-06
-2.64927e-06
-1.58694e-06
-1.40317e-05
2.80972e-06
-2.73392e-05
-4.00729e-06
1.78398e-05
-1.47209e-05
-1.38954e-05
-1.04625e-06
-1.1327e-06
-1.1119e-06
-1.07519e-06
-1.03135e-06
-1.01231e-06
-1.01684e-06
-1.04466e-06
-1.1014e-06
-1.15261e-06
-1.13901e-06
-1.0824e-06
-1.0583e-06
-1.05129e-06
-1.0259e-06
-1.03144e-06
-1.09335e-06
-1.11872e-06
-1.05059e-06
-1.03838e-06
-1.0772e-06
-1.08091e-06
-1.07048e-06
-1.02613e-06
-1.00255e-06
-1.17711e-06
-1.37822e-06
-1.19779e-06
-9.81044e-07
-1.08738e-06
-1.12867e-06
-1.16325e-06
-1.03027e-06
-1.46477e-06
-1.3727e-06
-1.02369e-06
-9.16164e-07
-7.40264e-07
-3.05693e-06
-3.08424e-06
-7.10691e-07
1.98533e-06
-2.47722e-06
-1.73599e-05
-1.49486e-05
-1.60336e-05
-1.58732e-05
1.34025e-05
-2.42972e-06
4.00695e-05
-1.03742e-06
-1.08047e-06
-1.05725e-06
-1.02614e-06
-1.02855e-06
-1.04659e-06
-1.0618e-06
-1.08516e-06
-1.10745e-06
-1.09185e-06
-1.05403e-06
-1.03767e-06
-1.05653e-06
-1.06983e-06
-1.07874e-06
-1.10171e-06
-1.09939e-06
-1.04279e-06
-1.02482e-06
-1.06867e-06
-1.06987e-06
-1.04896e-06
-1.07524e-06
-1.10904e-06
-9.99037e-07
-8.76957e-07
-1.05133e-06
-1.1566e-06
-1.1703e-06
-1.28772e-06
-1.06971e-06
-9.51686e-07
-1.19242e-06
-1.42246e-06
-1.08421e-06
-6.46999e-07
-1.64783e-06
-1.34997e-06
-2.10251e-06
-2.10273e-06
-3.24586e-06
-4.75659e-06
-6.45695e-06
-5.03561e-06
-3.37708e-07
9.9462e-06
-1.44839e-05
5.05826e-06
1.83087e-06
-3.35596e-06
-1.04122e-06
-1.04162e-06
-1.0491e-06
-1.06722e-06
-1.09642e-06
-1.11549e-06
-1.1303e-06
-1.1331e-06
-1.10586e-06
-1.06921e-06
-1.07029e-06
-1.09684e-06
-1.0931e-06
-1.07331e-06
-1.09925e-06
-1.12329e-06
-1.08799e-06
-1.0522e-06
-1.06701e-06
-1.06698e-06
-1.04984e-06
-1.05665e-06
-1.05111e-06
-1.05259e-06
-1.12247e-06
-1.01876e-06
-8.59424e-07
-8.49429e-07
-9.72575e-07
-1.05079e-06
-9.83265e-07
-1.15634e-06
-1.32774e-06
-1.14772e-06
-8.97129e-07
-6.47285e-07
-2.31786e-06
-2.46423e-06
-1.01914e-06
-8.72596e-07
-3.75085e-07
-3.50354e-06
-1.87694e-06
-2.70307e-06
-3.02093e-06
8.6262e-06
-1.7217e-05
-1.89987e-05
-9.75295e-06
-9.27767e-06
-1.03383e-06
-1.08584e-06
-1.09796e-06
-1.11685e-06
-1.11984e-06
-1.11213e-06
-1.10869e-06
-1.09147e-06
-1.0678e-06
-1.06112e-06
-1.07097e-06
-1.07288e-06
-1.06558e-06
-1.07884e-06
-1.09367e-06
-1.08597e-06
-1.0771e-06
-1.09068e-06
-1.10934e-06
-1.09349e-06
-1.09105e-06
-1.081e-06
-1.07073e-06
-1.03035e-06
-1.0673e-06
-1.13455e-06
-1.07907e-06
-1.04463e-06
-8.57481e-07
-7.93753e-07
-9.01296e-07
-1.06009e-06
-1.06647e-06
-8.36305e-07
-1.07888e-06
-1.64878e-06
-1.28798e-06
-1.42997e-06
-9.09353e-07
-5.88943e-07
-3.25549e-07
-3.90185e-06
-3.82655e-06
-6.27886e-06
-8.21401e-06
-7.43529e-06
7.26481e-06
-4.8336e-06
-1.38054e-05
-1.09736e-05
-1.02413e-06
-1.1216e-06
-1.12087e-06
-1.11523e-06
-1.10504e-06
-1.09654e-06
-1.08732e-06
-1.08477e-06
-1.095e-06
-1.11283e-06
-1.12234e-06
-1.12491e-06
-1.12495e-06
-1.12189e-06
-1.10345e-06
-1.08458e-06
-1.10192e-06
-9.69961e-07
-9.96538e-07
-1.1201e-06
-1.15291e-06
-1.15318e-06
-1.16146e-06
-1.16465e-06
-1.12211e-06
-1.03759e-06
-1.06655e-06
-1.17928e-06
-1.21027e-06
-1.09939e-06
-1.08617e-06
-7.72061e-07
-8.05e-07
-8.92088e-07
-1.24485e-06
-1.31798e-06
-9.32942e-07
-9.56681e-07
-1.84749e-06
-1.49015e-06
-1.62736e-06
-8.77758e-07
-1.92281e-06
-1.24687e-06
2.21663e-06
-4.56836e-06
1.8266e-05
2.91595e-06
-1.1047e-05
-3.68864e-05
-0.000629288
0.000132315
2.39085e-05
-3.63261e-05
-8.7007e-05
-0.000102325
-3.28135e-05
-2.11573e-05
-2.07692e-05
-7.6013e-06
-6.43504e-06
1.18912e-07
1.22559e-05
8.49168e-06
1.46699e-06
5.89083e-07
-1.41709e-06
1.18314e-07
9.75438e-07
1.40072e-07
-6.52117e-07
-8.23957e-07
-1.11941e-06
-1.19054e-06
-1.16511e-06
-1.09502e-06
-1.06017e-06
-1.01904e-06
-9.93161e-07
-1.02696e-06
-1.03494e-06
-1.01614e-06
-9.48987e-07
-9.67032e-07
-1.02678e-06
-1.06053e-06
-1.06998e-06
-9.49412e-07
-9.04874e-07
-9.40463e-07
-9.91907e-07
-1.04839e-06
-1.06494e-06
-1.04861e-06
-9.8469e-07
-8.75909e-07
-7.96479e-07
-8.13912e-07
-9.17195e-07
-9.54622e-07
-0.00232245
-0.000855106
-0.000150329
0.000154521
-5.0811e-05
-9.19991e-05
-5.07337e-05
-4.99022e-05
-4.29656e-05
-2.02741e-05
3.05493e-05
3.18506e-05
6.48404e-06
-1.85766e-05
-1.32596e-05
3.475e-06
8.28544e-06
4.03843e-06
1.9616e-06
-3.27731e-07
-9.54085e-07
-1.05772e-06
-1.1643e-06
-1.13038e-06
-1.06727e-06
-1.04569e-06
-1.09104e-06
-1.11342e-06
-1.05169e-06
-1.02572e-06
-1.05773e-06
-1.06886e-06
-1.01628e-06
-9.8687e-07
-9.81874e-07
-1.00725e-06
-1.06406e-06
-1.10169e-06
-9.99463e-07
-9.16713e-07
-9.10865e-07
-9.54566e-07
-1.00816e-06
-1.03514e-06
-1.12501e-06
-1.01008e-06
-9.18984e-07
-8.04776e-07
-7.76067e-07
-8.83948e-07
-0.000893704
4.03672e-05
0.000543475
0.000279056
6.27379e-05
0.000137357
4.06479e-05
-6.87282e-06
6.35925e-05
0.000114971
3.83309e-05
-4.76474e-05
-4.2726e-05
9.71295e-06
2.8667e-05
1.33132e-05
-2.52016e-07
2.61636e-06
5.2834e-06
3.49181e-06
5.34644e-07
-6.58564e-07
-1.11491e-06
-1.30764e-06
-1.44364e-06
-1.39666e-06
-1.25443e-06
-1.05193e-06
-9.77674e-07
-9.533e-07
-1.00568e-06
-1.03334e-06
-1.02611e-06
-9.80463e-07
-9.77373e-07
-9.18608e-07
-9.71042e-07
-1.03531e-06
-1.03866e-06
-1.01409e-06
-9.51051e-07
-9.53244e-07
-9.64296e-07
-9.17973e-07
-1.04899e-06
-1.06081e-06
-1.059e-06
-9.96586e-07
-7.65235e-07
-8.58228e-07
-0.00177051
-0.000285724
0.000641988
0.000512343
0.000377721
0.000190801
5.67573e-05
0.000172325
0.000158731
2.24788e-05
-0.000134122
-2.03696e-05
7.09124e-05
4.33335e-05
-1.90728e-06
-1.16041e-05
1.24296e-05
2.2172e-05
9.30342e-06
3.80259e-06
1.70764e-06
3.94519e-07
-3.69887e-07
-1.00253e-06
-1.44854e-06
-1.57054e-06
-1.45156e-06
-1.21624e-06
-1.07142e-06
-1.02475e-06
-9.48648e-07
-9.64763e-07
-9.9123e-07
-1.02471e-06
-1.00921e-06
-1.02236e-06
-9.66942e-07
-9.50837e-07
-1.01729e-06
-1.06683e-06
-1.00885e-06
-1.03132e-06
-9.9924e-07
-9.63633e-07
-9.25142e-07
-9.74163e-07
-1.02652e-06
-1.0312e-06
-9.85218e-07
-9.05899e-07
-0.0127207
-0.00538042
9.51842e-07
0.00164839
0.00143392
0.000707803
0.000431426
0.000219164
-3.40077e-05
-0.000180932
6.4491e-05
0.000156422
3.21682e-05
-4.77233e-05
-6.87516e-06
1.80317e-05
1.22957e-05
-2.91867e-06
-9.32228e-07
8.98506e-06
6.91437e-06
3.001e-06
1.08724e-06
-2.80807e-07
-1.25842e-06
-1.76142e-06
-1.82511e-06
-1.68024e-06
-1.49739e-06
-1.28197e-06
-1.05367e-06
-9.70745e-07
-9.32094e-07
-9.68889e-07
-9.71762e-07
-1.02396e-06
-1.03268e-06
-9.87e-07
-9.75704e-07
-9.8896e-07
-9.85154e-07
-9.95324e-07
-1.01345e-06
-1.00219e-06
-9.41113e-07
-9.54935e-07
-9.41854e-07
-9.79787e-07
-9.88708e-07
-1.01944e-06
-0.0570658
-0.0370001
-0.00238513
0.0102839
0.0110128
0.00639961
0.00275667
0.000943961
0.000162634
9.61459e-05
0.000186796
-6.75812e-05
-0.000107053
5.27931e-05
1.11257e-05
-5.04486e-05
-3.18687e-05
8.22039e-06
1.18645e-05
4.12222e-06
3.70218e-06
1.8389e-06
4.26865e-06
3.23622e-06
1.76808e-07
-1.37685e-06
-2.24238e-06
-2.81085e-06
-2.69658e-06
-2.20109e-06
-1.61403e-06
-1.07532e-06
-7.90633e-07
-8.38304e-07
-9.03523e-07
-9.41537e-07
-9.92309e-07
-9.71732e-07
-9.70585e-07
-9.961e-07
-9.78507e-07
-9.85295e-07
-9.89298e-07
-1.00302e-06
-9.99724e-07
-9.97966e-07
-9.87883e-07
-9.50715e-07
-9.4349e-07
-9.96914e-07
-0.0222031
-0.0211656
-0.0165389
-0.00272093
0.0399187
0.034087
0.018658
0.00716655
0.00232714
0.000907399
7.78554e-06
-9.48298e-06
0.000183588
-1.14764e-05
-0.000101137
2.13493e-06
3.36964e-05
-1.49281e-05
-5.72609e-05
-0.000105408
-0.000137743
-0.000111327
-4.31147e-05
2.91968e-06
1.84897e-05
1.50436e-05
3.7226e-06
-2.68817e-06
-5.43539e-06
-5.30571e-06
-3.15998e-06
-1.63356e-06
-1.48006e-06
-1.25145e-06
-7.53151e-07
-5.16661e-07
-6.50398e-07
-7.9665e-07
-9.32956e-07
-1.00843e-06
-1.05063e-06
-1.04085e-06
-1.01887e-06
-9.98184e-07
-9.89645e-07
-9.96103e-07
-9.92521e-07
-9.47645e-07
-9.4255e-07
-9.61422e-07
0.0102075
0.000705918
-0.0147205
-0.0208421
-0.0111285
0.0171658
0.0697208
0.0341262
0.0135945
0.00456867
0.00129346
0.000523805
4.60008e-05
-0.000115233
4.90475e-05
-1.29727e-05
-0.000200711
-0.000344532
-0.000725612
-0.00157121
-0.00201168
-0.00144175
-0.000816157
1.20305e-05
0.00037968
0.000414375
0.000254732
0.000115783
3.76977e-05
8.3428e-06
-1.82824e-06
-7.39865e-06
-1.19749e-05
-1.56349e-05
-1.44286e-05
-7.21825e-06
-1.85983e-07
2.18183e-06
1.5306e-06
2.29347e-07
-7.00759e-07
-1.12715e-06
-1.38092e-06
-1.31391e-06
-1.0794e-06
-9.61168e-07
-9.12673e-07
-9.01644e-07
-9.51892e-07
-9.82874e-07
0.0267612
0.0111882
-0.00773261
-0.0252633
-0.0574744
-0.0137062
0.0063889
0.0632034
0.0427126
0.0174506
0.00604227
0.00162614
0.000221965
0.000251477
-3.99294e-05
-0.000400448
-0.000948699
-0.00261776
-0.00666303
-0.0111092
-0.00834376
-0.00511772
-0.00328722
-0.00222513
0.00106728
0.00526371
0.00301347
0.00167497
0.000782043
0.000298649
4.35575e-05
-6.2747e-05
-0.000167919
-0.000372532
-0.000403142
-0.000235892
1.40667e-05
9.71663e-05
0.000100317
6.3605e-05
2.46699e-05
-1.10129e-06
-1.22257e-05
-1.57131e-05
-1.48259e-05
-4.39144e-06
2.51335e-06
3.3712e-06
9.93455e-07
-7.23559e-07
0.0324938
0.0120878
-0.00621383
-0.0178847
-0.0650886
-0.0383437
-0.0105627
0.0121022
0.0594509
0.0420461
0.0183529
0.00544848
0.00175724
0.000408715
-0.000535955
-0.00179913
-0.00649535
-0.0170027
-0.0141592
-0.00626266
-0.0019433
0.000114787
0.000295582
-0.00113086
-0.000711672
0.000467123
0.00403731
0.00879612
0.00489143
0.00209595
0.000290229
-0.000362477
-0.00248423
-0.00397178
-0.00207833
-0.00111244
-0.000710772
0.000683932
0.00168754
0.000975479
0.00037788
-1.28607e-05
-0.000149298
-0.000297571
-0.000309869
-0.000172498
0.000123858
0.000136828
6.06028e-05
8.8754e-06
0.0337795
0.0180487
-0.00576184
-0.0169409
-0.0493214
-0.0512368
-0.0159136
-0.00201444
0.0361321
0.04497
0.0285283
0.0153154
0.00591205
0.000421176
-0.0017891
-0.0110692
-0.0252751
-0.0127857
-0.00334177
0.00424542
0.00953579
0.00311306
-0.00030633
-0.00336359
-0.00562382
-0.00184429
-0.000702418
0.00165818
0.00890297
0.006505
0.000959544
-0.00216232
-0.00655288
-0.00228312
-0.000668327
-0.000428953
-0.000282717
0.000157103
0.00121448
0.00312156
0.00117682
-0.000219017
-0.00107921
-0.00140243
-0.000653394
-0.000439911
1.7372e-05
0.00116843
0.000533566
-1.94254e-05
0.0330378
0.0247358
-0.00429277
-0.0175383
-0.0460634
-0.0448689
-0.0200442
-0.00594149
0.0241285
0.0385929
0.0279784
0.0187122
0.00824993
-0.000366961
-0.00844412
-0.0296469
-0.0161618
-0.00437585
0.00298598
0.0152214
0.00929332
0.00165584
-0.00141621
-0.00949101
-0.00612768
-0.00189465
-0.000415591
0.00392252
0.00856353
0.00212096
-0.000989843
-0.005225
-0.00105759
0.00108152
0.0010654
-0.000262732
-0.000749532
-0.00040289
0.000747451
0.0012519
-0.000226548
-0.000959384
-0.000372397
-0.000148472
7.41163e-05
0.000374304
0.000510754
0.000120151
-0.000199174
-0.000311214
0.0327793
0.028285
0.00151717
-0.0150613
-0.0483565
-0.0447005
-0.0222143
-0.00498602
0.0217104
0.0297328
0.0253122
0.0173705
0.00435845
-0.00232947
-0.0166939
-0.0248046
-0.00995894
-0.00284064
0.00236166
0.0159111
0.0134383
0.0038168
-0.00128977
-0.0113874
-0.00715402
-0.00178683
0.00150434
0.00749529
0.00311692
-0.000371811
-0.00428403
-0.00234483
-0.000117693
0.00311423
0.000940877
-0.000518472
-0.001575
-0.000245104
0.00118485
0.000117538
-0.000410152
-0.000343681
0.000396522
0.000118638
-0.000197886
-0.000105073
0.000149048
-3.31478e-05
-2.40175e-05
2.75246e-05
0.0285023
0.0187471
0.00980783
-0.0117651
-0.0343772
-0.0528125
-0.0278423
-0.00658762
0.0136591
0.0252385
0.0227157
0.0149789
0.00313582
-0.00228817
-0.0152111
-0.0219743
-0.0099859
-0.00327337
-0.000323116
0.0090059
0.0194262
0.0112137
0.00194749
-0.00354029
-0.0136069
-0.00464881
-7.87309e-05
0.00598
0.00212391
-0.000384725
-0.00322017
-0.00184688
-0.000627153
0.00140656
0.00339555
0.000274339
-0.00153927
-0.00114758
-0.000101611
0.000509041
-2.97266e-05
-7.93594e-05
0.000433134
0.000632757
-0.000151527
-0.000513208
-0.00031634
-0.000206902
-8.35444e-06
0.000523516
0.0350976
0.00196408
0.00920552
-0.00522963
-0.0191845
-0.0547228
-0.0366055
-0.0128564
0.000309935
0.0201698
0.0203797
0.0137531
0.00374833
-0.00138295
-0.00764414
-0.0204584
-0.0112121
-0.00390615
-0.00148176
0.00605404
0.0196017
0.0145945
0.00553433
-0.000140741
-0.00492308
-0.0125227
-0.00442947
-0.000527424
0.00148764
0.000191112
-0.000695841
-0.0006022
-0.000129285
0.000876499
0.0047023
0.00278567
1.17485e-05
-0.00183205
-0.00297101
-0.00118268
-0.000581898
-0.000372937
0.000268015
0.00204897
0.00108723
-1.76005e-05
-0.000338305
-0.0007306
-0.000417152
-0.000237004
0.0327848
0.00684667
0.00190445
0.000466878
-0.00584996
-0.021361
-0.0499098
-0.0291803
-0.0117246
-0.00251465
0.0158894
0.0146331
0.00764447
0.000265
-0.0031915
-0.0160801
-0.0066339
-0.00243615
0.00522968
0.0208027
0.0127279
0.00540351
0.00164613
2.96854e-05
-0.000778657
-0.0038598
-0.00914283
-0.00590878
-0.0029034
-0.00152813
-0.00104882
-1.34656e-05
0.00296126
0.00393888
0.00224496
0.000906112
3.47262e-05
-0.00028636
-0.00125888
-0.000981715
-0.000581002
-0.000314824
0.000441741
0.000431898
0.000220855
2.88086e-05
-5.63789e-05
-8.23928e-05
-8.48442e-05
-3.07743e-05
0.0110759
0.00996783
0.00302511
0.00218264
-0.00123556
-0.00472221
-0.0151474
-0.0338027
-0.0291848
-0.0169958
-0.00845533
-0.00432275
0.000169337
-0.00209348
-0.00340541
-0.00225803
0.00174763
0.015024
0.0147752
0.00782498
0.00328267
0.00115567
0.000366963
1.4277e-05
-0.000129903
-0.000423281
-0.00131729
-0.0023593
-0.00167312
-0.00111593
-0.000463228
0.000554123
0.00056727
0.000416344
0.000233726
8.84905e-05
-3.70171e-06
-3.75364e-05
-5.93206e-05
-6.97397e-05
-5.48662e-05
-5.29339e-06
1.86579e-05
1.82978e-05
9.51772e-06
1.24643e-06
-3.50404e-06
-4.89502e-06
-3.51428e-06
-9.78002e-07
0.00373201
0.00263142
0.00143118
0.000803612
0.000698962
-0.00128744
-0.00282874
-0.00661026
-0.0128158
-0.0190981
-0.0191454
-0.0149349
-0.0102559
-0.00794219
-0.00450658
0.00730456
0.00748825
0.00508468
0.00263332
0.00113582
0.000417689
8.93869e-05
1.17115e-05
2.30513e-05
-8.48926e-06
-5.21733e-05
-9.18572e-05
-0.000136971
-0.000157487
-9.87336e-05
-1.1e-05
3.09478e-05
3.11503e-05
1.77209e-05
6.7754e-06
5.84728e-07
-1.87456e-06
-2.54456e-06
-2.99164e-06
-2.65543e-06
-1.49435e-06
-6.5861e-07
-5.35638e-07
-6.87814e-07
-8.7448e-07
-1.03325e-06
-1.10966e-06
-1.05084e-06
-9.84815e-07
-9.67571e-07
0.00559797
0.00141764
6.26948e-05
-0.00124467
-0.000578622
-5.27865e-05
-0.000711198
-0.00132363
-0.00191415
-0.0030265
-0.00474352
-0.00428444
-0.00336269
-0.0012979
0.000106272
0.00105591
0.000878781
0.000475591
0.000185692
6.06302e-05
3.30173e-05
1.05887e-05
-2.0666e-05
-1.50939e-06
1.70529e-05
8.42711e-06
1.04957e-06
-1.40897e-06
-1.55401e-06
9.34585e-08
1.40712e-06
9.08075e-07
-2.28421e-07
-1.10051e-06
-1.49654e-06
-1.37074e-06
-1.27215e-06
-1.21505e-06
-1.07893e-06
-9.59414e-07
-9.06864e-07
-9.10508e-07
-9.39106e-07
-9.76361e-07
-1.00021e-06
-1.00616e-06
-1.00011e-06
-9.62379e-07
-9.5376e-07
-9.84282e-07
0.00106729
0.00148871
0.000686465
5.83355e-05
-0.00063031
-0.000608461
-0.000213195
-0.00024535
-0.000313756
-0.000376469
-0.000372714
-0.000320308
-0.000207854
-6.47664e-05
4.01137e-05
4.44545e-05
9.78456e-06
-3.17437e-06
-7.37295e-06
-3.9574e-05
-2.96295e-05
-2.28387e-06
9.95259e-07
-5.1635e-06
-6.55955e-07
1.94673e-06
1.42427e-06
6.25732e-07
2.45768e-07
-8.13488e-08
-5.02495e-07
-8.81706e-07
-1.06423e-06
-1.14213e-06
-1.12317e-06
-1.09162e-06
-1.05929e-06
-9.87444e-07
-9.80982e-07
-9.79078e-07
-9.87285e-07
-9.85667e-07
-9.95793e-07
-9.95687e-07
-9.86784e-07
-9.83923e-07
-9.74811e-07
-9.44338e-07
-9.42403e-07
-9.95532e-07
-0.000599435
0.000248811
0.000698906
0.000409619
0.000217422
-2.86205e-05
-0.00026715
-0.000209916
-5.34379e-05
-1.49826e-05
-4.79588e-05
-7.01183e-06
8.97623e-06
-2.48062e-06
1.02648e-06
7.47861e-06
-1.92076e-05
-2.91181e-05
-1.33158e-05
-4.81858e-06
-1.01472e-05
-1.23984e-05
-7.35689e-06
-3.23261e-06
-1.11356e-06
1.28534e-07
2.87041e-07
-1.74253e-07
-5.94049e-07
-8.93819e-07
-9.99837e-07
-1.0782e-06
-1.07074e-06
-1.05137e-06
-1.01764e-06
-9.91286e-07
-1.01077e-06
-9.77646e-07
-9.81856e-07
-9.97924e-07
-9.86212e-07
-1.00036e-06
-1.00541e-06
-1.00489e-06
-9.73133e-07
-9.77757e-07
-9.46565e-07
-9.65994e-07
-9.71605e-07
-9.95858e-07
0.000933701
-0.00109784
-0.000406306
-0.000274796
-0.000389212
-3.60518e-05
0.000114924
1.39236e-05
-7.05481e-05
-2.63708e-05
-2.44084e-05
-8.65176e-06
1.05372e-05
-4.69308e-06
-1.61045e-05
-3.78536e-06
6.57034e-07
-6.56792e-06
-7.73987e-06
-6.63979e-06
-4.98898e-06
-3.17584e-06
-2.24965e-06
-1.36016e-06
-5.651e-07
-3.46351e-07
-4.93104e-07
-7.76694e-07
-9.6321e-07
-1.08454e-06
-1.10269e-06
-1.0958e-06
-1.03905e-06
-1.02867e-06
-1.0062e-06
-1.01851e-06
-9.85136e-07
-9.77865e-07
-9.87267e-07
-1.0192e-06
-9.70924e-07
-1.00741e-06
-1.00065e-06
-9.65881e-07
-9.21802e-07
-9.45535e-07
-1.02839e-06
-1.05176e-06
-1.0071e-06
-9.4408e-07
0.00057342
0.000222497
-0.00029954
-0.000186334
-0.000172533
-0.000390702
-0.000294799
2.28775e-05
8.69185e-05
4.84715e-05
3.10831e-05
-8.44532e-06
-9.84528e-06
-4.03974e-06
-7.20472e-06
-7.61303e-06
-8.7506e-06
-8.7847e-06
-5.11895e-06
-2.52689e-06
-2.07306e-06
-1.92356e-06
-1.24066e-06
-8.94218e-07
-7.13325e-07
-5.98662e-07
-7.23496e-07
-9.68762e-07
-1.11674e-06
-1.05742e-06
-1.00574e-06
-1.00017e-06
-1.03082e-06
-1.02858e-06
-1.08077e-06
-1.02104e-06
-1.00803e-06
-1.03965e-06
-1.05237e-06
-1.02753e-06
-9.77082e-07
-9.83165e-07
-9.52896e-07
-8.81105e-07
-1.03065e-06
-1.04822e-06
-1.05855e-06
-9.95313e-07
-7.644e-07
-8.79474e-07
0.00035661
-0.000176732
0.000128695
0.000162731
0.000187078
7.93578e-05
4.91039e-06
-0.000121953
-5.47435e-05
1.19514e-06
3.33217e-05
2.93407e-05
1.22483e-05
2.3802e-06
-5.93262e-06
-8.58106e-06
-4.91574e-06
-1.95062e-06
-2.39481e-06
-2.85648e-06
-1.96431e-06
-1.5301e-06
-1.09126e-06
-8.59848e-07
-8.22369e-07
-8.40789e-07
-9.70001e-07
-1.00678e-06
-9.38914e-07
-9.19662e-07
-1.01884e-06
-1.02261e-06
-1.00599e-06
-9.76049e-07
-9.17613e-07
-9.72281e-07
-1.03434e-06
-1.08788e-06
-1.00194e-06
-9.37679e-07
-9.16664e-07
-9.43018e-07
-1.01641e-06
-1.0575e-06
-1.14144e-06
-1.01545e-06
-9.15131e-07
-8.0352e-07
-7.781e-07
-8.8273e-07
0.00110849
3.63143e-05
-1.57635e-05
-1.14299e-05
-1.43604e-05
4.20353e-05
0.000100463
5.75976e-05
1.42557e-05
1.24006e-06
-7.62345e-06
-5.18406e-06
-6.45975e-06
-3.78438e-06
-1.46515e-06
-3.77842e-06
-3.6637e-06
-3.24447e-06
-1.99686e-06
-1.31208e-06
-1.32972e-06
-1.29704e-06
-9.55471e-07
-9.85156e-07
-9.45454e-07
-9.09023e-07
-9.91694e-07
-9.94688e-07
-9.84621e-07
-1.02519e-06
-1.04808e-06
-1.04036e-06
-9.52176e-07
-9.68328e-07
-1.01851e-06
-1.05795e-06
-1.09671e-06
-9.51554e-07
-9.01966e-07
-9.38979e-07
-9.88281e-07
-1.04707e-06
-1.06516e-06
-1.03945e-06
-9.84864e-07
-8.80228e-07
-7.9931e-07
-8.14789e-07
-9.17091e-07
-9.53986e-07
8.26133e-06
0.000316387
-8.52616e-05
-7.20911e-05
-3.43771e-05
-3.10779e-06
3.09384e-06
1.07418e-05
1.35909e-05
8.46813e-06
6.13716e-06
2.20398e-06
-2.13787e-06
-2.88146e-06
-3.191e-06
-3.41266e-06
-2.2851e-06
-1.8806e-06
-1.65352e-06
-1.23147e-06
-1.29532e-06
-1.15372e-06
-8.16966e-07
-9.46898e-07
-9.67201e-07
-9.72821e-07
-1.04147e-06
-1.01522e-06
-1.00397e-06
-1.05212e-06
-1.03854e-06
-9.79498e-07
-9.46744e-07
-9.95267e-07
-1.06284e-06
-1.07893e-06
-1.01241e-06
-9.22012e-07
-9.06735e-07
-9.72545e-07
-1.03278e-06
-1.07556e-06
-1.06118e-06
-9.99116e-07
-9.09387e-07
-8.37708e-07
-7.84902e-07
-8.52575e-07
-1.02415e-06
-1.00252e-06
-0.000343102
1.89023e-05
5.06979e-05
1.42497e-06
1.46664e-05
1.36121e-05
6.9059e-06
1.42752e-05
1.50261e-05
8.81363e-06
6.93441e-06
5.30468e-06
5.56797e-07
-1.80792e-06
-2.53912e-06
-3.17285e-06
-2.87997e-06
-2.14688e-06
-1.80097e-06
-1.42023e-06
-1.34605e-06
-1.36396e-06
-9.66381e-07
-8.7899e-07
-1.02747e-06
-9.57518e-07
-1.03265e-06
-1.06657e-06
-1.00645e-06
-1.00709e-06
-1.04759e-06
-1.03999e-06
-9.86772e-07
-9.44454e-07
-9.96017e-07
-1.07258e-06
-1.09476e-06
-1.03995e-06
-9.43754e-07
-8.97519e-07
-9.4861e-07
-1.01816e-06
-1.07386e-06
-1.09609e-06
-1.07615e-06
-1.01065e-06
-8.90536e-07
-7.83815e-07
-7.85586e-07
-1.03565e-06
0.000113628
-7.4041e-05
-9.97169e-06
1.48314e-06
1.35122e-05
1.38741e-05
3.15017e-06
1.49227e-05
1.48449e-05
9.2411e-06
7.51281e-06
4.35753e-06
1.95523e-06
-2.92855e-07
-1.04525e-06
-1.26484e-06
-2.2605e-06
-1.85539e-06
-1.45361e-06
-1.49567e-06
-1.34337e-06
-1.35355e-06
-1.09537e-06
-9.15751e-07
-1.08802e-06
-1.00831e-06
-1.02562e-06
-1.08529e-06
-1.00674e-06
-9.82229e-07
-1.04116e-06
-1.06212e-06
-1.02834e-06
-9.32655e-07
-9.62369e-07
-1.04524e-06
-1.10465e-06
-1.08931e-06
-1.00578e-06
-8.90577e-07
-9.16802e-07
-9.73177e-07
-1.04356e-06
-1.09503e-06
-1.11219e-06
-1.0916e-06
-1.00993e-06
-8.57684e-07
-7.33743e-07
-1.02691e-06
9.18331e-05
7.13837e-05
-2.46847e-06
1.69667e-05
1.19594e-05
9.45656e-06
7.32088e-06
1.4753e-05
1.28886e-05
9.22205e-06
8.58378e-06
3.99218e-06
1.75393e-06
-2.46332e-07
-6.63071e-07
-7.80268e-07
-1.88861e-06
-1.53486e-06
-1.30907e-06
-1.49564e-06
-1.22104e-06
-1.11791e-06
-1.33379e-06
-1.16289e-06
-1.12639e-06
-1.10388e-06
-1.01108e-06
-1.07922e-06
-1.0424e-06
-9.51927e-07
-1.01284e-06
-1.07214e-06
-1.0765e-06
-1.02922e-06
-9.18163e-07
-9.54429e-07
-1.06032e-06
-1.11287e-06
-1.10715e-06
-1.0499e-06
-9.05788e-07
-8.78217e-07
-9.34174e-07
-1.01564e-06
-1.08684e-06
-1.12615e-06
-1.12964e-06
-1.10383e-06
-9.95887e-07
-1.05824e-06
-0.000203807
2.17122e-06
1.67311e-05
2.19502e-05
5.75714e-06
-1.16445e-05
1.64947e-05
1.19489e-05
4.06056e-06
6.69252e-06
7.00841e-06
2.67931e-06
2.26569e-06
4.57475e-07
-3.2818e-08
-4.87525e-07
-1.28477e-06
-8.57243e-07
-1.13496e-06
-1.50842e-06
-1.06958e-06
-1.02739e-06
-1.3864e-06
-1.23293e-06
-1.05709e-06
-1.10492e-06
-9.98406e-07
-1.01977e-06
-1.0765e-06
-1.05315e-06
-1.00063e-06
-1.04491e-06
-1.07866e-06
-1.08974e-06
-1.00722e-06
-9.23844e-07
-9.64943e-07
-1.06311e-06
-1.11905e-06
-1.12644e-06
-1.06032e-06
-9.40969e-07
-8.95005e-07
-9.14559e-07
-9.7793e-07
-1.05939e-06
-1.12556e-06
-1.15629e-06
-1.13669e-06
-1.05492e-06
5.31818e-05
-7.9836e-05
2.08634e-05
1.9925e-05
-2.16353e-05
-7.50877e-07
1.80617e-05
9.5938e-06
-1.07006e-06
7.75497e-06
4.83103e-06
-7.10299e-07
1.25433e-06
6.00688e-08
-2.50004e-07
-8.70292e-07
-1.23583e-06
-7.70032e-07
-1.07414e-06
-1.27089e-06
-9.65449e-07
-1.21877e-06
-1.31141e-06
-1.13391e-06
-9.03857e-07
-1.00172e-06
-1.07066e-06
-9.70992e-07
-1.08292e-06
-1.12703e-06
-1.02804e-06
-9.92583e-07
-1.03784e-06
-1.0922e-06
-1.09844e-06
-1.00504e-06
-9.2763e-07
-9.61377e-07
-1.04563e-06
-1.11299e-06
-1.13858e-06
-1.09148e-06
-9.94406e-07
-9.26286e-07
-9.03976e-07
-9.30778e-07
-9.96435e-07
-1.06041e-06
-1.1142e-06
-1.06864e-06
0.000166382
3.62995e-05
-9.52256e-06
1.22737e-05
-1.52112e-05
1.9693e-05
1.60189e-05
2.17425e-06
-1.77452e-06
7.50294e-06
2.93728e-06
2.07322e-06
1.73322e-06
-2.64185e-07
-1.17251e-07
-2.87644e-07
-8.58739e-07
-1.01373e-06
-1.19554e-06
-1.0037e-06
-1.19957e-06
-1.21173e-06
-9.84592e-07
-8.92901e-07
-1.08033e-06
-1.05665e-06
-1.13645e-06
-1.067e-06
-1.04667e-06
-1.09497e-06
-1.06421e-06
-9.97291e-07
-1.01655e-06
-1.05171e-06
-1.10137e-06
-1.10463e-06
-1.01756e-06
-9.52297e-07
-9.66852e-07
-1.02514e-06
-1.09621e-06
-1.13957e-06
-1.11388e-06
-1.04587e-06
-9.81915e-07
-9.42571e-07
-9.50093e-07
-1.00054e-06
-1.08053e-06
-1.05551e-06
-7.08358e-05
1.56307e-05
-3.53503e-05
9.04272e-06
5.81231e-06
2.03679e-05
2.78534e-06
4.11889e-06
7.05738e-06
3.36278e-06
-2.20981e-06
2.7084e-06
3.06482e-07
-2.03477e-06
-2.12935e-07
-2.11865e-07
-5.57481e-07
-9.67624e-07
-1.02637e-06
-8.96526e-07
-1.27802e-06
-1.02858e-06
-6.15448e-07
-1.12717e-06
-1.2873e-06
-1.17689e-06
-1.09785e-06
-1.12647e-06
-9.87023e-07
-9.85609e-07
-1.0814e-06
-1.08856e-06
-1.03494e-06
-1.0222e-06
-1.04816e-06
-1.09905e-06
-1.10398e-06
-1.03728e-06
-9.76755e-07
-9.65599e-07
-1.00369e-06
-1.07623e-06
-1.11624e-06
-1.10979e-06
-1.06862e-06
-1.0025e-06
-9.39347e-07
-9.24761e-07
-9.48091e-07
-1.04885e-06
3.90071e-05
1.66781e-05
1.34404e-05
9.50611e-06
9.26003e-06
5.43019e-06
-1.09093e-05
2.95346e-06
6.20014e-06
1.69087e-06
1.11062e-06
1.61913e-06
-7.57218e-07
-4.28692e-07
-2.14262e-07
-1.21859e-06
-9.04439e-07
-1.15934e-06
-8.1958e-07
-7.947e-07
-1.11776e-06
-7.53639e-07
-1.09199e-06
-1.29847e-06
-1.16316e-06
-1.04705e-06
-9.71901e-07
-1.04167e-06
-1.0488e-06
-1.01873e-06
-1.08552e-06
-1.11813e-06
-1.06373e-06
-1.0334e-06
-1.03738e-06
-1.05889e-06
-1.10473e-06
-1.11186e-06
-1.06061e-06
-9.96613e-07
-9.64752e-07
-9.96684e-07
-1.06613e-06
-1.12677e-06
-1.15774e-06
-1.14557e-06
-1.09292e-06
-1.02675e-06
-9.6495e-07
-1.06278e-06
-3.92081e-05
-3.9352e-06
3.5042e-05
7.28106e-06
9.67573e-06
-1.171e-06
2.43825e-07
2.48305e-06
1.2951e-06
9.58513e-07
1.61183e-06
-2.43769e-07
-7.36512e-07
2.94938e-08
-3.87801e-07
-6.9464e-07
-6.70488e-07
-1.26038e-06
-8.91603e-07
-9.09997e-07
-9.2306e-07
-1.01135e-06
-1.24435e-06
-1.04062e-06
-7.70862e-07
-8.76264e-07
-9.90671e-07
-1.03537e-06
-1.14346e-06
-1.11791e-06
-1.05182e-06
-1.05202e-06
-1.07407e-06
-1.05784e-06
-1.04293e-06
-1.03988e-06
-1.05593e-06
-1.09505e-06
-1.11566e-06
-1.08945e-06
-1.02773e-06
-9.73137e-07
-9.72403e-07
-1.00324e-06
-1.04393e-06
-1.09311e-06
-1.12428e-06
-1.1024e-06
-1.06718e-06
-1.05643e-06
-1.40535e-05
-6.61823e-05
-1.43365e-05
-9.985e-06
6.58341e-06
7.40255e-06
3.20795e-06
1.44634e-06
1.13089e-06
4.39439e-07
-2.05043e-07
6.32924e-07
3.13917e-08
-1.09069e-06
-1.76696e-06
-6.75666e-07
-6.77254e-07
-1.07035e-06
-9.86045e-07
-9.86153e-07
-1.00456e-06
-1.14768e-06
-9.44474e-07
-7.48355e-07
-9.78323e-07
-1.13014e-06
-1.15908e-06
-1.11571e-06
-1.09178e-06
-1.07824e-06
-1.0237e-06
-1.02202e-06
-1.08419e-06
-1.09634e-06
-1.06279e-06
-1.04636e-06
-1.04137e-06
-1.05047e-06
-1.08739e-06
-1.1398e-06
-1.15135e-06
-1.10018e-06
-1.04449e-06
-1.01907e-06
-1.0129e-06
-1.03339e-06
-1.07628e-06
-1.11123e-06
-1.13137e-06
-1.04566e-06
5.91844e-05
1.75798e-05
-1.54875e-05
-3.32955e-06
1.81091e-06
6.78626e-06
1.37418e-06
-1.27229e-06
-1.59499e-06
1.03422e-07
-5.01648e-07
9.59086e-07
2.52218e-08
-8.52697e-07
-1.28657e-06
-8.03412e-07
-7.60118e-07
-9.24137e-07
-1.10154e-06
-1.03118e-06
-7.48008e-07
-9.06179e-07
-9.81799e-07
-1.1282e-06
-1.34974e-06
-1.22934e-06
-1.07461e-06
-1.00619e-06
-9.76158e-07
-1.03141e-06
-1.07818e-06
-1.07876e-06
-1.06391e-06
-1.08396e-06
-1.09058e-06
-1.07606e-06
-1.06912e-06
-1.05714e-06
-1.04643e-06
-1.0563e-06
-1.08881e-06
-1.10594e-06
-1.08245e-06
-1.0606e-06
-1.0461e-06
-1.02824e-06
-1.0258e-06
-1.0586e-06
-1.0818e-06
-1.03788e-06
1.14774e-05
3.10484e-05
9.36361e-06
-4.58049e-06
4.50064e-06
1.1477e-06
3.83615e-06
3.10825e-06
-3.58551e-07
-2.71017e-06
-1.17561e-06
3.73042e-07
-5.51005e-07
-4.08468e-07
-8.59163e-07
-1.38128e-06
-1.05612e-06
-7.30069e-07
-9.11994e-07
-1.16333e-06
-1.20569e-06
-1.24468e-06
-1.30606e-06
-1.29398e-06
-1.09992e-06
-9.72968e-07
-1.00004e-06
-1.02787e-06
-1.04744e-06
-1.07688e-06
-1.10265e-06
-1.09831e-06
-1.06314e-06
-1.06152e-06
-1.09384e-06
-1.09881e-06
-1.08845e-06
-1.09294e-06
-1.09163e-06
-1.06861e-06
-1.06914e-06
-1.10682e-06
-1.13385e-06
-1.12754e-06
-1.11567e-06
-1.09581e-06
-1.06664e-06
-1.04908e-06
-1.04223e-06
-1.04273e-06
1.28507e-05
2.75344e-07
-5.64093e-06
-9.2018e-06
-7.71895e-07
-1.08705e-06
4.28834e-06
4.76357e-06
-1.64918e-07
-9.97547e-07
-5.43726e-07
-2.38815e-06
-1.57326e-06
-9.18481e-08
-7.01258e-07
-1.10769e-06
-1.26363e-06
-1.14555e-06
-1.15613e-06
-1.23197e-06
-1.39411e-06
-1.33529e-06
-1.13901e-06
-1.04762e-06
-9.34841e-07
-1.03533e-06
-1.1084e-06
-1.13101e-06
-1.11223e-06
-1.05434e-06
-1.0499e-06
-1.05422e-06
-1.06954e-06
-1.07356e-06
-1.08441e-06
-1.09931e-06
-1.08816e-06
-1.07357e-06
-1.06765e-06
-1.06707e-06
-1.06029e-06
-1.06507e-06
-1.09153e-06
-1.10706e-06
-1.11243e-06
-1.11939e-06
-1.11698e-06
-1.09655e-06
-1.08445e-06
-1.03331e-06
5.03226e-06
-4.95025e-06
-5.15151e-06
-2.04184e-07
4.98324e-06
-9.63133e-06
2.01958e-06
-1.01858e-06
-8.71587e-07
6.21126e-07
-4.05251e-07
-1.58021e-06
-7.16653e-07
-6.98263e-07
-1.03486e-06
-8.59023e-07
-1.11769e-06
-1.28589e-06
-1.28036e-06
-1.20663e-06
-1.15176e-06
-1.0456e-06
-1.00482e-06
-1.05288e-06
-1.1015e-06
-1.06366e-06
-9.63584e-07
-1.09023e-06
-1.02479e-06
-1.07624e-06
-1.04846e-06
-9.9504e-07
-1.06926e-06
-1.13939e-06
-1.12789e-06
-1.11564e-06
-1.11861e-06
-1.11965e-06
-1.11637e-06
-1.11214e-06
-1.1063e-06
-1.09425e-06
-1.08551e-06
-1.09162e-06
-1.09658e-06
-1.1044e-06
-1.1147e-06
-1.12018e-06
-1.11868e-06
-1.02388e-06
-3.18839e-06
2.26769e-06
-1.62473e-05
0.000170374
1.56455e-05
-0.000125655
-0.000157369
0.000187898
0.000153392
0.000120384
-5.43986e-06
-2.92438e-05
-2.11865e-05
0.000123536
0.000113463
2.11236e-05
-0.000149355
-0.000287239
-4.98753e-05
0.0001274
2.36659e-06
-9.42357e-05
1.57994e-05
2.0452e-05
6.9278e-05
9.62279e-05
8.15923e-05
-1.50918e-05
8.46584e-06
0.000135096
-1.7939e-05
-1.77928e-05
-1.28875e-05
-2.36877e-05
1.0571e-05
7.23698e-05
0.00013807
7.24771e-05
9.8891e-05
0.000142162
2.85405e-05
3.558e-05
-1.87023e-05
-0.000119992
-0.000179038
0.000115095
0.000287051
0.000278495
0.00035262
0.000102583
3.17107e-05
0.000115562
4.5405e-05
-0.000268872
-5.9917e-05
4.89429e-05
0.000104816
-1.65377e-05
4.70745e-05
8.02235e-05
5.01048e-05
9.77147e-05
-4.89157e-05
-0.000120701
6.93977e-05
0.00016104
0.000137756
-9.8848e-05
-0.00113204
-0.000118527
1.99008e-05
4.0146e-05
1.10161e-05
7.48557e-06
4.90414e-05
9.61067e-05
0.000102471
0.000239521
-0.00169378
-0.000137049
-2.3669e-05
-1.41563e-05
-1.37883e-05
0.000164536
3.77151e-05
-0.000248273
-0.00022557
-0.000312514
-0.000799426
-0.000159392
-2.81317e-05
2.21311e-05
-8.14245e-05
0.000107185
8.44113e-05
-7.87115e-05
-9.80789e-05
-1.51778e-05
-1.49983e-06
1.15857e-05
-3.76702e-05
-2.41678e-05
-1.20507e-05
2.16061e-05
8.98386e-05
6.12774e-05
-2.95512e-05
0.000215781
0.000401833
3.00115e-05
2.44414e-05
8.28645e-06
7.45593e-06
7.25119e-06
3.09872e-06
-3.52878e-05
-0.00017434
-0.000472051
0.000303689
1.77145e-05
4.58204e-05
5.29546e-05
5.32026e-05
9.0962e-06
-7.4108e-05
-5.76193e-05
0.000120822
0.000100824
8.14832e-05
-3.85255e-05
4.69653e-05
6.21488e-05
4.97162e-05
-1.20501e-05
-8.53479e-05
-0.000106861
-0.000208231
-0.000351608
0.000154388
0.000153345
2.35074e-05
2.89531e-05
3.84432e-05
-1.82352e-05
-8.44332e-05
7.2009e-05
0.000358551
0.000955482
0.000571693
6.61307e-05
-0.000286926
-0.000610534
-0.000982738
-0.0018562
-0.00341978
-0.00148992
-0.00134928
-0.00398251
-0.0110781
-0.0228491
-8.3213e-05
4.81042e-05
-8.09999e-05
-0.000565274
-0.000875885
-0.00186851
-0.000232707
-5.61819e-05
-0.0015339
-0.000180664
-1.98066e-05
-0.000155222
-0.000403797
-0.000289475
-0.000362362
-0.000756401
-0.00217195
0.000512914
0.000440974
2.42372e-05
3.72857e-05
-4.43284e-05
-8.70514e-05
-0.000245262
-0.000394754
-0.000349975
-0.00127225
-0.0012772
0.00033018
2.45084e-05
2.13388e-05
4.059e-06
0.000213876
0.000218523
-8.99004e-05
-0.000337198
-0.000522693
-0.00288393
0.0014639
1.1213e-05
-9.93697e-06
7.41744e-06
2.36134e-05
-0.000433395
0.000165983
-0.000123042
-0.000815756
0.000299509
0.00148217
4.19475e-05
-2.15075e-05
6.11713e-05
-0.000141276
-3.13727e-05
4.23079e-05
-0.000218606
0.000181651
-0.00180666
0.000894854
7.21005e-05
-5.67774e-05
3.20275e-05
0.000124593
0.000219487
-0.000139717
-3.86245e-05
-8.43379e-05
0.00135677
-0.0001138
0.000191078
-7.61172e-05
-7.08534e-05
-0.000288412
-0.000304201
-0.000253124
6.46449e-06
-0.000143234
-0.000439707
5.9368e-05
0.000243115
6.38995e-06
-0.000154506
1.36389e-06
0.000228173
0.000413533
5.8347e-05
-1.58677e-05
-0.000399478
0.000333465
0.000260901
2.8079e-05
7.16879e-05
0.000118745
-8.04859e-05
-0.000282702
-4.22683e-05
2.84773e-05
0.000753642
0.00048781
0.000193587
5.26392e-05
4.74521e-05
-0.000140853
-0.000114017
1.4417e-05
3.19265e-05
-1.66008e-05
-7.74752e-05
0.000325773
0.000157558
4.04272e-05
7.56018e-05
3.39903e-05
-2.12205e-05
-9.87139e-05
-0.000271696
-0.000215344
-0.000184363
0.000371267
0.000144075
2.55438e-05
3.79051e-05
7.29696e-05
5.33117e-05
-0.000137039
-7.3546e-05
-5.74596e-05
0.000396805
0.000270963
0.000117672
-9.05892e-05
-8.13967e-05
-1.64865e-05
3.10355e-05
1.55373e-05
-0.000105669
-0.000268061
-0.000647663
0.000138685
0.000114462
-0.00711186
-0.0193626
-0.013506
-0.00400519
-0.00132437
-0.00323753
-0.00470912
-0.0042141
-0.00246745
-0.00139594
-0.0068557
-0.0317224
-0.0379544
-0.00960968
-0.00354714
-0.0013755
-0.00313177
-0.00444007
-0.00570423
-0.00542191
-0.00587043
0.0220544
-0.00803386
-0.0360355
-0.0107053
-0.00292611
-9.27411e-05
4.03753e-05
-0.000808148
-0.000593698
-0.000712618
0.0426558
-0.0068507
-0.0297966
-0.0305518
-0.0126152
-0.0058659
-0.00383636
-0.00271027
-0.00232208
0.00704255
-0.00419402
0.0197791
-0.0291635
-0.0616036
-0.0451684
-0.0282768
-0.022789
-0.0174303
-0.0172781
0.0143146
-0.00451219
-0.00541536
-0.0170145
-0.0469415
-0.101122
-0.107447
-0.098748
-0.0813295
-0.0733414
0.0209492
0.00525989
0.00337289
-0.00561683
-0.0196775
-0.0316604
-0.0379303
-0.030233
-0.0248179
-0.020044
0.0262577
0.0160973
0.0184542
0.00248816
-0.00518074
-0.00751981
-0.00467767
0.00162373
0.00326783
0.00796387
0.0251253
0.0240771
0.0300236
0.0347879
0.0375223
0.0407819
0.0434173
0.0399944
0.0345499
0.0339829
0.0249227
0.0228317
0.0307453
0.0357919
0.0331668
0.0260227
0.0207007
0.0193901
0.0274175
0.0328437
0.0256966
0.0189659
0.0191477
0.0218524
0.0157369
0.00473832
0.00508261
0.00846316
0.0213607
0.034376
0.0252239
0.0156716
0.0145919
0.0150766
0.00570993
0.00141761
0.000578455
0.000814963
0.00903926
0.0370766
0.0220129
0.0122922
0.0126626
0.0116492
0.00216505
0.000672325
-0.00800282
-0.0037621
0.000499986
0.0373173
0.0148192
0.00148103
0.00620427
0.00186795
-0.000665714
-0.00787317
-0.0253125
-0.0115617
1.14024e-05
0.0416473
0.00975616
-0.00434271
0.0033031
-0.00225574
7.32682e-05
-0.0129952
-0.0459637
-0.0210704
0.00858349
0.0545382
0.00579165
-0.00769432
-0.00578985
-0.00991067
-0.00929462
-0.0292879
-0.0466176
-0.00211505
0.0366383
0.0711592
0.00440741
-0.0107609
-0.0222411
-0.018943
-0.023459
-0.0536571
-0.00114503
0.0202351
0.0824354
0.0456459
0.00342603
-0.0189152
-0.0187803
-0.0221631
-0.0482177
-0.00151724
0.0218226
0.0899384
0.041605
0.015183
0.00373242
-0.00393144
-0.0192565
-0.0518436
-0.00651759
0.025416
0.0978096
0.0391528
0.0125631
0.00396423
0.00247179
-0.00832204
-0.0657115
-0.00246213
0.0434312
0.105632
0.0355278
0.0120631
0.00476211
0.00206456
-0.00299479
-0.0415599
-0.00717936
0.0522147
0.0761308
0.0239795
0.0110907
0.00447648
0.00453685
0.0035648
0.00118627
-0.0178412
0.0409434
0.0524513
0.0161326
0.0062305
0.00585788
0.00368002
0.000786143
0.00209347
0.00200724
0.0605472
0.0405504
0.0138079
0.00492552
0.00240864
0.00372677
0.00234854
0.00140772
0.000353629
0.0135525
0.0316644
0.0161139
0.00460064
0.00261129
0.00154526
0.0040742
0.000860376
2.12076e-05
0.00200358
0.0445342
0.0144969
0.00417573
0.00101705
0.00362449
0.0011197
0.00301191
0.00417353
-0.000488212
-0.000272233
-7.45131e-05
-0.000584438
-0.000947403
-0.000199173
0.00254439
0.0034365
-0.0012222
0.000872186
0.00155643
-0.000499591
-0.000113731
-0.00274392
-0.00151084
0.00102712
0.000703879
0.000621181
-0.000436085
-0.00122385
0.00018882
0.000448454
-0.000337614
-0.00118954
-0.000741078
0.000852387
-0.000515915
-0.0002473
0.000745718
-0.00012213
-0.000536534
-4.54282e-05
-9.36129e-05
-0.000295126
0.00260549
0.000481733
0.000990832
0.000200821
0.00028451
0.000336332
4.51481e-05
-0.000106542
8.28292e-05
-0.000702132
0.000319955
0.00144136
-3.70266e-05
-0.000347554
-1.64882e-05
0.000208233
0.000125325
-3.36525e-05
0.000156446
-0.000522051
-7.16846e-05
-0.000516992
0.00021146
0.000234024
-0.000168681
-6.57688e-05
7.32767e-05
0.000107706
0.000166731
-0.000692262
0.00144415
-0.000338338
-0.000296879
0.000463505
0.000344104
3.5968e-06
1.77882e-05
9.53241e-05
3.38189e-05
0.000401383
0.00143523
0.000330122
0.000340429
-0.000419538
-0.000262642
-3.76099e-06
-0.000195425
-0.000203511
-0.000315294
-0.000766599
-0.002556
0.000114323
0.000566605
0.000486372
7.79647e-05
-4.69411e-05
4.30155e-05
5.07817e-05
-6.09419e-05
-0.000211333
0.00170981
0.000151425
-0.000638595
-0.000214983
3.01752e-05
-1.64062e-05
1.22117e-05
-3.69227e-05
0.000378016
-0.00206613
-3.90624e-05
-0.000138213
0.000356966
-7.73181e-05
-0.000195379
-6.68933e-05
-5.22844e-05
7.47368e-05
0.000278895
0.00144827
-0.000743648
6.26359e-06
-8.14648e-05
9.51596e-05
5.45311e-06
-2.02858e-05
9.00645e-05
0.000117677
-0.000170493
0.000290317
0.00077547
9.76973e-05
-9.04249e-05
-0.000216787
-0.000180507
-9.96581e-06
-3.66463e-05
-2.58224e-05
-5.73111e-05
-0.000544312
0.000188225
0.000325452
0.00017215
-4.60394e-05
-4.7066e-05
4.43265e-06
4.23394e-05
4.31823e-05
0.000291896
0.000485442
-0.000912124
-0.000423284
-0.000181253
-4.49028e-05
-2.27178e-05
-3.03387e-06
5.70779e-05
4.77148e-05
-4.70708e-07
-4.83031e-07
-4.58772e-07
-4.86644e-07
-4.59423e-07
-4.52188e-07
-4.53563e-07
-4.42119e-07
-4.54897e-07
-4.79458e-07
-4.77655e-07
-4.59221e-07
-4.40069e-07
-4.19728e-07
-3.96647e-07
-3.79574e-07
-3.74287e-07
-3.78353e-07
-3.96234e-07
-4.15672e-07
-4.56293e-07
-4.72325e-07
-4.99006e-07
-5.10233e-07
-1.20754e-06
-9.13275e-07
-9.06576e-07
-9.68831e-07
-1.03146e-06
-1.0438e-06
-1.06518e-06
-1.10547e-06
-1.13004e-06
-1.12813e-06
-1.10466e-06
-1.07148e-06
-1.00377e-06
-9.68532e-07
-8.91006e-07
-8.12682e-07
-6.21528e-07
-4.88651e-07
-2.04592e-07
-8.5307e-09
4.2883e-07
7.01859e-07
1.25305e-06
1.64839e-06
3.06052e-06
-2.55499e-06
-8.61545e-07
-8.0743e-07
-8.43893e-07
-9.00126e-07
-9.40831e-07
-1.0088e-06
-1.05271e-06
-1.0532e-06
-1.064e-06
-1.10339e-06
-1.12633e-06
-1.10763e-06
-1.05568e-06
-9.03748e-07
-8.69078e-07
-8.66246e-07
-8.32218e-07
-7.17843e-07
-5.45333e-07
-9.69958e-08
1.8732e-07
7.04943e-07
9.99383e-07
2.15805e-06
-2.44976e-06
-9.62036e-07
-8.53603e-07
-7.65744e-07
-8.31653e-07
-8.69912e-07
-7.88044e-07
-7.22167e-07
-8.43767e-07
-1.06872e-06
-1.18875e-06
-1.11669e-06
-9.34281e-07
-9.3264e-07
-1.04939e-06
-1.15107e-06
-1.17052e-06
-1.12118e-06
-9.27432e-07
-7.65218e-07
-5.34426e-07
-4.93503e-07
-3.64449e-07
-1.00395e-07
1.02184e-06
-2.18226e-06
-1.02733e-06
-9.50215e-07
-9.30467e-07
-9.86775e-07
-9.57666e-07
-8.02181e-07
-7.00173e-07
-7.94622e-07
-9.69365e-07
-1.00025e-06
-8.37849e-07
-6.87406e-07
-7.73216e-07
-1.08711e-06
-1.35768e-06
-1.33558e-06
-1.01435e-06
-6.45939e-07
-8.2236e-07
-1.07689e-06
-1.16171e-06
-1.04741e-06
-7.49277e-07
4.01401e-07
-1.91909e-06
-9.73627e-07
-9.35448e-07
-9.7888e-07
-1.04308e-06
-9.9153e-07
-8.77455e-07
-8.75867e-07
-9.89162e-07
-1.02372e-06
-8.7495e-07
-6.9276e-07
-6.96089e-07
-9.01961e-07
-1.10912e-06
-1.12202e-06
-9.45241e-07
-7.61965e-07
-7.62219e-07
-9.68288e-07
-1.27569e-06
-1.37467e-06
-1.24852e-06
-9.28679e-07
2.5139e-08
-1.75042e-06
-9.45194e-07
-9.31388e-07
-9.79804e-07
-1.04032e-06
-1.00691e-06
-9.14549e-07
-9.0965e-07
-1.01742e-06
-1.08051e-06
-9.72883e-07
-7.81072e-07
-7.06684e-07
-8.26941e-07
-1.00821e-06
-1.05692e-06
-9.23866e-07
-7.38527e-07
-6.98205e-07
-8.59181e-07
-1.18692e-06
-1.36524e-06
-1.33819e-06
-1.15522e-06
-5.14999e-07
-1.61429e-06
-9.66382e-07
-9.53181e-07
-9.92696e-07
-1.002e-06
-9.16223e-07
-8.45983e-07
-9.27929e-07
-1.09713e-06
-1.14799e-06
-1.00203e-06
-8.09783e-07
-7.65032e-07
-8.87325e-07
-1.01403e-06
-9.75547e-07
-8.11425e-07
-6.38899e-07
-6.92596e-07
-9.52619e-07
-1.25043e-06
-1.34914e-06
-1.27098e-06
-1.0475e-06
-5.03324e-07
-1.52886e-06
-1.58671e-06
-2.31359e-06
-1.78161e-06
-1.58994e-06
-1.1944e-06
3.12153e-07
4.54221e-07
-5.6263e-07
-1.21937e-06
-1.52867e-06
-1.57804e-06
-1.55412e-06
-1.40766e-06
-8.63917e-07
4.28316e-07
-8.8026e-08
-7.81708e-07
-1.23887e-06
-1.4549e-06
-1.47813e-06
-1.39598e-06
-1.16584e-06
-5.00335e-07
-3.70965e-08
-8.8813e-07
-8.57471e-06
-6.91168e-05
-4.59489e-05
-7.77463e-06
1.43964e-06
2.90958e-05
5.28318e-05
1.70909e-05
1.41055e-06
-1.86983e-05
-4.79986e-05
-1.65288e-05
-1.21816e-06
5.11724e-06
2.98213e-05
1.95174e-05
4.19253e-06
-1.74951e-06
-2.21276e-05
-2.31012e-05
-6.28488e-06
-6.65735e-07
6.13153e-06
1.65801e-05
1.02264e-05
-0.000155383
-0.000477614
-0.000300758
-9.12784e-05
-2.91198e-05
0.000198904
0.000379255
0.000113259
-4.81459e-06
-9.08147e-05
-0.000217312
-9.28228e-05
-3.82455e-05
2.51174e-06
0.000159145
0.000105595
1.48059e-05
-2.00969e-05
-5.6841e-05
-6.50819e-05
-3.287e-05
-2.1657e-05
1.96169e-05
6.53996e-05
1.59682e-05
-0.000176709
-0.000138627
-9.45048e-06
0.000364096
0.000240022
2.47128e-05
-8.95721e-05
-0.000143514
-0.000129708
-9.60325e-05
-2.51523e-05
0.00018669
0.000150826
4.14431e-05
-3.95119e-05
-7.26115e-05
-7.97393e-05
-7.02201e-05
-3.76823e-05
7.96184e-05
0.000120095
4.83813e-05
-1.89729e-05
-3.23076e-05
-0.000113399
1.38313e-06
-1.80177e-05
-2.29534e-06
1.26966e-05
1.31068e-06
-7.01176e-06
-2.12508e-06
4.84434e-06
3.28935e-07
-3.69223e-06
-2.43209e-06
1.34722e-06
4.26344e-06
2.39451e-07
3.918e-06
5.19139e-07
-4.57972e-06
-2.37632e-06
-8.83887e-06
-5.60653e-07
5.52972e-06
6.43348e-06
1.54626e-05
2.86018e-06
-8.2827e-05
0.000276427
-4.79226e-06
-0.000126174
-0.000231729
-0.000147334
-0.000109669
-1.19794e-05
0.000257272
0.000182847
3.25255e-05
-6.47136e-05
-9.20305e-05
-0.000106946
-8.19316e-05
-3.30405e-05
0.00013557
0.000125876
4.56427e-05
-2.14864e-05
-5.59943e-05
-6.37842e-05
-6.00107e-05
-3.93054e-05
5.1432e-05
0.000132924
1.53814e-05
0.000677713
0.000371421
6.56187e-05
-2.56557e-05
-0.000302092
-0.000259211
-8.7721e-05
-3.95247e-05
5.90906e-05
0.000262407
0.000115566
3.73327e-06
-3.23745e-05
-0.000129301
-7.95807e-05
-3.68535e-05
-1.62584e-05
6.93341e-05
0.000105516
2.5264e-05
-1.51712e-05
-2.8772e-05
-4.23566e-05
-4.18954e-05
6.68824e-06
8.04198e-05
4.27873e-05
9.75621e-06
-2.12349e-06
-4.36925e-05
-5.11511e-05
-1.15207e-05
6.68695e-07
1.28614e-05
4.19053e-05
1.92388e-05
2.8934e-06
-7.43582e-06
-3.79124e-05
-2.01667e-05
-3.51883e-06
1.24293e-06
1.6808e-05
2.25078e-05
6.33146e-06
-4.21369e-07
-1.30981e-05
-1.80223e-05
-1.32996e-05
-4.91033e-07
5.71747e-07
2.23415e-07
-7.28278e-07
-1.39897e-06
-1.60758e-06
-1.75251e-06
-1.59867e-06
-1.38727e-06
-5.51564e-07
4.96537e-07
-3.71971e-07
-1.03563e-06
-1.40367e-06
-1.50617e-06
-1.46207e-06
-1.31894e-06
-8.11768e-07
2.86239e-07
-2.51195e-07
-9.44847e-07
-1.38325e-06
-1.52652e-06
-1.53804e-06
-2.91044e-06
-9.04278e-07
-8.8526e-07
-9.53647e-07
-1.01716e-06
-9.85977e-07
-9.28682e-07
-9.62131e-07
-1.05796e-06
-1.06806e-06
-9.36546e-07
-7.96899e-07
-8.08906e-07
-9.63049e-07
-1.09021e-06
-1.02467e-06
-8.1386e-07
-5.8959e-07
-6.05171e-07
-8.62305e-07
-1.1955e-06
-1.3482e-06
-1.30468e-06
-1.10697e-06
-5.82789e-07
-1.65344e-06
-9.6059e-07
-9.28803e-07
-9.59027e-07
-1.01496e-06
-9.91295e-07
-9.12954e-07
-9.21297e-07
-1.04255e-06
-1.1129e-06
-9.96019e-07
-7.82467e-07
-6.91045e-07
-8.11865e-07
-1.0079e-06
-1.06916e-06
-9.35293e-07
-7.37065e-07
-6.83271e-07
-8.3828e-07
-1.17005e-06
-1.35812e-06
-1.33744e-06
-1.15721e-06
-5.19686e-07
-1.63378e-06
-9.81066e-07
-9.43791e-07
-9.83389e-07
-1.04495e-06
-9.90948e-07
-8.71628e-07
-8.67114e-07
-9.87029e-07
-1.03629e-06
-8.98883e-07
-7.14772e-07
-7.05157e-07
-8.97895e-07
-1.09923e-06
-1.1127e-06
-9.37124e-07
-7.51011e-07
-7.45788e-07
-9.4794e-07
-1.2616e-06
-1.37585e-06
-1.26522e-06
-9.65326e-07
-3.65974e-08
-1.7561e-06
-1.00729e-06
-9.47386e-07
-9.50952e-07
-1.01939e-06
-9.80957e-07
-8.04662e-07
-6.93791e-07
-7.96053e-07
-9.73311e-07
-9.87779e-07
-8.12555e-07
-6.8012e-07
-8.03683e-07
-1.13214e-06
-1.37143e-06
-1.29358e-06
-9.06879e-07
-6.77287e-07
-8.39103e-07
-1.10437e-06
-1.19406e-06
-1.07896e-06
-7.77386e-07
3.68329e-07
-1.89197e-06
-9.19454e-07
-8.39463e-07
-7.39819e-07
-8.03001e-07
-8.91599e-07
-8.19058e-07
-7.24178e-07
-8.52812e-07
-1.07827e-06
-1.16598e-06
-1.05953e-06
-9.34459e-07
-9.30946e-07
-1.0495e-06
-1.16343e-06
-1.19347e-06
-1.14431e-06
-9.41617e-07
-7.55467e-07
-5.21151e-07
-5.06377e-07
-3.86062e-07
-1.29782e-07
9.94129e-07
-2.16978e-06
-7.95862e-07
-8.73074e-07
-8.65278e-07
-8.58426e-07
-9.68206e-07
-1.04919e-06
-1.03096e-06
-1.02119e-06
-1.0649e-06
-1.11535e-06
-1.13005e-06
-1.10981e-06
-1.06744e-06
-9.45468e-07
-8.80699e-07
-8.29135e-07
-8.03365e-07
-7.11095e-07
-5.58319e-07
-1.40593e-07
1.6201e-07
7.4785e-07
1.05657e-06
2.16036e-06
-2.44417e-06
-9.16382e-07
-9.08133e-07
-9.67905e-07
-1.02976e-06
-1.04157e-06
-1.06228e-06
-1.10268e-06
-1.12815e-06
-1.12674e-06
-1.10436e-06
-1.07136e-06
-1.00326e-06
-9.6735e-07
-8.88635e-07
-8.09634e-07
-6.16407e-07
-4.83526e-07
-2.02196e-07
-1.03752e-08
4.18406e-07
6.89377e-07
1.23869e-06
1.63045e-06
3.02744e-06
-2.55335e-06
-4.70055e-07
-4.82901e-07
-4.57616e-07
-4.86254e-07
-4.58425e-07
-4.47082e-07
-4.52167e-07
-4.47411e-07
-4.61085e-07
-4.82225e-07
-4.76284e-07
-4.53742e-07
-4.32246e-07
-4.12486e-07
-3.9323e-07
-3.80698e-07
-3.78424e-07
-3.8356e-07
-4.03372e-07
-4.22545e-07
-4.60738e-07
-4.75518e-07
-5.01414e-07
-5.21103e-07
-1.22656e-06
)
;

boundaryField
{
    inlet
    {
        type            calculated;
        value           nonuniform List<scalar> 
15
(
-1.12098e-06
-1.12552e-06
-1.13195e-06
-1.13695e-06
-1.14078e-06
-1.14438e-06
-1.14601e-06
-1.14593e-06
-1.14469e-06
-1.14231e-06
-1.13936e-06
-1.13542e-06
-1.13061e-06
-1.12527e-06
-1.11728e-06
)
;
    }
    outlet
    {
        type            calculated;
        value           nonuniform List<scalar> 
25
(
-1.20754e-06
-2.55499e-06
-2.44976e-06
-2.18226e-06
-1.91909e-06
-1.75042e-06
-1.61429e-06
-1.52886e-06
-8.8813e-07
1.02264e-05
1.59682e-05
-0.000113399
-8.2827e-05
0.000132924
-4.18954e-05
-1.32996e-05
-2.91044e-06
-1.65344e-06
-1.63378e-06
-1.7561e-06
-1.89197e-06
-2.16978e-06
-2.44417e-06
-2.55335e-06
-1.22656e-06
)
;
    }
    top
    {
        type            calculated;
        value           nonuniform List<scalar> 
40
(
-1.00252e-06
-1.03565e-06
-1.02691e-06
-1.05824e-06
-1.05492e-06
-1.06864e-06
-1.05551e-06
-1.04885e-06
-1.06278e-06
-1.05643e-06
-1.04566e-06
-1.03788e-06
-1.04273e-06
-1.03331e-06
-1.02388e-06
-4.70055e-07
-4.82901e-07
-4.57616e-07
-4.86254e-07
-4.58425e-07
-4.47082e-07
-4.52167e-07
-4.47411e-07
-4.61085e-07
-4.82225e-07
-4.76284e-07
-4.53742e-07
-4.32246e-07
-4.12486e-07
-3.9323e-07
-3.80698e-07
-3.78424e-07
-3.8356e-07
-4.03372e-07
-4.22545e-07
-4.60738e-07
-4.75518e-07
-5.01414e-07
-5.21103e-07
-1.22656e-06
)
;
    }
    bottom
    {
        type            calculated;
        value           nonuniform List<scalar> 
40
(
-1.00458e-06
-1.0358e-06
-1.0275e-06
-1.05784e-06
-1.05501e-06
-1.07023e-06
-1.05542e-06
-1.04753e-06
-1.06136e-06
-1.05614e-06
-1.04625e-06
-1.03742e-06
-1.04122e-06
-1.03383e-06
-1.02413e-06
-4.70708e-07
-4.83031e-07
-4.58772e-07
-4.86644e-07
-4.59423e-07
-4.52188e-07
-4.53563e-07
-4.42119e-07
-4.54897e-07
-4.79458e-07
-4.77655e-07
-4.59221e-07
-4.40069e-07
-4.19728e-07
-3.96647e-07
-3.79574e-07
-3.74287e-07
-3.78353e-07
-3.96234e-07
-4.15672e-07
-4.56293e-07
-4.72325e-07
-4.99006e-07
-5.10233e-07
-1.20754e-06
)
;
    }
    cylinder
    {
        type            calculated;
        value           nonuniform List<scalar> 
70
(
-7.45131e-05
-0.000113731
-0.000337614
-9.36129e-05
8.28292e-05
0.000156446
0.000166731
3.38189e-05
-0.000315294
-6.09419e-05
0.000378016
0.000278895
-0.000170493
-5.73111e-05
0.000291896
-0.00711186
-0.0068557
-0.00587043
-0.000712618
0.00704255
0.0143146
0.0209492
0.0262577
0.0251253
0.0249227
0.0256966
0.0252239
0.0220129
0.0148192
0.00975616
0.00579165
0.00440741
0.00342603
0.00373242
0.00247179
-0.00299479
0.00118627
0.00200724
0.0135525
0.0445342
-0.0228491
-0.000180664
2.42372e-05
2.45084e-05
1.1213e-05
4.19475e-05
7.21005e-05
0.000191078
0.000243115
0.000260901
0.000193587
0.000157558
0.000144075
0.000117672
0.000114462
0.000120384
0.0001274
0.000135096
0.000142162
0.000102583
8.02235e-05
-0.000118527
-0.000137049
-0.000159392
1.15857e-05
3.00115e-05
1.77145e-05
-3.85255e-05
0.000153345
6.61307e-05
)
;
    }
    sides
    {
        type            empty;
    }
}


// ************************************************************************* //
