/*--------------------------------*- C++ -*----------------------------------*\
| =========                 |                                                 |
| \\      /  F ield         | OpenFOAM: The Open Source CFD Toolbox           |
|  \\    /   O peration     | Version:  2.3.1                                 |
|   \\  /    A nd           | Web:      www.OpenFOAM.org                      |
|    \\/     M anipulation  |                                                 |
\*---------------------------------------------------------------------------*/
FoamFile
{
    version     2.0;
    format      ascii;
    class       volScalarField;
    location    "1000";
    object      k;
}
// * * * * * * * * * * * * * * * * * * * * * * * * * * * * * * * * * * * * * //

dimensions      [0 2 -2 0 0 0 0];

internalField   nonuniform List<scalar> 
4825
(
0.00224936
0.00224939
0.0022494
0.00224942
0.00224942
0.00224941
0.00224942
0.00224942
0.0022494
0.00224935
0.00224933
0.00224932
0.00224932
0.00224934
0.00224938
0.00224938
0.00224934
0.0022493
0.00224928
0.00224929
0.0022493
0.00224935
0.00224945
0.00224955
0.00224989
0.00225057
0.00225166
0.00225214
0.00225254
0.00225365
0.0022544
0.00225637
0.00225847
0.00226112
0.00226267
0.00226686
0.00227559
0.0022833
0.00229111
0.00230926
0.00234028
0.00237767
0.00240876
0.00245817
0.00250274
0.00253118
0.00258319
0.00261832
0.00267398
0.00272442
0.0022489
0.00224888
0.00224887
0.00224884
0.00224882
0.0022488
0.00224876
0.00224872
0.00224867
0.00224865
0.00224865
0.00224866
0.00224869
0.00224879
0.00224885
0.00224892
0.00224894
0.00224897
0.00224903
0.0022491
0.00224919
0.00224931
0.0022495
0.00224981
0.00225047
0.0022512
0.00225259
0.00225325
0.00225398
0.00225558
0.00225693
0.00225946
0.00226229
0.00226602
0.00226923
0.00227542
0.00228667
0.00229889
0.00231029
0.00233603
0.00237299
0.00241045
0.00243823
0.00247887
0.00251624
0.00254486
0.00259281
0.00262579
0.002675
0.00271364
0.00224808
0.00224807
0.00224807
0.00224808
0.0022481
0.0022481
0.00224809
0.00224809
0.00224808
0.00224809
0.00224811
0.00224818
0.00224833
0.00224855
0.00224865
0.00224876
0.0022488
0.00224883
0.00224891
0.00224896
0.00224905
0.0022492
0.00224944
0.00224982
0.00225053
0.0022512
0.00225289
0.00225399
0.00225468
0.00225659
0.00225801
0.00226063
0.00226427
0.00226959
0.00227307
0.00227899
0.00229187
0.00230665
0.00231884
0.00234716
0.00238089
0.00241715
0.00244341
0.00248095
0.00251739
0.00254512
0.00258667
0.00262449
0.00266407
0.00269592
0.00224772
0.00224771
0.00224772
0.00224774
0.00224777
0.00224778
0.00224778
0.00224777
0.00224778
0.00224779
0.00224782
0.0022479
0.00224804
0.00224824
0.00224843
0.00224849
0.00224852
0.00224857
0.00224875
0.00224886
0.00224898
0.00224923
0.00224955
0.00225029
0.00225071
0.00225125
0.00225289
0.00225533
0.00225614
0.00225805
0.00226038
0.00226241
0.0022676
0.00227328
0.00228175
0.00228669
0.00230096
0.0023162
0.00234037
0.00235832
0.00239318
0.00242337
0.0024519
0.00248517
0.0025193
0.00254624
0.00258347
0.00262285
0.00266377
0.00269331
0.00224719
0.00224719
0.00224719
0.00224723
0.00224728
0.00224731
0.00224731
0.00224732
0.00224733
0.00224736
0.00224741
0.00224755
0.00224771
0.00224794
0.00224822
0.00224832
0.00224838
0.0022485
0.00224875
0.00224891
0.00224906
0.00224949
0.00224987
0.0022507
0.0022518
0.00225232
0.00225338
0.00225591
0.00225764
0.00225977
0.00226369
0.00226573
0.00227062
0.0022752
0.00228692
0.00229463
0.00230735
0.00232407
0.00235629
0.00237306
0.00240443
0.00242957
0.00245788
0.00248921
0.00252073
0.00254922
0.00257971
0.00262102
0.00266134
0.00268835
0.00224697
0.00224697
0.00224698
0.00224701
0.00224708
0.00224711
0.00224713
0.00224714
0.00224716
0.0022472
0.00224728
0.0022474
0.00224759
0.00224786
0.00224811
0.00224827
0.00224835
0.00224854
0.00224874
0.00224905
0.00224934
0.00224969
0.00225005
0.00225083
0.00225224
0.0022531
0.00225403
0.00225634
0.00225858
0.0022608
0.00226434
0.00226865
0.0022721
0.00227851
0.0022894
0.00229925
0.00230958
0.00233397
0.00236411
0.00238096
0.00241196
0.00243845
0.00246356
0.00249372
0.00252302
0.00255339
0.0025796
0.00261854
0.00265904
0.00268809
0.0022468
0.0022468
0.0022468
0.00224682
0.00224688
0.00224692
0.00224695
0.00224699
0.00224705
0.00224711
0.00224724
0.00224733
0.00224749
0.00224767
0.0022479
0.00224819
0.0022483
0.00224854
0.00224875
0.00224921
0.00224954
0.00225006
0.00225087
0.00225126
0.00225234
0.00225381
0.0022547
0.00225717
0.00225883
0.00226242
0.00226488
0.00227062
0.00227459
0.00228233
0.00229172
0.0023053
0.00231753
0.00234375
0.00236936
0.00238848
0.00242529
0.00244607
0.00247161
0.00249908
0.00252559
0.00255849
0.0025792
0.00261932
0.00265435
0.00268672
0.00224676
0.00224675
0.00224675
0.00224676
0.0022468
0.00224684
0.00224689
0.00224694
0.00224704
0.00224711
0.00224723
0.00224735
0.00224749
0.00224759
0.00224778
0.00224811
0.00224835
0.00224847
0.00224875
0.00224936
0.00224968
0.00225012
0.00225114
0.00225165
0.0022524
0.00225396
0.00225497
0.00225701
0.00225954
0.00226143
0.00226628
0.00226967
0.00227632
0.00228392
0.00229018
0.00230821
0.0023213
0.0023404
0.00237316
0.00238804
0.00241955
0.00244346
0.00247089
0.00249856
0.00252225
0.00255866
0.00257861
0.00261653
0.0026456
0.00268271
0.00224683
0.00224682
0.00224681
0.00224681
0.00224683
0.00224686
0.00224692
0.00224699
0.0022471
0.00224722
0.00224729
0.00224741
0.00224749
0.0022476
0.00224778
0.00224798
0.00224821
0.00224838
0.00224884
0.00224934
0.00224963
0.00225042
0.0022509
0.00225176
0.00225236
0.0022536
0.00225469
0.00225692
0.00225883
0.00226093
0.00226612
0.00226886
0.00227523
0.0022825
0.00228906
0.00230854
0.0023198
0.00233853
0.00237379
0.00239315
0.0024129
0.00244628
0.00247023
0.00250043
0.00252591
0.00255448
0.0025825
0.00261485
0.00264678
0.00268348
0.00224701
0.00224701
0.00224699
0.00224699
0.00224699
0.00224701
0.00224705
0.00224715
0.00224729
0.00224741
0.00224747
0.00224753
0.00224757
0.00224764
0.00224777
0.00224791
0.00224805
0.00224837
0.00224894
0.00224926
0.00224967
0.00225041
0.00225081
0.00225141
0.00225192
0.00225306
0.00225464
0.00225591
0.00225698
0.00226
0.00226263
0.00226561
0.00227194
0.00227787
0.00228867
0.00230079
0.00231107
0.00233605
0.00236298
0.00237976
0.00241264
0.00244351
0.00246569
0.00249413
0.00252394
0.00255025
0.00258354
0.00261051
0.00265106
0.00268308
0.00224722
0.00224722
0.00224721
0.00224719
0.0022472
0.00224721
0.00224725
0.00224735
0.00224747
0.00224755
0.00224762
0.00224765
0.00224767
0.00224773
0.00224782
0.00224794
0.00224805
0.00224834
0.00224894
0.00224919
0.00224963
0.00225026
0.00225068
0.00225093
0.00225169
0.00225257
0.00225379
0.00225472
0.00225573
0.00225859
0.00226074
0.00226484
0.00227065
0.00227555
0.00228627
0.00229287
0.00230418
0.00233338
0.00235386
0.00237487
0.00241211
0.00243928
0.0024593
0.00248691
0.00252132
0.0025494
0.00258174
0.00261195
0.00264878
0.0026906
0.00224774
0.00224774
0.00224771
0.0022477
0.0022477
0.00224771
0.00224773
0.0022478
0.00224789
0.00224795
0.00224799
0.00224799
0.002248
0.00224801
0.00224804
0.00224809
0.00224817
0.00224839
0.00224887
0.00224926
0.00224959
0.00224998
0.0022502
0.00225048
0.00225145
0.00225189
0.00225256
0.00225311
0.00225445
0.00225702
0.00225885
0.00226205
0.00226757
0.00227113
0.00227892
0.00228551
0.00229877
0.00232595
0.00234086
0.00236705
0.00240635
0.00243219
0.00245379
0.00248371
0.00252019
0.00255013
0.00258172
0.00261256
0.00265078
0.00269856
0.00224809
0.00224808
0.00224807
0.00224805
0.00224804
0.00224804
0.00224806
0.00224811
0.00224818
0.00224822
0.00224824
0.00224827
0.00224829
0.00224831
0.00224834
0.00224839
0.00224847
0.0022487
0.00224911
0.00224943
0.00224968
0.00224997
0.00225008
0.00225041
0.00225098
0.00225125
0.00225158
0.00225215
0.00225368
0.00225495
0.00225624
0.00225895
0.0022628
0.0022658
0.0022724
0.00227804
0.00229406
0.00231056
0.00232257
0.00235307
0.00239178
0.00241529
0.00244404
0.00248073
0.00251816
0.0025517
0.00258
0.00261591
0.00265444
0.00270182
0.00224891
0.0022489
0.00224888
0.00224884
0.00224879
0.00224876
0.00224875
0.00224875
0.00224875
0.00224874
0.00224871
0.00224865
0.00224862
0.00224862
0.00224864
0.00224867
0.00224873
0.00224891
0.00224929
0.00224948
0.00224973
0.00224994
0.00225006
0.00225035
0.00225077
0.00225108
0.00225135
0.00225191
0.00225317
0.00225425
0.00225535
0.0022578
0.00226071
0.00226401
0.00226976
0.00227507
0.00228934
0.00230294
0.00231445
0.00234442
0.00237917
0.00240643
0.00243794
0.00247832
0.00251688
0.00255046
0.00258148
0.00262142
0.00267135
0.00271588
0.00224935
0.00224936
0.00224937
0.0022494
0.0022494
0.00224939
0.0022494
0.00224941
0.00224942
0.00224943
0.00224941
0.00224936
0.00224927
0.00224918
0.00224913
0.0022491
0.00224909
0.00224914
0.00224938
0.00224952
0.00224974
0.00224991
0.00224998
0.0022502
0.00225036
0.00225065
0.0022508
0.00225119
0.00225178
0.00225272
0.00225331
0.00225493
0.0022564
0.0022593
0.002264
0.00226691
0.00227733
0.00228647
0.00229566
0.0023203
0.00234901
0.00237858
0.00241167
0.0024552
0.00249917
0.00253525
0.00257013
0.00261368
0.00266831
0.00272115
0.00230366
0.00228222
0.00227918
0.00227645
0.0022743
0.00227246
0.00227106
0.00227005
0.0022692
0.0022683
0.0022675
0.00226629
0.00226526
0.0022648
0.00226418
0.00226364
0.00226358
0.00226344
0.00226305
0.00226339
0.00226401
0.00226463
0.00226593
0.00226784
0.00227018
0.00227343
0.00227836
0.00228361
0.00229045
0.002301
0.00231378
0.00233558
0.00236577
0.00240262
0.00246827
0.00255196
0.00266113
0.00283429
0.00298848
0.00304828
0.00309103
0.00314145
0.0031805
0.00318164
0.00317538
0.00317322
0.00323228
0.00346295
0.00381
0.00421559
0.00228746
0.00227489
0.00227261
0.00227074
0.0022695
0.00226853
0.0022679
0.0022672
0.00226638
0.00226552
0.00226446
0.00226341
0.00226296
0.00226276
0.00226239
0.00226216
0.00226228
0.00226219
0.00226222
0.00226346
0.00226409
0.00226509
0.00226696
0.00226926
0.00227215
0.00227643
0.00228165
0.00228674
0.00229645
0.00230912
0.00232379
0.00235198
0.00238571
0.00242997
0.00250442
0.0025909
0.00271474
0.00286467
0.00294269
0.00299519
0.00303135
0.00304544
0.00309298
0.00309233
0.00310249
0.00311876
0.0032158
0.00340456
0.00359008
0.00381741
0.00228567
0.00227223
0.00227017
0.00226886
0.00226803
0.00226737
0.00226684
0.0022661
0.00226522
0.00226433
0.00226316
0.00226242
0.00226221
0.00226196
0.00226162
0.00226144
0.00226107
0.00226054
0.00226123
0.00226178
0.0022621
0.00226348
0.00226471
0.0022668
0.00226964
0.00227318
0.00227612
0.0022811
0.00229233
0.00230193
0.00231235
0.0023377
0.00236327
0.0023978
0.00245659
0.00251734
0.00261221
0.0027272
0.00281037
0.00285924
0.00291221
0.00293007
0.00296548
0.0029934
0.00304149
0.00308808
0.00315713
0.00322154
0.00333512
0.00345535
0.00228299
0.00226794
0.00226683
0.00226639
0.00226587
0.0022654
0.00226475
0.0022637
0.00226269
0.00226182
0.00226112
0.002261
0.00226095
0.00226031
0.00226003
0.00226007
0.00225965
0.00225974
0.00226071
0.00226102
0.0022614
0.0022629
0.00226383
0.00226589
0.00226882
0.00227214
0.00227454
0.0022801
0.00229088
0.00229965
0.00230931
0.00233185
0.00235575
0.00238758
0.00244118
0.00249509
0.002578
0.00268539
0.00276121
0.00280006
0.00285997
0.00287903
0.00291211
0.00294802
0.00299685
0.00301822
0.00306567
0.00314791
0.00325245
0.0033193
0.00227978
0.00226636
0.00226556
0.00226525
0.00226473
0.00226408
0.00226307
0.00226192
0.00226122
0.00226064
0.0022603
0.00226031
0.00226016
0.00225942
0.00225914
0.00225922
0.00225888
0.00225903
0.00225947
0.00225931
0.00226021
0.0022615
0.00226213
0.00226384
0.00226666
0.00226923
0.00227247
0.00227894
0.00228434
0.00229375
0.00230624
0.00231997
0.00234638
0.00237319
0.00240742
0.00244996
0.00250132
0.00260042
0.00267997
0.00271116
0.00276333
0.00279139
0.00283818
0.00287008
0.00292475
0.00296371
0.00302554
0.00306833
0.00313675
0.00321595
0.0022776
0.00226482
0.00226382
0.00226309
0.00226233
0.00226135
0.00226026
0.00225981
0.00225952
0.00225918
0.00225913
0.00225887
0.00225836
0.00225796
0.0022579
0.00225763
0.00225785
0.0022585
0.00225835
0.00225856
0.00225963
0.0022605
0.00226141
0.00226299
0.00226477
0.0022665
0.00227179
0.00227859
0.00228012
0.00228958
0.00230451
0.00231194
0.0023303
0.00235623
0.00237927
0.00242864
0.00247344
0.00256317
0.00264707
0.00268216
0.00272427
0.00274767
0.00280687
0.00283648
0.00288715
0.00291207
0.00294685
0.00298111
0.00305718
0.00309625
0.00227391
0.00226335
0.00226238
0.00226129
0.00226049
0.00225946
0.00225894
0.0022589
0.0022587
0.00225836
0.00225821
0.00225757
0.00225688
0.00225723
0.00225727
0.00225686
0.0022569
0.00225709
0.00225706
0.00225773
0.00225813
0.00225852
0.00225968
0.00226151
0.00226292
0.00226471
0.00226956
0.00227649
0.00227796
0.00228178
0.00229583
0.00230504
0.00231597
0.0023445
0.00236737
0.00240632
0.0024417
0.00247729
0.00256602
0.00262033
0.00265333
0.00267059
0.00273057
0.0027744
0.00282099
0.00284676
0.00290317
0.0029421
0.00300257
0.00305046
0.00227218
0.00226059
0.00225956
0.00225864
0.00225809
0.00225771
0.00225782
0.00225765
0.00225716
0.00225667
0.00225638
0.00225587
0.0022557
0.00225581
0.00225589
0.00225561
0.00225554
0.00225569
0.00225642
0.00225677
0.00225696
0.0022575
0.0022584
0.00226029
0.0022621
0.00226411
0.00226546
0.00226949
0.00227615
0.00227967
0.00228737
0.00230022
0.00230502
0.00232452
0.00234048
0.0023632
0.00240043
0.00244621
0.00253221
0.00257489
0.00262051
0.00264447
0.00269934
0.00274924
0.00279227
0.00281482
0.00285179
0.00286919
0.00292422
0.00296831
0.00226904
0.00225791
0.00225715
0.00225706
0.00225681
0.00225684
0.0022569
0.00225646
0.00225598
0.00225556
0.00225517
0.00225502
0.00225512
0.00225512
0.00225469
0.00225469
0.00225487
0.00225509
0.00225511
0.00225485
0.00225538
0.00225637
0.00225678
0.00225764
0.00225993
0.00226279
0.00226343
0.0022637
0.00226947
0.00227628
0.00227847
0.00228501
0.00229176
0.00231023
0.00233125
0.00234684
0.0023823
0.00242456
0.00249591
0.00250536
0.00254277
0.0026018
0.00264023
0.00269654
0.00273047
0.00275328
0.00279499
0.00282137
0.00289425
0.00293549
0.00226633
0.00225638
0.00225585
0.00225573
0.0022555
0.00225537
0.00225501
0.00225435
0.00225422
0.00225426
0.00225394
0.00225389
0.00225416
0.0022538
0.00225335
0.00225357
0.00225391
0.00225404
0.0022537
0.00225397
0.00225461
0.00225511
0.00225577
0.00225599
0.00225637
0.00225838
0.00226183
0.00226175
0.00226291
0.00226833
0.0022706
0.00227813
0.00228781
0.00230352
0.00231591
0.00232555
0.00235154
0.00238016
0.00243724
0.00247807
0.00249999
0.00256983
0.00261659
0.00266912
0.00270294
0.00272774
0.00276944
0.00279442
0.00284063
0.00287686
0.00226331
0.00225526
0.00225493
0.00225452
0.00225445
0.00225406
0.00225336
0.00225325
0.00225341
0.00225327
0.0022532
0.00225331
0.00225316
0.00225272
0.00225278
0.00225307
0.00225307
0.0022526
0.00225264
0.00225319
0.00225334
0.00225335
0.0022539
0.00225485
0.00225497
0.00225539
0.00225709
0.00225969
0.00226077
0.00226518
0.00226593
0.00227121
0.00228183
0.00229027
0.0022924
0.00230395
0.0023398
0.00235778
0.00238175
0.00243585
0.00247638
0.00253929
0.00257407
0.00261073
0.00263776
0.00267271
0.0027201
0.00274901
0.00279699
0.00285784
0.00226083
0.00225364
0.00225339
0.00225314
0.00225301
0.00225261
0.00225252
0.00225266
0.00225232
0.002252
0.00225204
0.00225213
0.00225174
0.0022517
0.00225201
0.00225211
0.00225174
0.00225172
0.00225205
0.00225203
0.00225213
0.00225242
0.00225259
0.00225295
0.00225415
0.00225436
0.00225471
0.00225638
0.0022583
0.00226062
0.00226331
0.00226735
0.00227551
0.00227545
0.00228153
0.00229625
0.00232416
0.00234624
0.00235633
0.00238825
0.00243459
0.00251345
0.0025432
0.00256857
0.00259748
0.00265209
0.00269908
0.00273094
0.0027754
0.00282721
0.00225786
0.0022521
0.00225182
0.00225181
0.00225159
0.00225153
0.00225187
0.00225179
0.00225163
0.00225149
0.0022515
0.00225117
0.00225103
0.00225127
0.0022514
0.0022511
0.00225102
0.00225121
0.00225127
0.00225137
0.00225145
0.00225155
0.00225184
0.00225226
0.00225294
0.00225373
0.00225394
0.00225506
0.00225605
0.00225716
0.00226009
0.00226355
0.00226532
0.00226837
0.00227751
0.00229443
0.00230186
0.0023097
0.00232393
0.00236022
0.00241556
0.00246504
0.00249221
0.00253391
0.00256903
0.00261928
0.00265546
0.00268956
0.00273175
0.00278929
0.00225465
0.00225111
0.00225093
0.00225085
0.0022508
0.00225089
0.00225084
0.00225066
0.00225068
0.00225081
0.00225057
0.00225038
0.0022505
0.0022506
0.00225035
0.0022502
0.00225025
0.00225043
0.00225047
0.00225049
0.00225069
0.00225088
0.00225129
0.00225179
0.00225185
0.0022525
0.00225319
0.00225403
0.00225515
0.00225608
0.00225835
0.00225915
0.00226095
0.00226626
0.00227534
0.00228071
0.00228179
0.0022934
0.00231578
0.00235175
0.00240354
0.00244095
0.00247034
0.00250108
0.00253616
0.00259083
0.00263365
0.00266931
0.00271567
0.00277525
0.00225152
0.00225019
0.00225017
0.00225014
0.00225017
0.00225016
0.00224997
0.00224995
0.00224995
0.00224994
0.00224994
0.00224999
0.00225002
0.00224987
0.00224978
0.00224982
0.00224983
0.00224976
0.00224977
0.00224979
0.00224983
0.00225006
0.00225032
0.00225082
0.00225126
0.00225177
0.00225227
0.0022527
0.00225411
0.00225475
0.00225603
0.002258
0.00225959
0.00226351
0.00226494
0.00227082
0.00227723
0.00228864
0.00231191
0.00233137
0.00235861
0.00239243
0.00242433
0.00247103
0.00251221
0.00255023
0.00259766
0.00263115
0.00268409
0.00273648
0.00477764
0.00420541
0.00371203
0.00336551
0.0032645
0.00326873
0.0032893
0.00326993
0.00323314
0.00320133
0.00315257
0.00311838
0.00305775
0.0029187
0.00273257
0.00259907
0.00249697
0.0024298
0.00238099
0.00234679
0.00232401
0.00230735
0.00229672
0.00228919
0.00228238
0.00227693
0.00227305
0.00227014
0.00226768
0.00226632
0.00226522
0.00226436
0.00226421
0.00226421
0.00226425
0.00226441
0.0022648
0.00226516
0.00226576
0.00226697
0.00226788
0.0022688
0.00226963
0.00227061
0.00227153
0.00227296
0.00227457
0.00227716
0.00227855
0.00228392
0.00580442
0.00477681
0.00403917
0.00359285
0.00343126
0.00341631
0.0034095
0.00337662
0.00335202
0.00331289
0.00324656
0.00320406
0.00318015
0.00313447
0.00303673
0.00283216
0.00264232
0.00252319
0.00244437
0.00239335
0.002361
0.00233629
0.00231828
0.00230575
0.00229626
0.00228799
0.00228123
0.00227678
0.00227279
0.00226997
0.00226817
0.00226652
0.00226559
0.00226517
0.00226496
0.00226493
0.00226503
0.00226527
0.00226563
0.00226622
0.00226712
0.00226808
0.0022689
0.00226998
0.00227064
0.00227184
0.00227275
0.00227493
0.00227628
0.00227991
0.00702248
0.00552871
0.00447555
0.00386139
0.00363646
0.00360506
0.0035978
0.00356519
0.00348192
0.00339628
0.00334279
0.00333015
0.0033196
0.00327915
0.00320183
0.00310586
0.00294823
0.0027565
0.00259305
0.00248827
0.00242455
0.00238264
0.00235259
0.00233099
0.00231626
0.00230605
0.002297
0.00228939
0.00228264
0.00227733
0.00227359
0.00227095
0.00226877
0.00226737
0.00226651
0.00226607
0.00226579
0.00226581
0.00226592
0.00226625
0.00226673
0.00226754
0.00226807
0.00226917
0.00226984
0.00227093
0.00227159
0.0022731
0.00227415
0.00227692
0.00987853
0.0074708
0.00562281
0.00450723
0.00402122
0.00384398
0.0037664
0.00372176
0.00362423
0.00353427
0.00350942
0.00348461
0.00342247
0.00335906
0.00332832
0.00330377
0.00324375
0.0030756
0.0028615
0.00268256
0.00256275
0.00248187
0.00242436
0.00238352
0.00235537
0.0023359
0.00232067
0.00230848
0.00229829
0.00229003
0.0022836
0.00227874
0.0022749
0.00227204
0.00226996
0.00226866
0.00226768
0.00226718
0.00226686
0.00226687
0.00226702
0.00226752
0.00226792
0.00226876
0.00226932
0.00227038
0.00227093
0.00227209
0.00227282
0.00227472
0.0412189
0.0329153
0.0215228
0.0119016
0.00691978
0.0049303
0.00422965
0.00396345
0.00378744
0.00372795
0.00368034
0.00359553
0.00353283
0.00351934
0.00351456
0.00348803
0.00345047
0.00338187
0.00327258
0.0031192
0.0029247
0.00274559
0.00260521
0.00251076
0.00244782
0.00240411
0.00237261
0.00234937
0.00233159
0.00231728
0.0023053
0.00229571
0.00228813
0.00228224
0.00227771
0.00227454
0.00227217
0.00227058
0.00226941
0.00226875
0.00226828
0.0022683
0.00226843
0.00226887
0.00226933
0.00227027
0.00227077
0.00227177
0.00227231
0.00227352
0.601533
0.587276
0.45587
0.248426
0.101048
0.0349667
0.0125854
0.0061973
0.00449714
0.00404746
0.00386136
0.00379912
0.00378728
0.00376092
0.00373873
0.0037243
0.00369305
0.00362262
0.00352067
0.00339587
0.00323979
0.00307736
0.00292526
0.00277549
0.0026544
0.00256464
0.00249982
0.00245315
0.00241764
0.00238826
0.00236282
0.00234089
0.00232234
0.0023079
0.00229713
0.00228923
0.00228334
0.00227915
0.00227602
0.00227394
0.0022723
0.00227126
0.00227057
0.0022703
0.00227038
0.00227068
0.00227106
0.00227182
0.00227237
0.00227321
3.97882
3.9322
3.74735
3.14685
1.51481
0.559458
0.17786
0.0502991
0.015205
0.00659759
0.00459697
0.00414333
0.0040475
0.00403419
0.00401104
0.00397493
0.0039616
0.00397245
0.0040164
0.00411261
0.0042503
0.00437891
0.00426888
0.00387604
0.00345102
0.00310665
0.00288689
0.00275216
0.00267138
0.0026133
0.00255309
0.00249059
0.00243798
0.0023983
0.00236605
0.00233955
0.00231947
0.00230554
0.00229594
0.0022895
0.00228481
0.00228142
0.00227872
0.0022765
0.00227492
0.0022739
0.00227329
0.0022733
0.00227349
0.00227369
4.21543
3.65628
3.7979
4.79649
4.73325
3.59512
1.34044
0.43698
0.1227
0.0327722
0.0106441
0.00565228
0.00458716
0.00435935
0.00432792
0.00436403
0.00459527
0.00554988
0.00865008
0.0170013
0.0353897
0.0523136
0.0569714
0.0454912
0.029446
0.0168854
0.00940883
0.00568271
0.00408341
0.00343326
0.00313819
0.00299019
0.00290746
0.00287861
0.00286604
0.00280571
0.00268736
0.00255797
0.00245647
0.0023909
0.00235296
0.00233136
0.00231929
0.00231126
0.00230386
0.00229586
0.00228974
0.0022841
0.00228215
0.00227891
0.949975
0.734065
0.776447
1.2095
3.44072
4.38801
3.78972
1.79471
0.57911
0.168471
0.0449157
0.013652
0.00655134
0.00509845
0.00500534
0.00555962
0.00892915
0.0228903
0.0669695
0.181439
0.31708
0.407837
0.434503
0.423945
0.378277
0.234518
0.117272
0.0536367
0.0229087
0.0102661
0.0061473
0.00574176
0.00692356
0.0112983
0.0183705
0.0212976
0.0183327
0.0130946
0.00847161
0.00539853
0.00380656
0.00320639
0.00308477
0.0031023
0.00316367
0.00310279
0.00291612
0.00266422
0.00253958
0.00241626
0.27314
0.171285
0.196463
0.388919
1.24522
3.70427
4.01736
3.39007
1.66722
0.583481
0.167801
0.044626
0.0136483
0.00728873
0.00739505
0.0137736
0.0480485
0.158334
0.307011
0.384496
0.395454
0.386439
0.388343
0.459363
0.574967
0.567626
0.507582
0.322405
0.152574
0.0597623
0.0273561
0.0264367
0.0449144
0.120896
0.198986
0.218138
0.211366
0.162889
0.0941725
0.0496158
0.0267394
0.0200767
0.020902
0.0246766
0.0295842
0.0319551
0.0252642
0.0153947
0.0110211
0.00769226
0.260116
0.103821
0.102488
0.246999
0.772894
2.42225
3.59754
3.41337
2.38649
1.14907
0.455575
0.142967
0.0370022
0.0151324
0.0192219
0.0694252
0.265968
0.549633
0.66396
0.642277
0.479849
0.35752
0.342887
0.416541
0.674172
0.762814
0.753591
0.705318
0.56127
0.27753
0.145994
0.154693
0.306997
0.510969
0.552339
0.548719
0.537416
0.502699
0.402022
0.231732
0.149823
0.144527
0.174235
0.247567
0.271683
0.268619
0.237273
0.143319
0.0950492
0.0782594
0.275094
0.0917483
0.0664288
0.182069
0.64953
1.65162
2.8285
2.94728
2.28088
1.18385
0.542714
0.213097
0.0691655
0.0360617
0.0643944
0.283535
0.859836
1.15573
1.15478
0.878097
0.481421
0.327117
0.328349
0.501517
0.893693
1.00291
0.968466
0.824046
0.528504
0.363241
0.37303
0.616801
0.794983
0.745537
0.610497
0.583218
0.59901
0.592639
0.506764
0.422124
0.431096
0.557176
0.626572
0.610096
0.550921
0.439603
0.35473
0.325285
0.333402
0.373509
0.290028
0.0934559
0.045509
0.104877
0.564549
1.25176
2.06237
2.29779
1.93685
1.05789
0.496718
0.196498
0.0809782
0.0766456
0.18904
0.7614
1.37427
1.52924
1.45587
1.09473
0.58852
0.324168
0.297106
0.46565
0.921276
1.07247
1.00573
0.702587
0.470152
0.444314
0.582617
0.828429
0.830175
0.639017
0.51113
0.533653
0.680317
0.70571
0.59189
0.524882
0.555842
0.597276
0.555693
0.493784
0.493789
0.495529
0.464535
0.433834
0.425984
0.409215
0.267787
0.0865567
0.0333672
0.0436304
0.306524
0.941964
1.37121
1.53402
1.33765
0.797945
0.40563
0.176864
0.0954175
0.0996908
0.221424
0.779559
1.39053
1.54774
1.49541
1.28144
0.798255
0.382039
0.192199
0.187484
0.417992
0.863777
0.930495
0.771413
0.544609
0.514502
0.600259
0.729325
0.72384
0.6228
0.463642
0.439388
0.544825
0.716546
0.707326
0.618911
0.568042
0.533513
0.441641
0.376977
0.37722
0.44926
0.501891
0.494517
0.447761
0.341546
0.175434
0.05404
0.0214979
0.0197938
0.0831747
0.56442
1.02408
1.10187
0.934772
0.624862
0.364224
0.188894
0.1277
0.129639
0.203658
0.610095
1.24756
1.41205
1.38944
1.26398
0.856072
0.395903
0.131245
0.0620492
0.0816778
0.234219
0.518579
0.597345
0.576546
0.547967
0.564799
0.577475
0.559663
0.505606
0.360729
0.203053
0.169035
0.203664
0.342316
0.417846
0.423966
0.41072
0.355345
0.211605
0.126459
0.11028
0.117761
0.143204
0.157886
0.151143
0.0747695
0.0237876
0.0124157
0.0106018
0.0191969
0.119708
0.572393
0.92012
0.931967
0.746772
0.462273
0.280251
0.206599
0.200827
0.249239
0.577173
1.13849
1.20566
1.11161
0.721903
0.302728
0.102746
0.0317604
0.0146769
0.0162799
0.0382222
0.11846
0.262481
0.374889
0.420362
0.418757
0.392577
0.299679
0.170916
0.0867369
0.0409779
0.0275565
0.0294401
0.0424129
0.0712488
0.0825982
0.0803396
0.0565738
0.0328299
0.0187046
0.013125
0.0124272
0.0130455
0.0144919
0.011791
0.0310762
0.0134024
0.00915688
0.00774816
0.00829925
0.0182041
0.080843
0.30856
0.621009
0.789104
0.806816
0.740274
0.642949
0.629642
0.750003
1.01714
0.996181
0.829769
0.42214
0.175562
0.062301
0.0212564
0.00868669
0.00569521
0.0057021
0.00791455
0.019481
0.0587347
0.0950345
0.104257
0.0996913
0.0702058
0.0409299
0.0216966
0.0109771
0.00600288
0.00441768
0.0043577
0.00475929
0.00530907
0.00573337
0.00539749
0.00447144
0.00357777
0.00299235
0.00269079
0.00259936
0.00256507
0.00258649
0.0024862
0.0149292
0.0093408
0.00768104
0.00664602
0.00625141
0.00681952
0.0112853
0.0287467
0.0715155
0.173197
0.401442
0.596277
0.697865
0.718118
0.690806
0.574775
0.300544
0.134419
0.052314
0.0198123
0.00866407
0.00524471
0.00428769
0.0040362
0.00399959
0.00407527
0.00449901
0.00530991
0.00589181
0.00613421
0.00553823
0.00452277
0.00362498
0.00304236
0.00272499
0.00256648
0.00248807
0.00244577
0.00242164
0.00240407
0.00238198
0.00235483
0.00233003
0.0023113
0.00229916
0.00229145
0.00228782
0.00228443
0.00228312
0.0022797
0.00944047
0.00736545
0.00625053
0.00585727
0.00542281
0.0052531
0.00541698
0.00626783
0.00890529
0.0159209
0.0294532
0.0457081
0.0557726
0.0548841
0.0416535
0.0256
0.0137769
0.0076781
0.00508994
0.0041492
0.00380988
0.00366833
0.00362501
0.0036
0.00352213
0.00328141
0.0030443
0.00286935
0.00273469
0.00262364
0.00252794
0.00245341
0.00240271
0.00237015
0.00234897
0.00233317
0.00231993
0.00230943
0.00230059
0.00229292
0.0022864
0.00228154
0.00227802
0.00227574
0.00227442
0.00227374
0.00227334
0.00227343
0.00227363
0.00227378
0.00744287
0.00600606
0.00526428
0.00489149
0.00481801
0.00465833
0.00453075
0.00450789
0.00453322
0.00459194
0.0046709
0.0047538
0.00472999
0.00444738
0.00407172
0.00374405
0.00355879
0.00346859
0.00341779
0.0033794
0.00337448
0.00335012
0.0032596
0.00308946
0.00291798
0.00273159
0.00258677
0.00249086
0.00242607
0.00238115
0.00235012
0.00232898
0.00231433
0.00230374
0.00229558
0.00228935
0.00228428
0.00228019
0.00227683
0.00227441
0.00227244
0.00227125
0.00227047
0.00227024
0.00227034
0.00227071
0.00227112
0.0022719
0.00227242
0.00227322
0.00616238
0.00537462
0.00487044
0.00449322
0.0042907
0.00424823
0.00416351
0.00407035
0.00399781
0.00392136
0.00381153
0.00365911
0.00350574
0.00338277
0.00330983
0.00323094
0.00318006
0.00316911
0.00315246
0.00311262
0.00301813
0.00286402
0.00270197
0.00258608
0.00250134
0.00243707
0.00238796
0.00235306
0.00232951
0.00231315
0.00230138
0.00229286
0.00228653
0.00228162
0.00227764
0.00227473
0.00227245
0.00227084
0.00226957
0.00226883
0.00226829
0.0022683
0.00226843
0.00226889
0.00226938
0.00227035
0.00227085
0.00227181
0.00227233
0.00227352
0.00517851
0.00475798
0.00450525
0.00424881
0.00406056
0.00395505
0.00388339
0.00380428
0.00373233
0.00365159
0.00354656
0.00341311
0.00328405
0.00318483
0.00312187
0.00306149
0.00296996
0.00289149
0.00280577
0.00269376
0.0026007
0.00252178
0.00246007
0.00241232
0.00237415
0.00234424
0.00232198
0.00230642
0.00229589
0.00228814
0.00228237
0.00227806
0.00227464
0.00227197
0.00226998
0.00226872
0.00226773
0.00226721
0.00226687
0.00226685
0.00226702
0.00226752
0.00226794
0.00226881
0.00226942
0.00227044
0.00227098
0.00227211
0.00227284
0.00227476
0.00478999
0.00432679
0.00407631
0.00387896
0.003764
0.00373075
0.00369489
0.00360728
0.00351021
0.00341952
0.0033178
0.00320788
0.00308474
0.00299461
0.00287944
0.00280582
0.0027291
0.00265889
0.0025717
0.00250027
0.00244325
0.00240079
0.00236864
0.00234253
0.00232247
0.00230659
0.00229463
0.00228658
0.00228096
0.00227663
0.00227341
0.00227092
0.00226879
0.00226733
0.00226649
0.00226605
0.00226576
0.00226578
0.0022659
0.00226621
0.00226675
0.00226755
0.00226813
0.00226923
0.00226989
0.00227096
0.0022716
0.0022731
0.00227418
0.002277
0.00447594
0.00406841
0.00379669
0.00365266
0.00355392
0.00348605
0.00345603
0.00343468
0.00338359
0.00329497
0.00316119
0.00302242
0.00290694
0.00281381
0.00274432
0.00268887
0.00262078
0.00252858
0.00245805
0.00240948
0.00237246
0.00234654
0.00232721
0.00231048
0.00229785
0.0022882
0.0022813
0.00227703
0.00227299
0.00226994
0.00226803
0.00226648
0.00226555
0.00226511
0.00226492
0.00226488
0.00226499
0.00226525
0.00226562
0.00226623
0.00226719
0.00226813
0.00226895
0.00227001
0.00227063
0.00227182
0.00227275
0.00227497
0.00227635
0.00228
0.00413916
0.00376896
0.00360837
0.00354668
0.00346532
0.00339519
0.00334117
0.0032607
0.00321275
0.00313898
0.00303235
0.00291427
0.00281065
0.00273078
0.00263556
0.00253719
0.00247434
0.00242525
0.00238729
0.0023568
0.00233342
0.00231714
0.00230232
0.00229073
0.00228323
0.00227715
0.00227316
0.00227014
0.00226768
0.00226622
0.00226526
0.00226436
0.00226413
0.00226414
0.0022642
0.00226439
0.00226479
0.00226515
0.0022658
0.00226705
0.00226796
0.00226882
0.00226964
0.0022706
0.00227152
0.00227299
0.00227464
0.00227724
0.00227863
0.00228396
0.00389123
0.00360749
0.00348148
0.00341726
0.00333735
0.00328583
0.00324224
0.00314846
0.00307977
0.00298847
0.00288889
0.00276568
0.00265835
0.00256994
0.00249699
0.0024402
0.00240264
0.00236733
0.0023389
0.00232061
0.00230536
0.00229423
0.00228495
0.00227794
0.00227383
0.00227008
0.0022679
0.00226588
0.0022645
0.0022639
0.00226335
0.00226295
0.00226325
0.00226352
0.00226374
0.00226423
0.00226476
0.0022653
0.00226637
0.00226758
0.00226836
0.0022692
0.00227004
0.0022711
0.00227249
0.00227436
0.00227653
0.00227928
0.00228234
0.0023036
0.00357012
0.00345908
0.00335708
0.00330023
0.00323731
0.00319488
0.0031689
0.0031083
0.00305994
0.00299195
0.00292092
0.00280481
0.00268544
0.002593
0.00251819
0.00245483
0.00241702
0.00238185
0.00235016
0.00233065
0.00231284
0.00230018
0.00229127
0.002282
0.00227661
0.00227216
0.0022692
0.00226699
0.00226488
0.00226397
0.00226343
0.00226226
0.00226193
0.00226228
0.00226221
0.00226238
0.00226279
0.00226301
0.00226339
0.00226449
0.00226562
0.00226643
0.00226721
0.00226792
0.00226853
0.0022695
0.00227077
0.00227266
0.00227497
0.00228753
0.00343565
0.00329901
0.003209
0.00315458
0.00310861
0.00306821
0.00301961
0.00297624
0.00293909
0.00286096
0.00282665
0.00273567
0.00260564
0.00252079
0.00245824
0.00240772
0.0023782
0.00234984
0.00232794
0.00231739
0.00230204
0.00228988
0.00228607
0.002279
0.00227311
0.00226979
0.00226676
0.00226485
0.00226327
0.00226214
0.0022618
0.00226137
0.0022606
0.00226095
0.00226141
0.00226162
0.00226204
0.00226225
0.00226236
0.00226315
0.00226443
0.00226529
0.00226613
0.00226689
0.00226736
0.00226803
0.00226888
0.00227021
0.0022723
0.00228573
0.00325209
0.00321627
0.00314331
0.00309241
0.00305337
0.00301038
0.00295537
0.00292741
0.00290024
0.00281878
0.002776
0.00269762
0.00257788
0.00249983
0.00244137
0.0023963
0.0023669
0.00233927
0.00232179
0.00231273
0.00229846
0.00228694
0.0022838
0.00227776
0.00227169
0.00226889
0.00226595
0.00226396
0.00226279
0.00226155
0.00226107
0.00226072
0.00225999
0.00225964
0.00225986
0.00226005
0.00226048
0.00226091
0.00226102
0.00226107
0.0022618
0.00226275
0.00226378
0.00226484
0.00226542
0.00226589
0.00226641
0.00226685
0.00226797
0.00228304
0.00317733
0.00310095
0.00303051
0.00299248
0.00295631
0.00290534
0.00286059
0.0028473
0.00282324
0.00274584
0.00270486
0.00264576
0.00253244
0.00246555
0.00241111
0.00237861
0.00234771
0.00232555
0.00231244
0.00229975
0.0022907
0.00228389
0.0022782
0.00227394
0.00226935
0.00226665
0.00226441
0.0022622
0.00226172
0.00226046
0.00225937
0.00225924
0.00225899
0.00225878
0.00225899
0.0022592
0.00225948
0.00226007
0.00226039
0.00226026
0.00226047
0.00226115
0.00226196
0.00226313
0.00226412
0.00226478
0.00226529
0.00226559
0.00226637
0.00227978
0.00307064
0.00302645
0.00298526
0.00295065
0.00290911
0.00286319
0.00282353
0.0028103
0.00276238
0.00268382
0.00264498
0.00257994
0.0025044
0.00244988
0.00239796
0.00236835
0.00233983
0.00232212
0.00230865
0.00228891
0.00228682
0.00228147
0.0022724
0.00227023
0.00226851
0.00226564
0.00226359
0.00226148
0.00226066
0.00225959
0.00225844
0.00225809
0.00225827
0.00225783
0.00225763
0.00225769
0.00225784
0.00225831
0.00225903
0.00225917
0.00225914
0.00225945
0.00225977
0.00226026
0.00226141
0.00226242
0.00226314
0.0022639
0.00226488
0.00227763
0.00303045
0.00296967
0.0029159
0.00287872
0.00282427
0.00280174
0.00276481
0.00273268
0.00269337
0.00265703
0.00260561
0.00251867
0.00247066
0.00242083
0.00237249
0.00234598
0.00232184
0.0023124
0.00229567
0.00228416
0.0022839
0.00227449
0.00226863
0.00226717
0.00226613
0.00226311
0.00226125
0.00226003
0.00225853
0.00225768
0.00225734
0.00225716
0.00225713
0.00225708
0.00225698
0.00225697
0.00225705
0.00225712
0.0022576
0.00225821
0.00225839
0.00225865
0.00225886
0.00225887
0.00225946
0.00226052
0.0022613
0.00226242
0.00226341
0.00227396
0.00294941
0.00291642
0.0028769
0.00284824
0.00279124
0.00277238
0.00273384
0.00268452
0.00263595
0.00260504
0.00254113
0.00249119
0.00245229
0.00239937
0.00236338
0.00233931
0.00231685
0.00230435
0.0022876
0.00228091
0.00227646
0.00226926
0.00226793
0.0022658
0.00226184
0.0022601
0.00225876
0.00225802
0.00225751
0.00225693
0.00225665
0.00225635
0.0022558
0.00225576
0.00225574
0.00225569
0.00225572
0.00225567
0.00225582
0.00225644
0.00225685
0.00225724
0.00225768
0.00225781
0.0022577
0.00225803
0.00225862
0.00225955
0.00226063
0.00227223
0.00290735
0.00285923
0.00281014
0.00278545
0.00273814
0.00270438
0.00266492
0.00264354
0.00260527
0.00256034
0.00249438
0.00245353
0.00240335
0.00235884
0.00234018
0.00231514
0.00230539
0.00230022
0.00228506
0.00227684
0.00227022
0.00226744
0.00226691
0.00226202
0.00225921
0.00225833
0.00225725
0.00225625
0.00225646
0.00225609
0.0022551
0.00225464
0.0022545
0.00225465
0.00225482
0.00225502
0.00225506
0.00225497
0.00225484
0.00225518
0.00225558
0.00225601
0.00225645
0.0022569
0.00225683
0.00225679
0.00225704
0.00225708
0.00225788
0.00226903
0.00287519
0.00283648
0.00278545
0.00275767
0.00271527
0.00266314
0.00262167
0.00260139
0.00255876
0.00253326
0.00247548
0.00242672
0.00237811
0.00234734
0.0023333
0.00230322
0.00228997
0.00228337
0.00227889
0.00227461
0.00226812
0.00226616
0.00226233
0.00225878
0.00225834
0.00225754
0.0022564
0.00225544
0.0022547
0.0022543
0.00225393
0.00225364
0.00225376
0.00225359
0.00225346
0.00225352
0.00225378
0.00225398
0.00225394
0.00225392
0.00225415
0.00225417
0.00225431
0.00225502
0.00225536
0.00225553
0.00225575
0.00225585
0.00225633
0.00226631
0.00281675
0.00278399
0.00274512
0.00270703
0.0026672
0.0026412
0.00258924
0.00255573
0.00250972
0.0024819
0.00243758
0.00238082
0.00234183
0.00232437
0.00231689
0.00229827
0.00228475
0.00227392
0.00227276
0.00226866
0.00226377
0.00226209
0.00225884
0.00225781
0.00225769
0.00225623
0.00225487
0.0022541
0.00225316
0.00225294
0.00225304
0.00225311
0.00225289
0.00225281
0.00225285
0.00225269
0.00225278
0.00225317
0.00225332
0.00225321
0.00225322
0.00225332
0.00225324
0.00225331
0.00225404
0.00225442
0.00225449
0.00225493
0.00225527
0.0022633
0.00279467
0.00273929
0.00271
0.00268855
0.00263658
0.00260951
0.00255617
0.00252349
0.00247964
0.00245704
0.00241308
0.0023661
0.00233015
0.00230334
0.00229366
0.00228999
0.00228042
0.00226966
0.00226735
0.00226364
0.00226116
0.00225881
0.00225735
0.00225668
0.00225493
0.00225352
0.0022532
0.00225291
0.00225247
0.00225222
0.00225222
0.00225212
0.00225177
0.00225167
0.00225184
0.00225191
0.00225173
0.00225174
0.00225203
0.00225198
0.00225201
0.00225235
0.00225267
0.00225246
0.0022526
0.00225296
0.0022531
0.00225336
0.00225365
0.00226085
0.0027675
0.00272375
0.00267235
0.00265237
0.00261872
0.00257854
0.00252749
0.00248468
0.00243729
0.00241294
0.00237868
0.00235725
0.00232228
0.002295
0.00228298
0.00227838
0.00227781
0.00226695
0.00226273
0.00225957
0.00225969
0.00225694
0.00225511
0.00225418
0.00225257
0.00225232
0.00225223
0.00225195
0.00225169
0.00225122
0.00225097
0.002251
0.00225122
0.00225116
0.00225107
0.00225121
0.00225125
0.00225107
0.00225105
0.00225139
0.0022515
0.0022516
0.00225179
0.00225185
0.00225153
0.00225159
0.0022518
0.00225177
0.00225205
0.00225781
0.00275364
0.00270816
0.00265769
0.0026221
0.00258256
0.00255383
0.00251701
0.00247339
0.00242081
0.00237221
0.00233809
0.00232822
0.00231086
0.00229409
0.00227907
0.00226957
0.00226732
0.00226467
0.00226101
0.0022571
0.00225536
0.00225364
0.0022529
0.00225202
0.00225167
0.00225142
0.00225086
0.00225069
0.00225059
0.00225049
0.00225043
0.00225033
0.00225032
0.00225039
0.00225037
0.0022503
0.00225043
0.00225046
0.00225041
0.0022506
0.00225077
0.00225064
0.00225064
0.00225087
0.00225086
0.00225076
0.00225083
0.0022509
0.00225106
0.00225456
0.00272929
0.00268902
0.00263583
0.00259116
0.00254664
0.00251603
0.00248984
0.0024555
0.00240825
0.00235469
0.00232461
0.00230296
0.00228988
0.00228676
0.00227657
0.00226674
0.00226196
0.00225835
0.00225695
0.00225464
0.00225327
0.00225236
0.00225186
0.00225116
0.00225095
0.00225063
0.00225045
0.00225027
0.00225014
0.00225017
0.00225011
0.00225
0.00224987
0.00224993
0.00224992
0.00224986
0.00224985
0.0022499
0.00224995
0.00224992
0.0022499
0.00224995
0.00224993
0.00224997
0.00225015
0.00225017
0.00225011
0.00225017
0.00225016
0.00225149
0.00277233
0.00279813
0.00284751
0.00289289
0.00294747
0.00303728
0.00316577
0.00348182
0.00625377
0.00677708
0.00274745
0.0027865
0.00284175
0.00289149
0.00293605
0.00300472
0.00314875
0.00349421
0.00626055
0.00665169
0.00273605
0.00277764
0.00282593
0.0028652
0.00291569
0.0030014
0.00312063
0.0034012
0.00592283
0.00637072
0.00273539
0.00277077
0.00281004
0.0028534
0.00291994
0.00299071
0.00311257
0.00341363
0.00599314
0.0062766
0.00272436
0.00275855
0.00279185
0.00284615
0.00291022
0.00298205
0.00308805
0.00335244
0.00584166
0.00606197
0.0027261
0.00275575
0.0027843
0.00283655
0.0029043
0.00297367
0.00308888
0.00337784
0.00596848
0.00598978
0.00272994
0.00275185
0.00278142
0.00283859
0.00290261
0.0029714
0.00308494
0.00336992
0.00584361
0.00576623
0.00272626
0.00274643
0.00278196
0.00283369
0.00288649
0.00296279
0.00307283
0.00332168
0.00520913
0.00544251
0.0027292
0.00275133
0.00278316
0.00283571
0.00288557
0.00296778
0.00309368
0.00339132
0.00558049
0.00561544
0.0027294
0.00275311
0.00278151
0.00284157
0.00289326
0.00296975
0.00309377
0.00340193
0.00596806
0.00583811
0.00272804
0.00275838
0.00278317
0.00284007
0.00289642
0.00296768
0.0030817
0.00336427
0.00586239
0.00608953
0.00274173
0.00276425
0.00279951
0.00285061
0.00291393
0.00298518
0.00311112
0.00341154
0.00585896
0.00620244
0.00274536
0.00276852
0.0027979
0.00286342
0.00292025
0.00299325
0.0031132
0.00340855
0.00604365
0.00647603
0.00275721
0.00277572
0.00281131
0.00287545
0.00295604
0.0030274
0.00315868
0.00347752
0.00599085
0.00665719
0.00277445
0.00280072
0.00283676
0.00288289
0.00295935
0.00304141
0.00316906
0.003487
0.00634028
0.00687041
0.00456769
0.00497341
0.00555873
0.00688143
0.00856394
0.0107781
0.0133885
0.0176155
0.0318191
0.09117
0.0040385
0.00426914
0.00452311
0.00503219
0.00625483
0.00869326
0.0118093
0.0140511
0.0145556
0.0116856
0.00366467
0.00386879
0.00409067
0.00432717
0.00482693
0.00617824
0.00987256
0.0137226
0.0139289
0.0112121
0.00343602
0.0035553
0.00370473
0.00392233
0.00430227
0.00482631
0.00646647
0.01216
0.0137205
0.0108014
0.00333687
0.00343583
0.00355774
0.00363811
0.00390057
0.00437309
0.00536484
0.00895593
0.0135161
0.0104264
0.00318695
0.00324538
0.00337925
0.00351767
0.00372025
0.0039098
0.00445304
0.00700302
0.0130789
0.0099926
0.00313058
0.00316897
0.00323563
0.00330286
0.00352575
0.00375991
0.00419002
0.00551837
0.0128138
0.0096153
0.00303204
0.0030731
0.0031762
0.0032376
0.00336708
0.00352598
0.00387732
0.00470488
0.0112216
0.00922018
0.00299443
0.00303551
0.00307278
0.00313558
0.00329471
0.00345275
0.00378361
0.00442311
0.0108342
0.00891157
0.00292811
0.00295689
0.00303476
0.00309844
0.00318248
0.00331595
0.00354335
0.00413098
0.00925779
0.00852606
0.00290584
0.00292499
0.00297833
0.0030279
0.00314563
0.00327671
0.00347499
0.00394711
0.00893804
0.00827583
0.00286037
0.00289483
0.00295839
0.00299722
0.00307416
0.00318084
0.00341634
0.00393809
0.00782444
0.00786397
0.00284709
0.00288206
0.00290523
0.00295541
0.00305427
0.00316231
0.00330751
0.00367117
0.00760471
0.00766517
0.00282573
0.0028431
0.00288857
0.00295126
0.00299933
0.00308642
0.00326816
0.00369592
0.00685174
0.00727738
0.00279899
0.00282755
0.00287929
0.0029143
0.00296555
0.00307553
0.00323458
0.00359295
0.00673584
0.00711836
0.350285
0.104233
0.0326917
0.0172892
0.0126108
0.0103426
0.00881413
0.00746304
0.0064495
0.00551219
0.405883
0.293818
0.0800059
0.0272281
0.015873
0.0120467
0.0103004
0.00885642
0.00793805
0.00716972
0.442063
0.723039
0.300476
0.068543
0.0261078
0.0161287
0.0128198
0.0108397
0.00954293
0.00869891
0.45358
0.91148
0.84813
0.245919
0.0645977
0.0284264
0.0192564
0.0155783
0.0132315
0.0119156
0.585012
0.991743
1.0178
0.64784
0.164644
0.0691379
0.0453597
0.0411064
0.0381536
0.0401544
0.85068
1.38957
1.19058
0.938796
0.378742
0.229382
0.25715
0.340945
0.430142
0.543248
1.19741
2.07451
1.85416
1.61775
1.29109
1.31721
2.26224
3.15216
3.55421
4.00266
1.52201
2.65965
2.65676
2.6817
3.25547
3.91237
4.74921
5.06692
5.05892
4.86353
1.73976
2.91343
2.87086
2.95286
3.5024
3.82032
3.83925
3.11031
2.46149
1.49017
1.83751
2.93511
2.77842
2.69991
2.70165
2.23415
1.40534
1.05083
0.890015
0.579959
1.83851
2.8582
2.38164
1.79765
1.47394
1.27969
1.21092
1.14988
0.930707
0.60138
1.7863
2.64569
1.79884
1.23361
1.08301
1.27959
1.41075
1.36656
1.11307
0.657407
1.68572
2.35156
1.40229
0.977658
1.00671
1.34229
1.44801
1.41231
1.21642
0.711204
1.54678
2.09906
1.30673
0.898496
0.990042
1.30908
1.43625
1.43567
1.25684
0.72775
1.43495
1.95086
1.3519
0.927371
0.991764
1.22931
1.53784
1.51697
1.22879
0.577137
1.33228
1.86931
1.54881
1.09777
1.15165
1.51949
1.74024
1.57032
0.942589
0.319083
1.23243
1.72038
1.69383
1.56391
1.67211
1.99202
1.88229
1.25587
0.394206
0.112189
1.11648
1.61043
1.69071
1.79363
2.16094
2.1073
1.45309
0.425803
0.120311
0.0378155
0.997212
1.34188
1.57064
2.02139
2.03976
1.3325
0.380253
0.103078
0.0326101
0.0149549
0.83017
1.11479
1.71293
1.77119
1.02305
0.275545
0.0747655
0.0247327
0.012223
0.00916457
0.735247
1.26905
1.38404
0.668264
0.173348
0.0487268
0.0189129
0.0106205
0.00805489
0.00740805
0.639828
0.819499
0.429098
0.107233
0.0336112
0.0160276
0.0104709
0.00774654
0.00679317
0.00606899
0.570913
0.292879
0.0798192
0.0283202
0.0158822
0.0112645
0.00845968
0.00668975
0.00572802
0.00532769
0.443477
0.0810083
0.0277743
0.0170949
0.0127234
0.00981367
0.00698878
0.00555787
0.00522517
0.00499986
0.0919754
0.0251929
0.0178016
0.0146707
0.0116562
0.00780044
0.00588095
0.00512802
0.00491526
0.0046738
0.0124214
0.0161494
0.0155334
0.013569
0.00926694
0.00620797
0.00511451
0.00474644
0.00438602
0.00411981
0.0119177
0.0151394
0.0147351
0.0107132
0.00639137
0.00499548
0.00449262
0.00424799
0.00401588
0.00377859
0.011441
0.0147811
0.0133896
0.00715032
0.00524242
0.00460817
0.00410904
0.00379865
0.00362568
0.00356695
0.0109681
0.0146063
0.0106226
0.00573586
0.00442106
0.00401717
0.00373675
0.00361915
0.00347819
0.00337029
0.0105422
0.0143911
0.00799331
0.0047581
0.00414362
0.00383022
0.00360088
0.00344806
0.00329701
0.00325174
0.0101288
0.0135619
0.00633254
0.0044111
0.00377252
0.0035688
0.00338267
0.00328536
0.00319825
0.00314918
0.00973222
0.0124359
0.0049803
0.00395166
0.00364269
0.00349262
0.00331357
0.00322428
0.00313045
0.00308966
0.00936622
0.0115303
0.00490953
0.00385472
0.00350079
0.0033303
0.00319185
0.0031196
0.00304065
0.00299871
0.00896216
0.0103226
0.00413508
0.00362159
0.00337655
0.00325319
0.00315405
0.00308707
0.00300894
0.00296633
0.00855502
0.00905492
0.00405101
0.00357859
0.00332666
0.0032048
0.00307039
0.00301892
0.00294425
0.00291354
0.00826932
0.00845827
0.00397289
0.00340964
0.00321826
0.00312418
0.00304759
0.00299725
0.0029232
0.00287118
0.00798424
0.00754048
0.00385175
0.00338609
0.00319212
0.0030987
0.00300805
0.00293666
0.00288459
0.00285814
0.00771079
0.00733104
0.00364921
0.00328784
0.0031222
0.0030264
0.00298421
0.00292065
0.00285083
0.00281205
0.00731701
0.00663696
0.00368248
0.00328518
0.00311489
0.00300388
0.00293154
0.00287874
0.00282535
0.00280036
0.00714034
0.00638872
0.00352842
0.0032064
0.00307352
0.00299303
0.00291974
0.00286609
0.00280587
0.00277777
0.00228702
0.00229129
0.00229508
0.00229865
0.00230325
0.00230601
0.00231041
0.0023132
0.00231727
0.00232041
0.00232519
0.00232827
0.00233253
0.00233503
0.0023387
0.00234052
0.00234369
0.00234533
0.0023487
0.00235071
0.00235504
0.0023576
0.00236286
0.0023659
0.00237163
0.00228073
0.00228166
0.00228229
0.0022831
0.00228362
0.00228412
0.00228466
0.00228503
0.00228585
0.00228635
0.00228709
0.00228749
0.00228823
0.00228862
0.0022894
0.00228988
0.00229093
0.00229172
0.00229347
0.00229473
0.00229752
0.00229951
0.00230389
0.00230694
0.00231378
0.00227777
0.0022787
0.00227954
0.00228071
0.00228157
0.00228221
0.00228284
0.00228332
0.00228435
0.00228502
0.00228584
0.00228625
0.00228709
0.00228765
0.00228869
0.00228923
0.0022903
0.00229097
0.00229247
0.00229365
0.00229638
0.00229824
0.00230213
0.00230471
0.00231057
0.0022754
0.00227625
0.00227711
0.00227813
0.00227878
0.00227957
0.00228064
0.00228148
0.00228237
0.00228281
0.00228361
0.0022844
0.00228552
0.00228612
0.00228688
0.00228728
0.00228811
0.0022887
0.00229005
0.00229093
0.00229268
0.00229372
0.00229593
0.0022977
0.00230147
0.0022742
0.00227489
0.00227568
0.00227644
0.00227707
0.00227776
0.00227866
0.00227964
0.00228044
0.00228103
0.00228169
0.00228264
0.0022838
0.00228479
0.0022854
0.0022857
0.00228608
0.00228693
0.00228836
0.0022894
0.00229025
0.00229068
0.00229146
0.00229241
0.00229386
0.0022739
0.00227458
0.00227531
0.00227595
0.0022765
0.00227716
0.00227801
0.00227889
0.00227958
0.0022802
0.002281
0.00228206
0.00228312
0.00228391
0.00228441
0.00228491
0.00228569
0.00228678
0.00228792
0.0022888
0.00228931
0.0022896
0.00228996
0.00229192
0.00229182
0.00227439
0.00227511
0.00227586
0.00227651
0.00227705
0.00227762
0.00227835
0.00227912
0.00227981
0.00228048
0.00228132
0.00228235
0.00228338
0.00228413
0.0022846
0.00228505
0.00228579
0.00228686
0.00228807
0.00228908
0.00228971
0.00229005
0.00229033
0.00229178
0.00229103
0.00227996
0.00228105
0.002282
0.00228271
0.00228321
0.00228357
0.002284
0.0022847
0.00228574
0.00228696
0.00228811
0.00228897
0.00228948
0.00228977
0.00229011
0.0022908
0.00229198
0.00229349
0.00229495
0.00229605
0.00229667
0.00229697
0.00229716
0.00229812
0.00229695
0.00242391
0.00245121
0.0024822
0.00249516
0.00249662
0.00249406
0.00248183
0.00247422
0.00247417
0.002479
0.00249729
0.00250861
0.00250998
0.00250871
0.00250316
0.00250012
0.00250044
0.00250402
0.00251788
0.00253029
0.00253356
0.0025332
0.00252908
0.00252515
0.00251646
0.00792795
0.00954229
0.011387
0.0117548
0.0116521
0.0110984
0.00980651
0.00925066
0.0092571
0.00980445
0.0112804
0.0118968
0.011911
0.0116554
0.0107693
0.0101522
0.010034
0.0101538
0.0108986
0.0117949
0.0120437
0.0120067
0.0116657
0.0109456
0.0105757
0.0841386
0.107288
0.128319
0.131864
0.129787
0.116885
0.0955771
0.0881527
0.0883775
0.0952328
0.109182
0.113764
0.113583
0.110022
0.0981026
0.0899678
0.0883373
0.0892396
0.0945992
0.0998732
0.100901
0.100265
0.0959768
0.0896649
0.0845971
0.399608
0.398627
0.380467
0.323623
0.284101
0.273346
0.275331
0.293432
0.313358
0.31587
0.310895
0.286372
0.257003
0.245017
0.243658
0.246983
0.25759
0.26156
0.260586
0.252503
0.233689
0.22319
0.22047
0.222193
0.219124
0.388832
0.377971
0.367412
0.354239
0.342422
0.33319
0.324204
0.314337
0.305157
0.297297
0.290089
0.282437
0.274896
0.267959
0.261846
0.256216
0.250443
0.244577
0.238712
0.233295
0.229181
0.226677
0.225716
0.225738
0.220658
0.298449
0.290584
0.296965
0.33014
0.352144
0.352658
0.342558
0.304012
0.270213
0.258876
0.258907
0.26758
0.283258
0.286732
0.284297
0.269424
0.244993
0.233247
0.23086
0.232042
0.238219
0.242126
0.241706
0.238426
0.219572
0.142885
0.110488
0.0882369
0.0837053
0.0861134
0.101794
0.118841
0.122555
0.121552
0.114541
0.0980281
0.0903419
0.0896409
0.0923233
0.102032
0.10739
0.107838
0.106223
0.0985727
0.0902304
0.0876004
0.0877169
0.0900941
0.0947794
0.0941222
0.0116453
0.0106002
0.00904371
0.00857697
0.00869017
0.00974108
0.0114767
0.0119716
0.011918
0.0114905
0.010394
0.00983719
0.00979075
0.0100809
0.011264
0.0120766
0.0121967
0.0120643
0.0114151
0.0106954
0.0104749
0.0105036
0.010876
0.0118611
0.0120929
0.00248838
0.00248247
0.00246196
0.00245293
0.00245343
0.00246332
0.00249145
0.00250495
0.00250655
0.00250477
0.00249732
0.00249408
0.00249468
0.00249955
0.0025167
0.00252841
0.00253025
0.00252896
0.00252394
0.00252148
0.00252178
0.00252472
0.00253711
0.00256354
0.00257956
0.00228033
0.00228075
0.00228119
0.00228185
0.00228277
0.00228386
0.00228494
0.00228578
0.0022863
0.00228659
0.00228694
0.00228773
0.00228934
0.00229086
0.00229186
0.00229243
0.00229293
0.00229366
0.00229454
0.00229542
0.00229584
0.00229639
0.00229685
0.00229881
0.00229832
0.00227442
0.00227503
0.00227569
0.00227631
0.00227689
0.00227758
0.00227846
0.00227934
0.00228002
0.00228057
0.00228126
0.00228227
0.0022834
0.00228436
0.002285
0.00228551
0.00228616
0.00228708
0.00228811
0.00228899
0.00228955
0.00228986
0.00229014
0.00229161
0.00229095
0.00227386
0.00227451
0.00227525
0.00227592
0.00227649
0.00227714
0.002278
0.00227891
0.00227965
0.00228029
0.0022811
0.00228221
0.00228336
0.00228422
0.00228471
0.00228511
0.00228574
0.00228672
0.00228781
0.00228872
0.00228927
0.00228958
0.00228993
0.00229179
0.00229172
0.00227421
0.00227489
0.00227569
0.00227645
0.00227709
0.00227779
0.00227872
0.00227973
0.0022806
0.00228121
0.00228189
0.00228282
0.00228396
0.00228489
0.00228548
0.00228577
0.00228622
0.00228701
0.00228837
0.00228924
0.00229017
0.00229067
0.00229164
0.00229279
0.00229397
0.00227544
0.00227635
0.00227717
0.00227822
0.00227894
0.00227973
0.00228078
0.00228158
0.00228253
0.002283
0.00228374
0.0022844
0.00228548
0.00228612
0.00228695
0.00228736
0.00228816
0.00228869
0.0022899
0.0022908
0.00229268
0.00229378
0.00229601
0.00229773
0.00230138
0.00227782
0.00227888
0.00227968
0.00228082
0.00228156
0.0022823
0.00228299
0.00228344
0.00228442
0.00228496
0.00228583
0.00228628
0.0022872
0.00228768
0.00228864
0.00228917
0.00229029
0.00229101
0.00229257
0.00229372
0.00229634
0.00229821
0.00230217
0.00230481
0.00231071
0.00228081
0.00228172
0.00228236
0.00228315
0.00228362
0.0022841
0.00228462
0.00228503
0.0022859
0.0022864
0.00228714
0.00228756
0.00228828
0.00228865
0.0022894
0.00228988
0.00229095
0.00229176
0.00229356
0.00229485
0.0022977
0.00229972
0.00230412
0.00230716
0.00231399
0.00228707
0.0022913
0.00229514
0.00229863
0.00230329
0.00230596
0.00231031
0.00231311
0.00231732
0.00232051
0.00232534
0.00232834
0.00233251
0.00233487
0.00233847
0.00234026
0.0023435
0.0023452
0.00234869
0.00235077
0.00235522
0.00235781
0.00236311
0.00236619
0.00237221
)
;

boundaryField
{
    inlet
    {
        type            kqRWallFunction;
        value           nonuniform List<scalar> 
15
(
0.00224936
0.0022489
0.00224808
0.00224772
0.00224719
0.00224697
0.0022468
0.00224676
0.00224683
0.00224701
0.00224722
0.00224774
0.00224809
0.00224891
0.00224935
)
;
    }
    outlet
    {
        type            kqRWallFunction;
        value           nonuniform List<scalar> 
25
(
0.00237163
0.00231378
0.00231057
0.00230147
0.00229386
0.00229182
0.00229103
0.00229695
0.00251646
0.0105757
0.0845971
0.219124
0.220658
0.219572
0.0941222
0.0120929
0.00257956
0.00229832
0.00229095
0.00229172
0.00229397
0.00230138
0.00231071
0.00231399
0.00237221
)
;
    }
    top
    {
        type            kqRWallFunction;
        value           nonuniform List<scalar> 
40
(
0.0023036
0.00228753
0.00228573
0.00228304
0.00227978
0.00227763
0.00227396
0.00227223
0.00226903
0.00226631
0.0022633
0.00226085
0.00225781
0.00225456
0.00225149
0.00228707
0.0022913
0.00229514
0.00229863
0.00230329
0.00230596
0.00231031
0.00231311
0.00231732
0.00232051
0.00232534
0.00232834
0.00233251
0.00233487
0.00233847
0.00234026
0.0023435
0.0023452
0.00234869
0.00235077
0.00235522
0.00235781
0.00236311
0.00236619
0.00237221
)
;
    }
    bottom
    {
        type            kqRWallFunction;
        value           nonuniform List<scalar> 
40
(
0.00230366
0.00228746
0.00228567
0.00228299
0.00227978
0.0022776
0.00227391
0.00227218
0.00226904
0.00226633
0.00226331
0.00226083
0.00225786
0.00225465
0.00225152
0.00228702
0.00229129
0.00229508
0.00229865
0.00230325
0.00230601
0.00231041
0.0023132
0.00231727
0.00232041
0.00232519
0.00232827
0.00233253
0.00233503
0.0023387
0.00234052
0.00234369
0.00234533
0.0023487
0.00235071
0.00235504
0.0023576
0.00236286
0.0023659
0.00237163
)
;
    }
    cylinder
    {
        type            kqRWallFunction;
        value           nonuniform List<scalar> 
70
(
0.0124214
0.0119177
0.011441
0.0109681
0.0105422
0.0101288
0.00973222
0.00936622
0.00896216
0.00855502
0.00826932
0.00798424
0.00771079
0.00731701
0.00714034
0.350285
0.405883
0.442063
0.45358
0.585012
0.85068
1.19741
1.52201
1.73976
1.83751
1.83851
1.7863
1.68572
1.54678
1.43495
1.33228
1.23243
1.11648
0.997212
0.83017
0.735247
0.639828
0.570913
0.443477
0.0919754
0.09117
0.0116856
0.0112121
0.0108014
0.0104264
0.0099926
0.0096153
0.00922018
0.00891157
0.00852606
0.00827583
0.00786397
0.00766517
0.00727738
0.00711836
0.00677708
0.00665169
0.00637072
0.0062766
0.00606197
0.00598978
0.00576623
0.00544251
0.00561544
0.00583811
0.00608953
0.00620244
0.00647603
0.00665719
0.00687041
)
;
    }
    sides
    {
        type            empty;
    }
}


// ************************************************************************* //
