/*--------------------------------*- C++ -*----------------------------------*\
| =========                 |                                                 |
| \\      /  F ield         | OpenFOAM: The Open Source CFD Toolbox           |
|  \\    /   O peration     | Version:  2.3.1                                 |
|   \\  /    A nd           | Web:      www.OpenFOAM.org                      |
|    \\/     M anipulation  |                                                 |
\*---------------------------------------------------------------------------*/
FoamFile
{
    version     2.0;
    format      ascii;
    class       volScalarField;
    location    "1000";
    object      k_0;
}
// * * * * * * * * * * * * * * * * * * * * * * * * * * * * * * * * * * * * * //

dimensions      [0 2 -2 0 0 0 0];

internalField   nonuniform List<scalar> 
4825
(
0.00224937
0.0022494
0.00224941
0.00224943
0.00224943
0.00224943
0.00224943
0.00224943
0.00224941
0.00224936
0.00224934
0.00224933
0.00224933
0.00224935
0.00224939
0.00224939
0.00224935
0.00224931
0.00224929
0.0022493
0.00224931
0.00224936
0.00224946
0.00224956
0.0022499
0.00225058
0.00225167
0.00225215
0.00225255
0.00225366
0.00225441
0.00225638
0.00225848
0.00226112
0.00226268
0.00226687
0.0022756
0.0022833
0.00229111
0.00230929
0.00234031
0.00237767
0.00240878
0.0024582
0.00250274
0.00253119
0.0025832
0.00261832
0.00267399
0.00272443
0.00224891
0.00224889
0.00224888
0.00224885
0.00224883
0.00224881
0.00224877
0.00224873
0.00224868
0.00224866
0.00224866
0.00224867
0.00224871
0.0022488
0.00224886
0.00224893
0.00224895
0.00224898
0.00224904
0.00224911
0.0022492
0.00224932
0.00224951
0.00224982
0.00225048
0.00225121
0.0022526
0.00225326
0.00225399
0.00225559
0.00225694
0.00225947
0.0022623
0.00226603
0.00226923
0.00227544
0.00228669
0.00229889
0.00231029
0.00233605
0.00237302
0.00241046
0.00243824
0.0024789
0.00251624
0.00254487
0.00259283
0.00262579
0.00267501
0.00271364
0.00224809
0.00224808
0.00224808
0.0022481
0.00224811
0.00224811
0.0022481
0.0022481
0.00224809
0.0022481
0.00224812
0.00224819
0.00224834
0.00224856
0.00224866
0.00224877
0.00224881
0.00224884
0.00224892
0.00224897
0.00224906
0.00224921
0.00224945
0.00224983
0.00225054
0.00225121
0.0022529
0.002254
0.00225469
0.0022566
0.00225802
0.00226064
0.00226429
0.00226959
0.00227308
0.002279
0.00229189
0.00230665
0.00231884
0.00234719
0.00238092
0.00241716
0.00244342
0.00248098
0.00251739
0.00254513
0.0025867
0.0026245
0.00266406
0.00269591
0.00224773
0.00224772
0.00224773
0.00224775
0.00224778
0.00224779
0.00224779
0.00224778
0.00224779
0.0022478
0.00224783
0.00224791
0.00224805
0.00224825
0.00224844
0.0022485
0.00224853
0.00224858
0.00224876
0.00224887
0.00224899
0.00224924
0.00224956
0.0022503
0.00225072
0.00225126
0.0022529
0.00225534
0.00225614
0.00225806
0.00226038
0.00226242
0.00226761
0.0022733
0.00228175
0.00228669
0.00230098
0.00231621
0.00234036
0.00235833
0.0023932
0.00242338
0.00245191
0.00248519
0.00251931
0.00254625
0.0025835
0.00262288
0.00266375
0.0026933
0.0022472
0.0022472
0.0022472
0.00224724
0.00224729
0.00224732
0.00224732
0.00224733
0.00224734
0.00224737
0.00224742
0.00224756
0.00224772
0.00224795
0.00224823
0.00224833
0.00224839
0.00224851
0.00224876
0.00224892
0.00224907
0.0022495
0.00224988
0.00225072
0.00225181
0.00225233
0.0022534
0.00225592
0.00225765
0.00225978
0.0022637
0.00226573
0.00227063
0.00227522
0.00228694
0.00229463
0.00230736
0.00232409
0.00235629
0.00237306
0.00240443
0.00242958
0.00245789
0.00248923
0.00252075
0.00254922
0.00257973
0.00262106
0.00266133
0.00268832
0.00224698
0.00224698
0.00224699
0.00224702
0.00224709
0.00224712
0.00224714
0.00224715
0.00224717
0.00224721
0.00224729
0.00224741
0.0022476
0.00224787
0.00224812
0.00224828
0.00224836
0.00224855
0.00224875
0.00224906
0.00224935
0.0022497
0.00225006
0.00225084
0.00225225
0.00225311
0.00225404
0.00225635
0.00225859
0.00226081
0.00226436
0.00226866
0.00227211
0.00227853
0.00228941
0.00229925
0.00230959
0.002334
0.00236411
0.00238096
0.00241198
0.00243845
0.00246357
0.00249374
0.00252304
0.00255339
0.00257962
0.00261858
0.00265904
0.00268808
0.00224681
0.00224681
0.00224681
0.00224683
0.00224689
0.00224693
0.00224696
0.002247
0.00224706
0.00224712
0.00224725
0.00224734
0.0022475
0.00224768
0.00224791
0.0022482
0.00224831
0.00224855
0.00224876
0.00224922
0.00224955
0.00225007
0.00225088
0.00225127
0.00225236
0.00225382
0.00225471
0.00225718
0.00225884
0.00226243
0.00226489
0.00227063
0.0022746
0.00228234
0.00229173
0.00230531
0.00231754
0.00234376
0.00236936
0.0023885
0.00242531
0.00244607
0.00247162
0.00249909
0.00252561
0.00255849
0.00257921
0.00261936
0.00265436
0.00268674
0.00224677
0.00224676
0.00224676
0.00224677
0.00224681
0.00224685
0.0022469
0.00224695
0.00224705
0.00224712
0.00224724
0.00224736
0.0022475
0.0022476
0.00224779
0.00224812
0.00224836
0.00224848
0.00224876
0.00224937
0.00224969
0.00225013
0.00225115
0.00225166
0.00225241
0.00225397
0.00225498
0.00225702
0.00225955
0.00226143
0.00226629
0.00226968
0.00227634
0.00228392
0.00229018
0.00230823
0.00232131
0.00234042
0.00237316
0.00238804
0.00241957
0.00244347
0.0024709
0.00249856
0.00252227
0.00255867
0.00257861
0.00261654
0.00264561
0.00268274
0.00224684
0.00224683
0.00224682
0.00224682
0.00224684
0.00224687
0.00224693
0.002247
0.00224711
0.00224723
0.0022473
0.00224742
0.0022475
0.00224761
0.00224779
0.00224799
0.00224822
0.00224839
0.00224885
0.00224935
0.00224964
0.00225043
0.00225091
0.00225177
0.00225237
0.00225361
0.0022547
0.00225693
0.00225884
0.00226094
0.00226613
0.00226887
0.00227524
0.00228251
0.00228907
0.00230855
0.0023198
0.00233855
0.00237381
0.00239313
0.00241292
0.0024463
0.00247024
0.00250044
0.00252592
0.00255448
0.00258251
0.00261485
0.00264679
0.00268351
0.00224702
0.00224702
0.002247
0.002247
0.002247
0.00224702
0.00224706
0.00224716
0.0022473
0.00224742
0.00224748
0.00224754
0.00224758
0.00224765
0.00224778
0.00224792
0.00224806
0.00224838
0.00224895
0.00224927
0.00224968
0.00225042
0.00225082
0.00225142
0.00225193
0.00225307
0.00225465
0.00225592
0.00225699
0.00226001
0.00226263
0.00226562
0.00227195
0.00227789
0.00228869
0.00230079
0.00231108
0.00233608
0.00236298
0.00237976
0.00241267
0.00244352
0.00246569
0.00249414
0.00252395
0.00255026
0.00258355
0.00261052
0.00265107
0.00268311
0.00224723
0.00224723
0.00224722
0.0022472
0.00224721
0.00224722
0.00224726
0.00224736
0.00224748
0.00224756
0.00224763
0.00224766
0.00224768
0.00224774
0.00224783
0.00224795
0.00224806
0.00224835
0.00224895
0.0022492
0.00224964
0.00225027
0.00225069
0.00225094
0.0022517
0.00225258
0.0022538
0.00225473
0.00225574
0.0022586
0.00226075
0.00226485
0.00227066
0.00227556
0.00228627
0.00229288
0.0023042
0.00233341
0.00235384
0.00237489
0.00241213
0.00243927
0.00245928
0.00248693
0.00252134
0.00254941
0.00258174
0.00261196
0.00264879
0.00269062
0.00224775
0.00224775
0.00224772
0.00224771
0.00224771
0.00224772
0.00224774
0.00224781
0.0022479
0.00224796
0.002248
0.002248
0.00224801
0.00224802
0.00224805
0.0022481
0.00224818
0.0022484
0.00224889
0.00224927
0.0022496
0.00224999
0.00225021
0.00225049
0.00225146
0.0022519
0.00225257
0.00225311
0.00225446
0.00225703
0.00225886
0.00226206
0.00226757
0.00227113
0.00227893
0.00228552
0.0022988
0.00232596
0.00234085
0.00236708
0.00240637
0.00243217
0.00245378
0.00248373
0.00252021
0.00255014
0.00258173
0.00261256
0.0026508
0.00269859
0.0022481
0.00224809
0.00224808
0.00224806
0.00224805
0.00224805
0.00224807
0.00224812
0.00224819
0.00224823
0.00224825
0.00224828
0.0022483
0.00224832
0.00224835
0.0022484
0.00224848
0.00224871
0.00224912
0.00224944
0.00224969
0.00224998
0.00225009
0.00225042
0.00225099
0.00225125
0.00225159
0.00225216
0.00225369
0.00225496
0.00225625
0.00225897
0.0022628
0.00226581
0.0022724
0.00227805
0.00229409
0.00231055
0.00232256
0.0023531
0.00239178
0.00241527
0.00244405
0.00248076
0.00251818
0.0025517
0.00258
0.00261592
0.00265448
0.00270185
0.00224892
0.00224891
0.00224889
0.00224885
0.0022488
0.00224877
0.00224876
0.00224876
0.00224876
0.00224875
0.00224872
0.00224866
0.00224863
0.00224863
0.00224865
0.00224868
0.00224874
0.00224892
0.00224931
0.00224949
0.00224974
0.00224995
0.00225007
0.00225036
0.00225078
0.00225109
0.00225136
0.00225192
0.00225318
0.00225426
0.00225536
0.00225782
0.00226072
0.00226402
0.00226977
0.00227508
0.00228936
0.00230293
0.00231445
0.00234446
0.00237916
0.00240642
0.00243795
0.00247835
0.0025169
0.00255045
0.00258148
0.00262145
0.00267138
0.00271588
0.00224936
0.00224937
0.00224938
0.00224941
0.00224941
0.0022494
0.00224941
0.00224942
0.00224943
0.00224944
0.00224942
0.00224937
0.00224928
0.00224919
0.00224914
0.00224911
0.0022491
0.00224915
0.00224939
0.00224953
0.00224975
0.00224992
0.00224999
0.00225021
0.00225037
0.00225066
0.00225081
0.0022512
0.00225179
0.00225273
0.00225332
0.00225494
0.00225641
0.00225931
0.00226401
0.00226692
0.00227736
0.00228647
0.00229567
0.00232032
0.00234899
0.00237858
0.00241169
0.00245524
0.00249917
0.00253523
0.00257013
0.00261371
0.00266834
0.00272115
0.00230367
0.00228223
0.00227919
0.00227646
0.00227431
0.00227247
0.00227107
0.00227006
0.00226921
0.00226831
0.00226751
0.0022663
0.00226527
0.00226481
0.0022642
0.00226365
0.00226359
0.00226345
0.00226307
0.0022634
0.00226402
0.00226464
0.00226594
0.00226785
0.00227019
0.00227344
0.00227837
0.00228362
0.00229046
0.00230101
0.00231379
0.00233559
0.00236577
0.00240262
0.00246826
0.00255195
0.00266111
0.0028343
0.00298851
0.00304829
0.00309107
0.0031415
0.00318055
0.00318182
0.00317561
0.0031734
0.00323212
0.00346252
0.00380979
0.00421571
0.00228747
0.0022749
0.00227262
0.00227075
0.00226951
0.00226854
0.00226791
0.00226721
0.00226639
0.00226553
0.00226447
0.00226342
0.00226297
0.00226277
0.0022624
0.00226217
0.00226229
0.0022622
0.00226223
0.00226347
0.0022641
0.0022651
0.00226697
0.00226927
0.00227216
0.00227644
0.00228166
0.00228675
0.00229645
0.00230913
0.00232379
0.00235198
0.00238571
0.00242997
0.00250441
0.00259089
0.00271473
0.0028647
0.00294275
0.00299525
0.00303144
0.00304554
0.00309318
0.00309255
0.00310267
0.00311881
0.00321557
0.0034043
0.0035902
0.00381782
0.00228568
0.00227224
0.00227018
0.00226887
0.00226804
0.00226738
0.00226685
0.00226611
0.00226523
0.00226434
0.00226317
0.00226243
0.00226222
0.00226197
0.00226163
0.00226145
0.00226108
0.00226055
0.00226124
0.00226179
0.00226211
0.00226349
0.00226472
0.00226681
0.00226965
0.00227319
0.00227613
0.00228111
0.00229234
0.00230194
0.00231235
0.00233771
0.00236328
0.0023978
0.00245659
0.00251735
0.00261222
0.00272723
0.00281041
0.00285932
0.00291228
0.00293014
0.00296558
0.00299348
0.00304155
0.00308807
0.00315715
0.00322153
0.00333506
0.00345541
0.002283
0.00226795
0.00226684
0.0022664
0.00226588
0.00226541
0.00226476
0.00226371
0.0022627
0.00226183
0.00226113
0.00226101
0.00226096
0.00226032
0.00226004
0.00226008
0.00225966
0.00225975
0.00226072
0.00226103
0.00226141
0.00226291
0.00226384
0.0022659
0.00226883
0.00227215
0.00227455
0.00228011
0.00229089
0.00229966
0.00230932
0.00233186
0.00235576
0.00238758
0.00244119
0.0024951
0.00257803
0.00268541
0.00276125
0.00280013
0.00286004
0.00287909
0.00291217
0.00294808
0.00299692
0.00301828
0.00306567
0.00314781
0.00325239
0.00331922
0.00227979
0.00226637
0.00226557
0.00226526
0.00226474
0.00226409
0.00226308
0.00226194
0.00226123
0.00226065
0.00226031
0.00226032
0.00226017
0.00225943
0.00225915
0.00225923
0.00225889
0.00225904
0.00225948
0.00225932
0.00226022
0.00226151
0.00226214
0.00226385
0.00226667
0.00226924
0.00227247
0.00227895
0.00228436
0.00229376
0.00230624
0.00231998
0.00234639
0.0023732
0.00240744
0.00244998
0.00250134
0.00260046
0.00268001
0.00271119
0.00276337
0.00279145
0.0028382
0.00287011
0.00292479
0.00296371
0.00302554
0.00306837
0.00313679
0.00321596
0.00227761
0.00226483
0.00226383
0.0022631
0.00226235
0.00226136
0.00226027
0.00225982
0.00225953
0.00225919
0.00225914
0.00225888
0.00225837
0.00225797
0.00225791
0.00225764
0.00225786
0.00225851
0.00225836
0.00225857
0.00225964
0.00226051
0.00226142
0.002263
0.00226478
0.00226651
0.0022718
0.0022786
0.00228013
0.00228959
0.00230452
0.00231195
0.00233031
0.00235624
0.00237928
0.00242865
0.00247344
0.00256323
0.00264711
0.00268217
0.0027243
0.00274773
0.0028069
0.00283651
0.00288719
0.00291211
0.00294688
0.0029811
0.00305716
0.00309624
0.00227392
0.00226336
0.00226239
0.0022613
0.00226051
0.00225947
0.00225895
0.00225891
0.00225871
0.00225837
0.00225822
0.00225759
0.00225689
0.00225724
0.00225728
0.00225687
0.00225691
0.0022571
0.00225707
0.00225774
0.00225814
0.00225853
0.00225969
0.00226151
0.00226293
0.00226472
0.00226957
0.0022765
0.00227797
0.00228179
0.00229584
0.00230505
0.00231599
0.00234451
0.00236738
0.00240635
0.00244172
0.00247733
0.00256606
0.00262037
0.00265337
0.00267061
0.0027306
0.00277441
0.00282101
0.00284677
0.00290315
0.00294211
0.00300262
0.00305045
0.00227219
0.0022606
0.00225957
0.00225865
0.0022581
0.00225772
0.00225783
0.00225766
0.00225717
0.00225668
0.00225639
0.00225588
0.00225571
0.00225582
0.0022559
0.00225562
0.00225555
0.00225571
0.00225643
0.00225678
0.00225697
0.00225751
0.00225841
0.0022603
0.00226211
0.00226411
0.00226547
0.00226951
0.00227616
0.00227967
0.00228738
0.00230024
0.00230503
0.00232454
0.0023405
0.00236323
0.00240045
0.00244621
0.00253221
0.00257495
0.00262055
0.00264447
0.00269937
0.00274925
0.00279229
0.00281485
0.00285182
0.00286925
0.00292423
0.00296834
0.00226905
0.00225792
0.00225716
0.00225707
0.00225682
0.00225685
0.00225691
0.00225647
0.00225599
0.00225557
0.00225518
0.00225503
0.00225513
0.00225513
0.0022547
0.0022547
0.00225488
0.0022551
0.00225512
0.00225486
0.00225539
0.00225638
0.00225679
0.00225765
0.00225994
0.0022628
0.00226344
0.00226371
0.00226949
0.00227629
0.00227849
0.00228503
0.00229177
0.00231024
0.00233126
0.00234686
0.00238232
0.00242458
0.00249594
0.00250538
0.00254283
0.0026018
0.00264025
0.00269656
0.00273049
0.0027533
0.00279499
0.00282136
0.00289425
0.00293552
0.00226634
0.00225639
0.00225586
0.00225574
0.00225551
0.00225538
0.00225502
0.00225436
0.00225423
0.00225427
0.00225395
0.0022539
0.00225417
0.00225381
0.00225336
0.00225358
0.00225392
0.00225405
0.00225371
0.00225398
0.00225462
0.00225512
0.00225578
0.002256
0.00225638
0.0022584
0.00226184
0.00226176
0.00226292
0.00226834
0.00227061
0.00227815
0.00228782
0.00230353
0.00231593
0.00232557
0.00235155
0.00238018
0.0024373
0.00247807
0.0025
0.00256983
0.0026166
0.00266915
0.00270296
0.00272776
0.00276944
0.00279442
0.00284068
0.00287684
0.00226332
0.00225527
0.00225494
0.00225453
0.00225446
0.00225407
0.00225337
0.00225326
0.00225342
0.00225328
0.00225321
0.00225332
0.00225317
0.00225273
0.00225279
0.00225308
0.00225308
0.00225261
0.00225265
0.0022532
0.00225335
0.00225336
0.00225391
0.00225486
0.00225498
0.0022554
0.0022571
0.0022597
0.00226078
0.00226519
0.00226594
0.00227122
0.00228184
0.00229029
0.00229242
0.00230396
0.0023398
0.00235779
0.00238179
0.00243588
0.00247639
0.00253928
0.00257409
0.00261078
0.00263781
0.00267273
0.00272011
0.00274901
0.002797
0.00285781
0.00226085
0.00225365
0.0022534
0.00225315
0.00225302
0.00225262
0.00225253
0.00225267
0.00225233
0.00225201
0.00225205
0.00225214
0.00225175
0.00225171
0.00225202
0.00225212
0.00225175
0.00225173
0.00225206
0.00225205
0.00225214
0.00225243
0.0022526
0.00225296
0.00225416
0.00225437
0.00225472
0.00225639
0.00225831
0.00226064
0.00226332
0.00226735
0.00227553
0.00227547
0.00228154
0.00229626
0.00232418
0.00234625
0.00235635
0.00238827
0.00243461
0.00251348
0.00254324
0.0025686
0.00259751
0.0026521
0.00269909
0.00273094
0.00277542
0.00282723
0.00225787
0.00225211
0.00225183
0.00225182
0.0022516
0.00225154
0.00225188
0.0022518
0.00225164
0.0022515
0.00225151
0.00225118
0.00225104
0.00225128
0.00225141
0.00225111
0.00225103
0.00225122
0.00225128
0.00225138
0.00225146
0.00225156
0.00225185
0.00225227
0.00225296
0.00225374
0.00225395
0.00225507
0.00225606
0.00225717
0.0022601
0.00226356
0.00226534
0.00226838
0.00227752
0.00229443
0.00230188
0.00230973
0.00232394
0.00236023
0.00241556
0.00246507
0.00249223
0.00253393
0.00256904
0.00261929
0.00265547
0.00268958
0.00273177
0.00278932
0.00225466
0.00225112
0.00225094
0.00225086
0.00225081
0.0022509
0.00225085
0.00225067
0.00225069
0.00225082
0.00225058
0.00225039
0.00225051
0.00225061
0.00225036
0.00225021
0.00225026
0.00225044
0.00225048
0.0022505
0.0022507
0.00225089
0.0022513
0.0022518
0.00225186
0.00225251
0.0022532
0.00225404
0.00225516
0.00225609
0.00225836
0.00225916
0.00226095
0.00226626
0.00227535
0.00228072
0.0022818
0.00229342
0.00231579
0.00235175
0.00240355
0.00244098
0.00247037
0.0025011
0.00253618
0.00259087
0.00263367
0.00266934
0.00271569
0.00277528
0.00225153
0.0022502
0.00225018
0.00225015
0.00225018
0.00225017
0.00224998
0.00224996
0.00224996
0.00224995
0.00224995
0.00225
0.00225003
0.00224988
0.00224979
0.00224983
0.00224984
0.00224977
0.00224978
0.0022498
0.00224984
0.00225007
0.00225033
0.00225084
0.00225127
0.00225178
0.00225228
0.00225271
0.00225412
0.00225476
0.00225604
0.00225801
0.00225959
0.00226352
0.00226495
0.00227084
0.00227724
0.00228865
0.00231193
0.00233138
0.00235863
0.00239244
0.00242435
0.00247104
0.0025122
0.00255025
0.00259767
0.00263116
0.0026841
0.00273654
0.00477807
0.00420526
0.00371143
0.00336519
0.00326466
0.00326906
0.00328954
0.00326998
0.00323318
0.00320135
0.00315255
0.00311834
0.00305774
0.00291873
0.00273257
0.00259905
0.00249697
0.00242979
0.00238098
0.00234679
0.00232401
0.00230735
0.00229673
0.0022892
0.00228239
0.00227694
0.00227306
0.00227015
0.00226769
0.00226634
0.00226523
0.00226437
0.00226423
0.00226422
0.00226426
0.00226442
0.00226481
0.00226517
0.00226577
0.00226698
0.00226789
0.00226881
0.00226964
0.00227062
0.00227154
0.00227297
0.00227458
0.00227717
0.00227857
0.00228393
0.00580463
0.00477597
0.00403809
0.00359237
0.00343142
0.00341667
0.00340978
0.00337679
0.00335212
0.00331283
0.00324648
0.00320409
0.00318023
0.00313455
0.00303675
0.00283206
0.00264226
0.00252316
0.00244435
0.00239336
0.00236101
0.00233631
0.00231829
0.00230577
0.00229627
0.002288
0.00228124
0.00227679
0.0022728
0.00226998
0.00226818
0.00226653
0.0022656
0.00226518
0.00226497
0.00226494
0.00226504
0.00226528
0.00226565
0.00226623
0.00226713
0.00226809
0.00226891
0.00226999
0.00227065
0.00227185
0.00227276
0.00227494
0.0022763
0.00227992
0.00702182
0.00552731
0.00447407
0.00386074
0.00363662
0.00360541
0.00359809
0.00356528
0.00348176
0.00339614
0.00334285
0.0033303
0.00331967
0.00327902
0.00320171
0.0031058
0.00294819
0.00275644
0.00259299
0.00248824
0.00242455
0.00238265
0.0023526
0.002331
0.00231627
0.00230606
0.00229701
0.0022894
0.00228265
0.00227734
0.0022736
0.00227096
0.00226878
0.00226738
0.00226652
0.00226608
0.0022658
0.00226582
0.00226593
0.00226626
0.00226674
0.00226755
0.00226808
0.00226918
0.00226985
0.00227094
0.0022716
0.00227311
0.00227416
0.00227693
0.00988012
0.00746998
0.00562109
0.00450625
0.00402111
0.00384417
0.0037666
0.00372177
0.00362403
0.00353427
0.00350955
0.00348459
0.00342228
0.00335898
0.00332837
0.00330384
0.00324374
0.00307535
0.00286139
0.00268251
0.00256274
0.00248187
0.00242436
0.00238353
0.00235538
0.00233592
0.00232068
0.00230849
0.0022983
0.00229004
0.00228361
0.00227875
0.00227491
0.00227205
0.00226997
0.00226867
0.00226769
0.00226719
0.00226687
0.00226688
0.00226703
0.00226753
0.00226793
0.00226877
0.00226934
0.00227039
0.00227094
0.0022721
0.00227283
0.00227473
0.0413414
0.0329683
0.021532
0.0118971
0.00691602
0.00492873
0.00422916
0.00396312
0.0037873
0.00372811
0.00368024
0.00359537
0.00353283
0.00351949
0.0035147
0.00348807
0.00345047
0.00338183
0.00327249
0.00311905
0.00292457
0.00274551
0.00260518
0.00251077
0.00244784
0.00240412
0.00237263
0.00234939
0.0023316
0.00231729
0.00230532
0.00229572
0.00228814
0.00228225
0.00227772
0.00227455
0.00227218
0.00227059
0.00226942
0.00226876
0.00226829
0.00226831
0.00226844
0.00226888
0.00226934
0.00227028
0.00227078
0.00227178
0.00227232
0.00227353
0.603432
0.58844
0.456141
0.248191
0.100854
0.0348786
0.0125564
0.00618907
0.00449519
0.00404692
0.00386116
0.00379927
0.00378748
0.00376104
0.00373884
0.00372437
0.00369303
0.00362253
0.00352058
0.00339574
0.00323966
0.00307726
0.00292516
0.00277544
0.00265439
0.00256465
0.00249985
0.00245319
0.00241767
0.00238828
0.00236284
0.0023409
0.00232235
0.0023079
0.00229714
0.00228924
0.00228335
0.00227916
0.00227604
0.00227395
0.00227231
0.00227127
0.00227058
0.00227031
0.00227039
0.00227069
0.00227107
0.00227183
0.00227238
0.00227322
3.98403
3.93631
3.7504
3.14605
1.5111
0.557749
0.177186
0.0500938
0.0151516
0.00658492
0.00459427
0.0041429
0.00404766
0.00403431
0.00401108
0.00397499
0.00396179
0.00397279
0.00401698
0.00411358
0.00425163
0.00438033
0.00426946
0.00387602
0.00345079
0.00310649
0.00288687
0.00275222
0.00267148
0.0026134
0.00255314
0.00249062
0.002438
0.00239831
0.00236606
0.00233955
0.00231948
0.00230554
0.00229595
0.00228951
0.00228482
0.00228143
0.00227873
0.00227651
0.00227493
0.00227391
0.0022733
0.00227331
0.0022735
0.0022737
4.21368
3.65668
3.80162
4.80154
4.73452
3.58832
1.33608
0.435197
0.122112
0.0326169
0.010608
0.00564464
0.00458569
0.00435922
0.00432813
0.00436453
0.004597
0.00555592
0.008668
0.0170463
0.0354801
0.0523863
0.057015
0.0454882
0.0294333
0.016873
0.0094013
0.00567911
0.00408209
0.00343288
0.00313815
0.0029903
0.00290765
0.0028789
0.00286631
0.00280586
0.00268737
0.00255794
0.00245644
0.00239089
0.00235296
0.00233137
0.00231931
0.00231127
0.00230387
0.00229587
0.00228975
0.00228411
0.00228216
0.00227892
0.948673
0.734052
0.777419
1.21375
3.45249
4.38943
3.78669
1.7873
0.576498
0.16762
0.0446864
0.0135982
0.00653988
0.00509682
0.00500599
0.00556418
0.00895167
0.0229748
0.0672195
0.181915
0.317496
0.408118
0.434654
0.42404
0.378219
0.234252
0.117124
0.0535559
0.022872
0.0102522
0.0061443
0.00574292
0.00692905
0.0113144
0.0183899
0.0213083
0.0183326
0.0130915
0.00846819
0.00539624
0.00380554
0.00320625
0.00308502
0.00310266
0.00316408
0.00310295
0.00291608
0.00266413
0.00253953
0.00241625
0.272488
0.171273
0.196809
0.390613
1.2526
3.71205
4.01782
3.38635
1.66085
0.580791
0.166923
0.0443929
0.013595
0.0072818
0.00739943
0.0138229
0.048265
0.158879
0.307481
0.384669
0.395455
0.386383
0.388325
0.459696
0.575097
0.567664
0.507445
0.322002
0.152321
0.0596431
0.0273314
0.026446
0.04499
0.121115
0.199122
0.218202
0.211392
0.162818
0.094108
0.0495759
0.0267235
0.0200773
0.0209089
0.0246879
0.0295992
0.0319632
0.0252579
0.0153892
0.0110187
0.00769168
0.259339
0.103665
0.102644
0.248227
0.776505
2.43092
3.59953
3.41244
2.38119
1.14531
0.453669
0.14222
0.0368058
0.0151114
0.0192687
0.0697704
0.26697
0.550395
0.664128
0.642068
0.479233
0.35728
0.342843
0.416917
0.674748
0.76295
0.753646
0.705258
0.560787
0.277057
0.145899
0.154762
0.30751
0.51119
0.552373
0.54873
0.537409
0.502637
0.401808
0.231558
0.149789
0.144554
0.174341
0.247682
0.271733
0.268648
0.237229
0.143232
0.0950261
0.0782625
0.274227
0.0914594
0.0665125
0.183096
0.652368
1.65681
2.83138
2.94693
2.27661
1.18064
0.540911
0.212242
0.0688581
0.0360435
0.0646364
0.284921
0.861485
1.15614
1.15462
0.876797
0.480628
0.326898
0.328372
0.502419
0.894381
1.00303
0.968417
0.823582
0.527975
0.363083
0.373132
0.617421
0.795044
0.745332
0.610336
0.583228
0.59905
0.592628
0.506602
0.422102
0.43118
0.557414
0.626615
0.610082
0.550815
0.4395
0.354679
0.325292
0.333452
0.373583
0.289079
0.0930936
0.0455106
0.105573
0.567064
1.2548
2.06483
2.29763
1.93406
1.05505
0.495141
0.195745
0.0808005
0.0766757
0.189824
0.763756
1.3755
1.52944
1.45556
1.09333
0.587427
0.323782
0.297135
0.466557
0.922171
1.07259
1.00545
0.701877
0.469906
0.444349
0.583162
0.82866
0.830094
0.638606
0.511071
0.533779
0.680543
0.705682
0.591696
0.52488
0.555949
0.597305
0.555611
0.493779
0.493822
0.495544
0.464504
0.433838
0.425994
0.40921
0.266856
0.0862349
0.0333231
0.0438227
0.308736
0.94417
1.37273
1.53412
1.33609
0.796137
0.404515
0.176326
0.0953098
0.0997582
0.222226
0.781924
1.3919
1.548
1.49535
1.28057
0.796865
0.381144
0.191947
0.187566
0.419168
0.864381
0.930438
0.77081
0.544357
0.514504
0.600597
0.729441
0.723839
0.622523
0.463509
0.439417
0.545174
0.716653
0.707279
0.618766
0.568009
0.533461
0.441537
0.376965
0.377263
0.449411
0.501943
0.494533
0.447685
0.341467
0.174824
0.0539173
0.0214729
0.0198364
0.083825
0.567018
1.02528
1.102
0.933825
0.623881
0.363437
0.188481
0.12761
0.129665
0.204158
0.612311
1.24899
1.41243
1.38961
1.26357
0.854607
0.394848
0.130798
0.0620009
0.0818047
0.234932
0.519016
0.597363
0.576437
0.54793
0.564846
0.577483
0.559632
0.505503
0.360444
0.202914
0.169049
0.203806
0.342576
0.417939
0.424007
0.41073
0.355245
0.211444
0.126414
0.110291
0.117793
0.143263
0.157919
0.151158
0.0744893
0.0237474
0.0124082
0.0106118
0.0192979
0.120584
0.574597
0.920993
0.932026
0.745826
0.461458
0.279806
0.20646
0.200833
0.249572
0.579266
1.13958
1.20589
1.11138
0.720539
0.301906
0.102412
0.0316581
0.0146627
0.0162941
0.0383315
0.118791
0.262802
0.375088
0.420441
0.418794
0.392546
0.299489
0.170766
0.0866408
0.0409346
0.0275531
0.0294519
0.0424589
0.0713093
0.0826288
0.0803479
0.0565495
0.0328119
0.0186956
0.0131239
0.0124296
0.0130491
0.0144954
0.0117915
0.03099
0.0133869
0.0091528
0.00774928
0.00830977
0.0182986
0.081333
0.310041
0.622304
0.789805
0.807037
0.739997
0.642797
0.629664
0.751001
1.01764
0.996309
0.829126
0.421279
0.175126
0.0621226
0.0211966
0.00866986
0.00569271
0.00570341
0.00792679
0.0195367
0.0588707
0.0951312
0.104317
0.0997144
0.0701742
0.0409025
0.021678
0.010967
0.00599881
0.00441727
0.00435862
0.00476106
0.00531128
0.00573532
0.0053979
0.00447103
0.00357726
0.00299203
0.00269069
0.0025994
0.00256516
0.00258657
0.00248622
0.0149086
0.00933833
0.0076798
0.00664495
0.00625312
0.00682703
0.0113235
0.0288708
0.0718031
0.173938
0.402587
0.597207
0.698519
0.718557
0.6911
0.574504
0.300099
0.134161
0.0521949
0.0197673
0.00864919
0.00524037
0.00428653
0.00403606
0.0039998
0.00407596
0.00450133
0.00531325
0.0058953
0.00613671
0.00553876
0.00452232
0.00362441
0.00304199
0.00272482
0.00256643
0.00248808
0.0024458
0.00242168
0.00240411
0.002382
0.00235484
0.00233004
0.0023113
0.00229916
0.00229146
0.00228783
0.00228444
0.00228313
0.00227971
0.00943732
0.00736581
0.00625219
0.00585827
0.00542295
0.00525427
0.00541969
0.00627544
0.0089258
0.0159712
0.0295361
0.045809
0.0558671
0.054925
0.0416532
0.0255824
0.0137628
0.00767079
0.00508697
0.00414825
0.0038096
0.00366833
0.00362519
0.00360014
0.00352208
0.0032811
0.00304421
0.00286933
0.00273469
0.00262363
0.00252792
0.0024534
0.00240271
0.00237016
0.00234899
0.00233319
0.00231995
0.00230945
0.0023006
0.00229293
0.00228641
0.00228155
0.00227803
0.00227576
0.00227443
0.00227375
0.00227335
0.00227344
0.00227364
0.00227379
0.00744318
0.00600574
0.00526391
0.00489225
0.00481891
0.00465859
0.00453123
0.00450865
0.0045342
0.00459323
0.00467249
0.00475574
0.00473139
0.00444787
0.00407164
0.00374391
0.00355881
0.00346873
0.00341796
0.00337967
0.00337479
0.00335035
0.00325964
0.00308952
0.00291803
0.00273156
0.00258673
0.00249084
0.00242606
0.00238115
0.00235012
0.00232899
0.00231434
0.00230375
0.00229559
0.00228936
0.00228429
0.0022802
0.00227684
0.00227442
0.00227245
0.00227126
0.00227048
0.00227025
0.00227035
0.00227072
0.00227113
0.00227191
0.00227243
0.00227323
0.00616398
0.00537442
0.00486971
0.00449278
0.00429092
0.00424858
0.00416362
0.00407049
0.00399803
0.00392149
0.00381149
0.00365895
0.00350557
0.0033827
0.00330982
0.00323095
0.00318024
0.00316937
0.00315272
0.00311286
0.00301828
0.00286412
0.00270203
0.00258611
0.00250135
0.00243707
0.00238795
0.00235306
0.00232951
0.00231315
0.00230139
0.00229287
0.00228654
0.00228163
0.00227766
0.00227474
0.00227246
0.00227085
0.00226959
0.00226884
0.0022683
0.00226831
0.00226844
0.0022689
0.00226939
0.00227036
0.00227086
0.00227182
0.00227234
0.00227353
0.00517849
0.00475893
0.00450561
0.0042488
0.00406056
0.00395518
0.00388345
0.00380432
0.00373238
0.00365158
0.00354645
0.00341292
0.00328389
0.00318476
0.00312191
0.0030615
0.00297002
0.00289163
0.00280592
0.00269389
0.00260079
0.00252183
0.0024601
0.00241234
0.00237415
0.00234424
0.00232199
0.00230643
0.0022959
0.00228815
0.00228238
0.00227807
0.00227465
0.00227198
0.00227
0.00226873
0.00226774
0.00226722
0.00226688
0.00226686
0.00226703
0.00226753
0.00226795
0.00226882
0.00226943
0.00227045
0.00227099
0.00227212
0.00227285
0.00227477
0.00478923
0.00432692
0.00407686
0.0038794
0.00376449
0.00373128
0.00369511
0.00360721
0.00351013
0.00341944
0.00331773
0.00320778
0.00308465
0.00299454
0.00287943
0.0028059
0.00272918
0.00265897
0.00257176
0.00250031
0.00244328
0.00240081
0.00236866
0.00234254
0.00232248
0.0023066
0.00229464
0.00228659
0.00228097
0.00227664
0.00227343
0.00227093
0.0022688
0.00226734
0.0022665
0.00226606
0.00226577
0.00226579
0.00226591
0.00226622
0.00226676
0.00226756
0.00226814
0.00226924
0.0022699
0.00227097
0.00227161
0.00227311
0.00227419
0.00227702
0.00447563
0.00406859
0.00379684
0.00365266
0.00355389
0.00348614
0.0034563
0.00343492
0.0033836
0.00329482
0.00316096
0.00302223
0.00290682
0.0028138
0.00274438
0.00268898
0.00262085
0.00252859
0.00245806
0.0024095
0.00237247
0.00234655
0.00232722
0.00231049
0.00229786
0.0022882
0.00228131
0.00227704
0.002273
0.00226995
0.00226804
0.00226649
0.00226556
0.00226512
0.00226493
0.00226489
0.002265
0.00226526
0.00226563
0.00226624
0.0022672
0.00226814
0.00226896
0.00227002
0.00227064
0.00227183
0.00227276
0.00227498
0.00227636
0.00228001
0.00413875
0.0037689
0.00360839
0.00354661
0.0034652
0.00339509
0.00334109
0.00326075
0.00321282
0.00313897
0.00303222
0.00291413
0.00281061
0.00273081
0.00263558
0.00253724
0.00247438
0.00242527
0.00238732
0.00235682
0.00233343
0.00231716
0.00230232
0.00229074
0.00228324
0.00227716
0.00227317
0.00227015
0.00226769
0.00226623
0.00226527
0.00226438
0.00226414
0.00226415
0.00226421
0.0022644
0.0022648
0.00226516
0.00226581
0.00226706
0.00226797
0.00226883
0.00226965
0.00227061
0.00227153
0.002273
0.00227466
0.00227725
0.00227864
0.00228397
0.00389129
0.00360731
0.00348145
0.0034173
0.00333739
0.00328585
0.00324221
0.00314841
0.00307974
0.00298841
0.00288876
0.00276562
0.00265836
0.00256997
0.00249702
0.00244023
0.00240266
0.00236735
0.00233892
0.00232062
0.00230537
0.00229424
0.00228496
0.00227795
0.00227384
0.00227009
0.00226791
0.00226589
0.00226451
0.00226391
0.00226336
0.00226296
0.00226326
0.00226353
0.00226375
0.00226424
0.00226477
0.00226531
0.00226638
0.00226759
0.00226837
0.00226921
0.00227005
0.00227111
0.0022725
0.00227437
0.00227654
0.00227929
0.00228235
0.00230361
0.00357013
0.00345909
0.00335712
0.00330032
0.00323736
0.00319493
0.00316897
0.00310831
0.00305993
0.00299193
0.00292081
0.0028047
0.00268541
0.00259301
0.00251822
0.00245486
0.00241705
0.00238187
0.00235018
0.00233066
0.00231285
0.00230019
0.00229128
0.00228201
0.00227662
0.00227217
0.00226921
0.002267
0.00226489
0.00226398
0.00226344
0.00226227
0.00226194
0.00226229
0.00226222
0.00226239
0.0022628
0.00226302
0.0022634
0.0022645
0.00226564
0.00226644
0.00226722
0.00226793
0.00226854
0.00226951
0.00227079
0.00227267
0.00227498
0.00228754
0.00343567
0.00329899
0.00320901
0.00315462
0.00310862
0.00306825
0.00301967
0.00297625
0.00293905
0.00286093
0.00282663
0.00273562
0.00260561
0.00252079
0.00245826
0.00240773
0.00237823
0.00234986
0.00232795
0.00231741
0.00230205
0.00228989
0.00228608
0.00227901
0.00227312
0.0022698
0.00226677
0.00226486
0.00226328
0.00226215
0.00226181
0.00226138
0.00226062
0.00226096
0.00226142
0.00226163
0.00226205
0.00226226
0.00226237
0.00226316
0.00226444
0.0022653
0.00226614
0.0022669
0.00226737
0.00226804
0.00226889
0.00227022
0.00227231
0.00228574
0.00325212
0.0032163
0.00314335
0.00309244
0.00305338
0.00301043
0.00295542
0.00292741
0.00290021
0.00281874
0.00277598
0.00269758
0.00257786
0.00249983
0.00244138
0.00239631
0.00236691
0.00233929
0.0023218
0.00231275
0.00229847
0.00228695
0.00228381
0.00227777
0.0022717
0.0022689
0.00226596
0.00226397
0.0022628
0.00226156
0.00226108
0.00226073
0.00226
0.00225965
0.00225987
0.00226006
0.00226049
0.00226092
0.00226103
0.00226108
0.00226181
0.00226276
0.00226379
0.00226485
0.00226543
0.0022659
0.00226642
0.00226686
0.00226798
0.00228305
0.00317734
0.00310101
0.00303053
0.0029925
0.00295634
0.00290536
0.00286059
0.0028473
0.00282326
0.00274584
0.00270486
0.00264574
0.00253241
0.00246554
0.00241111
0.00237861
0.00234772
0.00232555
0.00231245
0.00229977
0.00229072
0.0022839
0.00227821
0.00227395
0.00226936
0.00226667
0.00226442
0.00226221
0.00226173
0.00226048
0.00225938
0.00225925
0.002259
0.00225879
0.002259
0.00225921
0.00225949
0.00226008
0.0022604
0.00226027
0.00226048
0.00226116
0.00226197
0.00226314
0.00226413
0.00226479
0.0022653
0.0022656
0.00226638
0.00227979
0.00307063
0.00302646
0.00298525
0.00295065
0.00290917
0.00286318
0.00282352
0.00281031
0.00276239
0.00268379
0.00264497
0.00257996
0.00250439
0.00244988
0.00239797
0.00236836
0.00233985
0.00232212
0.00230866
0.00228892
0.00228683
0.00228148
0.00227241
0.00227024
0.00226852
0.00226565
0.0022636
0.00226149
0.00226067
0.0022596
0.00225845
0.0022581
0.00225828
0.00225784
0.00225764
0.0022577
0.00225785
0.00225832
0.00225904
0.00225918
0.00225915
0.00225946
0.00225978
0.00226027
0.00226142
0.00226243
0.00226315
0.00226391
0.00226489
0.00227764
0.00303045
0.00296966
0.00291591
0.00287872
0.00282429
0.00280173
0.0027648
0.00273271
0.00269341
0.002657
0.00260561
0.00251865
0.00247064
0.00242083
0.00237249
0.00234598
0.00232184
0.00231241
0.00229569
0.00228416
0.00228391
0.0022745
0.00226864
0.00226718
0.00226614
0.00226312
0.00226127
0.00226005
0.00225854
0.00225769
0.00225735
0.00225717
0.00225714
0.00225709
0.00225699
0.00225698
0.00225706
0.00225713
0.00225761
0.00225822
0.0022584
0.00225866
0.00225887
0.00225888
0.00225947
0.00226053
0.00226131
0.00226243
0.00226342
0.00227397
0.00294948
0.00291646
0.00287695
0.00284825
0.00279124
0.00277239
0.00273385
0.00268452
0.00263595
0.00260504
0.00254116
0.00249117
0.00245228
0.00239939
0.00236338
0.00233931
0.00231685
0.00230436
0.00228761
0.00228092
0.00227647
0.00226926
0.00226793
0.00226581
0.00226185
0.00226011
0.00225877
0.00225803
0.00225752
0.00225694
0.00225666
0.00225636
0.00225581
0.00225577
0.00225575
0.0022557
0.00225573
0.00225568
0.00225583
0.00225645
0.00225686
0.00225725
0.00225769
0.00225782
0.00225771
0.00225804
0.00225864
0.00225956
0.00226064
0.00227224
0.00290733
0.00285922
0.00281015
0.00278547
0.00273814
0.00270443
0.00266496
0.00264354
0.00260526
0.00256032
0.00249437
0.00245351
0.00240336
0.00235884
0.00234018
0.00231515
0.0023054
0.00230023
0.00228507
0.00227685
0.00227023
0.00226744
0.00226692
0.00226203
0.00225922
0.00225834
0.00225726
0.00225626
0.00225648
0.0022561
0.00225511
0.00225465
0.00225451
0.00225466
0.00225483
0.00225503
0.00225507
0.00225498
0.00225485
0.00225519
0.00225559
0.00225602
0.00225646
0.00225691
0.00225684
0.0022568
0.00225705
0.00225709
0.00225789
0.00226904
0.00287523
0.00283648
0.00278544
0.00275769
0.00271527
0.00266313
0.00262167
0.00260141
0.00255878
0.00253326
0.00247547
0.00242673
0.00237812
0.00234734
0.0023333
0.00230322
0.00228998
0.00228338
0.0022789
0.00227462
0.00226812
0.00226616
0.00226234
0.00225879
0.00225835
0.00225755
0.00225641
0.00225545
0.00225471
0.00225431
0.00225394
0.00225365
0.00225377
0.0022536
0.00225347
0.00225353
0.00225379
0.00225399
0.00225395
0.00225393
0.00225416
0.00225418
0.00225432
0.00225503
0.00225537
0.00225554
0.00225576
0.00225586
0.00225634
0.00226632
0.0028168
0.00278408
0.00274514
0.00270703
0.00266723
0.00264119
0.00258924
0.00255575
0.00250973
0.0024819
0.00243758
0.00238081
0.00234183
0.00232439
0.00231691
0.00229828
0.00228475
0.00227393
0.00227277
0.00226867
0.00226378
0.0022621
0.00225885
0.00225782
0.0022577
0.00225625
0.00225488
0.00225411
0.00225317
0.00225295
0.00225305
0.00225312
0.0022529
0.00225282
0.00225286
0.0022527
0.00225279
0.00225318
0.00225333
0.00225322
0.00225323
0.00225333
0.00225325
0.00225332
0.00225405
0.00225443
0.0022545
0.00225494
0.00225528
0.00226331
0.00279468
0.00273929
0.00271002
0.00268855
0.00263656
0.00260951
0.00255617
0.00252351
0.00247965
0.00245704
0.00241308
0.00236609
0.00233014
0.00230335
0.00229368
0.00229
0.00228043
0.00226967
0.00226736
0.00226365
0.00226116
0.00225882
0.00225736
0.00225669
0.00225494
0.00225353
0.00225321
0.00225292
0.00225248
0.00225223
0.00225223
0.00225213
0.00225178
0.00225168
0.00225185
0.00225192
0.00225174
0.00225175
0.00225204
0.00225199
0.00225202
0.00225236
0.00225268
0.00225247
0.00225262
0.00225297
0.00225311
0.00225337
0.00225366
0.00226086
0.00276749
0.00272372
0.00267234
0.00265238
0.00261872
0.00257854
0.00252747
0.00248467
0.00243728
0.00241296
0.0023787
0.00235724
0.00232229
0.002295
0.00228299
0.00227839
0.00227782
0.00226696
0.00226274
0.00225958
0.0022597
0.00225695
0.00225513
0.00225419
0.00225258
0.00225233
0.00225224
0.00225196
0.0022517
0.00225123
0.00225098
0.00225101
0.00225123
0.00225117
0.00225108
0.00225122
0.00225126
0.00225108
0.00225106
0.0022514
0.00225151
0.00225161
0.0022518
0.00225186
0.00225154
0.0022516
0.00225181
0.00225179
0.00225206
0.00225782
0.00275363
0.00270814
0.00265768
0.00262212
0.0025826
0.00255383
0.00251699
0.00247337
0.0024208
0.00237224
0.0023381
0.00232825
0.00231088
0.00229409
0.00227908
0.00226958
0.00226734
0.00226468
0.00226102
0.00225711
0.00225537
0.00225365
0.00225291
0.00225204
0.00225168
0.00225143
0.00225087
0.0022507
0.0022506
0.0022505
0.00225044
0.00225034
0.00225033
0.0022504
0.00225038
0.00225031
0.00225044
0.00225047
0.00225042
0.00225061
0.00225078
0.00225065
0.00225065
0.00225088
0.00225088
0.00225077
0.00225084
0.00225091
0.00225107
0.00225457
0.00272928
0.00268902
0.00263585
0.00259119
0.00254663
0.00251603
0.00248984
0.00245553
0.00240826
0.00235468
0.00232462
0.00230297
0.00228989
0.00228677
0.00227659
0.00226675
0.00226197
0.00225837
0.00225696
0.00225465
0.00225328
0.00225237
0.00225187
0.00225117
0.00225096
0.00225064
0.00225046
0.00225028
0.00225015
0.00225018
0.00225012
0.00225001
0.00224988
0.00224994
0.00224993
0.00224988
0.00224986
0.00224991
0.00224996
0.00224993
0.00224992
0.00224997
0.00224994
0.00224998
0.00225016
0.00225018
0.00225012
0.00225018
0.00225017
0.0022515
0.00277236
0.00279818
0.00284755
0.00289285
0.00294743
0.00303737
0.00316586
0.0034818
0.00625375
0.00677685
0.00274749
0.00278657
0.00284179
0.00289145
0.002936
0.00300471
0.0031488
0.00349428
0.00626057
0.00665146
0.00273608
0.00277771
0.00282597
0.00286521
0.00291566
0.00300136
0.00312061
0.00340123
0.00592284
0.00637048
0.00273542
0.00277082
0.00281008
0.00285344
0.00291992
0.00299067
0.00311255
0.00341365
0.00599311
0.00627635
0.00272438
0.00275857
0.0027919
0.00284622
0.00291021
0.00298199
0.003088
0.00335243
0.00584165
0.00606179
0.00272611
0.00275574
0.00278433
0.00283663
0.00290431
0.00297364
0.00308886
0.00337786
0.00596852
0.00598964
0.00272993
0.00275181
0.00278146
0.00283866
0.0029026
0.00297136
0.00308492
0.00336996
0.00584402
0.00576643
0.00272625
0.00274641
0.002782
0.00283373
0.00288649
0.00296279
0.00307283
0.00332169
0.00520974
0.00544274
0.00272921
0.0027513
0.00278318
0.00283573
0.00288559
0.00296781
0.00309372
0.00339138
0.00558105
0.00561572
0.00272941
0.00275308
0.00278154
0.00284162
0.00289326
0.00296975
0.00309378
0.00340194
0.00596801
0.00583809
0.00272805
0.00275835
0.00278318
0.00284015
0.00289643
0.00296767
0.0030817
0.00336429
0.00586216
0.00608948
0.00274173
0.00276423
0.00279954
0.00285067
0.00291393
0.00298518
0.00311113
0.00341159
0.00585915
0.0062024
0.00274534
0.00276847
0.00279791
0.00286351
0.00292027
0.00299327
0.00311322
0.00340857
0.00604345
0.0064761
0.00275718
0.00277571
0.00281139
0.00287554
0.00295607
0.0030274
0.00315869
0.00347757
0.00599066
0.00665691
0.00277442
0.00280071
0.00283682
0.00288296
0.00295937
0.00304139
0.00316896
0.00348674
0.00634005
0.00687029
0.00456803
0.00497379
0.00555917
0.00688158
0.00856441
0.0107782
0.0133903
0.0176222
0.0318528
0.0913275
0.00403866
0.00426937
0.00452346
0.00503273
0.00625594
0.00869466
0.0118088
0.0140514
0.0145564
0.0116861
0.0036647
0.00386886
0.00409089
0.00432748
0.00482723
0.00617897
0.0098743
0.0137227
0.0139293
0.011212
0.00343595
0.00355527
0.00370474
0.00392236
0.00430236
0.00482657
0.00646732
0.0121614
0.0137212
0.0108014
0.00333683
0.00343583
0.00355774
0.00363809
0.00390054
0.00437329
0.00536549
0.00895809
0.0135158
0.0104264
0.00318696
0.00324551
0.0033794
0.0035178
0.00372022
0.00390993
0.00445339
0.00700267
0.0130777
0.0099925
0.00313061
0.00316901
0.0032357
0.00330294
0.00352599
0.00376001
0.00418995
0.00551952
0.0128138
0.00961513
0.00303207
0.00307311
0.00317625
0.00323758
0.0033671
0.00352606
0.00387721
0.00470417
0.0112217
0.00921976
0.00299446
0.00303554
0.0030728
0.00313562
0.00329479
0.00345281
0.00378379
0.00442348
0.0108341
0.00891104
0.00292811
0.00295697
0.00303477
0.00309844
0.0031825
0.00331598
0.00354367
0.0041315
0.00925762
0.00852552
0.00290584
0.00292494
0.00297832
0.00302795
0.00314565
0.00327676
0.00347472
0.00394651
0.00893779
0.00827543
0.00286035
0.00289481
0.00295842
0.00299722
0.00307417
0.00318087
0.00341647
0.00393823
0.00782434
0.00786365
0.00284707
0.00288203
0.00290523
0.00295539
0.0030543
0.00316235
0.00330761
0.00367129
0.00760457
0.00766489
0.00282571
0.00284309
0.00288856
0.00295122
0.00299939
0.00308646
0.00326814
0.0036957
0.00685166
0.00727716
0.00279905
0.00282759
0.0028793
0.0029143
0.00296555
0.00307557
0.00323471
0.00359331
0.00673587
0.00711814
0.350381
0.104338
0.0327188
0.0172966
0.0126132
0.0103432
0.00881441
0.00746307
0.00645066
0.00551315
0.405982
0.29406
0.0800896
0.0272505
0.0158802
0.0120497
0.0103005
0.00885564
0.00793716
0.00717045
0.442152
0.723256
0.300919
0.0686481
0.026136
0.0161383
0.0128232
0.0108405
0.00954249
0.00869811
0.453592
0.911193
0.848787
0.246379
0.064707
0.0284664
0.0192767
0.01559
0.0132382
0.0119187
0.58489
0.99177
1.0181
0.648483
0.164937
0.0693429
0.0455138
0.041263
0.0382925
0.0403045
0.85038
1.39004
1.19169
0.940755
0.380339
0.230627
0.258608
0.342725
0.432112
0.545336
1.19689
2.0752
1.85711
1.62343
1.29944
1.326
2.27284
3.16186
3.56227
4.00916
1.52128
2.65991
2.65826
2.68499
3.26039
3.91721
4.75096
5.06759
5.05898
4.86241
1.73901
2.91298
2.87072
2.95327
3.50254
3.81955
3.83284
3.10244
2.45468
1.48578
1.83674
2.93442
2.77766
2.69791
2.6962
2.22773
1.40086
1.04819
0.888201
0.578691
1.83772
2.85713
2.37903
1.79324
1.47033
1.27778
1.21009
1.14878
0.929119
0.600051
1.78553
2.64441
1.79666
1.23141
1.08142
1.27885
1.41055
1.36565
1.11115
0.655712
1.68506
2.35052
1.40079
0.976265
1.00623
1.34227
1.44771
1.41176
1.21486
0.70922
1.54636
2.09815
1.30583
0.897862
0.989928
1.30921
1.43622
1.43551
1.2555
0.725606
1.43468
1.95038
1.35117
0.926969
0.991662
1.23017
1.53822
1.51657
1.2267
0.57521
1.33212
1.86878
1.54828
1.09785
1.15198
1.52098
1.74001
1.56916
0.939877
0.317768
1.23232
1.71995
1.69337
1.56399
1.67298
1.99225
1.88132
1.25234
0.3926
0.111727
1.11639
1.61017
1.69028
1.79379
2.16138
2.10669
1.44918
0.424217
0.119813
0.0376861
0.997127
1.34147
1.57082
2.02161
2.03898
1.32913
0.37891
0.102681
0.032504
0.0149316
0.830118
1.11498
1.71335
1.77025
1.0205
0.274685
0.0745236
0.0246707
0.0122092
0.00916316
0.735306
1.26929
1.38289
0.666943
0.17294
0.0486161
0.0188834
0.0106137
0.00805448
0.00740947
0.639806
0.818706
0.428265
0.107009
0.0335608
0.0160136
0.0104666
0.0077456
0.00679433
0.00606906
0.570879
0.292463
0.0796883
0.0282903
0.0158748
0.0112609
0.00845883
0.00668919
0.00572799
0.0053269
0.443272
0.080897
0.0277496
0.0170898
0.0127188
0.00981203
0.00698629
0.00555748
0.00522549
0.00499883
0.0916677
0.025154
0.0177958
0.0146695
0.0116514
0.00779912
0.0058806
0.0051277
0.0049155
0.00467364
0.0124216
0.0161506
0.0155346
0.013569
0.00926625
0.006207
0.00511483
0.00474641
0.00438561
0.00412025
0.011918
0.0151399
0.0147369
0.0107143
0.00639158
0.00499536
0.00449303
0.0042484
0.00401597
0.00377834
0.0114418
0.0147809
0.013389
0.00715033
0.00524237
0.00460832
0.0041087
0.00379863
0.00362583
0.00356711
0.0109683
0.0146062
0.0106203
0.00573491
0.00442084
0.00401728
0.00373673
0.00361906
0.00347814
0.00337034
0.010542
0.0143924
0.007993
0.00475761
0.00414359
0.00383032
0.00360089
0.00344811
0.00329706
0.00325178
0.0101284
0.013563
0.00633323
0.00441134
0.00377271
0.0035687
0.00338265
0.00328536
0.00319819
0.00314917
0.00973185
0.0124351
0.00497854
0.00395171
0.00364246
0.00349252
0.00331352
0.00322425
0.00313046
0.00308973
0.00936616
0.0115289
0.00490843
0.00385469
0.00350091
0.00333048
0.00319182
0.00311955
0.00304066
0.00299871
0.00896284
0.0103246
0.00413778
0.00362143
0.00337645
0.00325303
0.00315405
0.00308701
0.00300894
0.00296631
0.00855513
0.00905459
0.0040497
0.00357861
0.00332673
0.00320479
0.00307038
0.00301892
0.00294427
0.00291358
0.00826853
0.0084585
0.00397261
0.0034097
0.00321826
0.00312416
0.00304749
0.00299729
0.00292321
0.00287118
0.00798369
0.00754012
0.00385227
0.00338607
0.0031921
0.00309872
0.00300807
0.00293672
0.00288464
0.00285817
0.00771114
0.00733113
0.00364897
0.00328775
0.00312215
0.0030264
0.00298426
0.00292071
0.00285092
0.00281206
0.00731711
0.00663789
0.00368239
0.0032851
0.00311484
0.00300382
0.00293159
0.00287881
0.00282537
0.00280034
0.00713978
0.00638772
0.0035288
0.00320655
0.00307355
0.00299301
0.00291979
0.00286617
0.00280587
0.00277773
0.00228703
0.0022913
0.00229509
0.00229866
0.00230326
0.00230602
0.00231042
0.00231321
0.00231728
0.00232042
0.00232521
0.00232828
0.00233254
0.00233504
0.00233871
0.00234052
0.00234369
0.00234534
0.00234871
0.00235072
0.00235505
0.00235761
0.00236287
0.00236591
0.00237165
0.00228074
0.00228167
0.0022823
0.00228311
0.00228363
0.00228413
0.00228467
0.00228504
0.00228586
0.00228636
0.0022871
0.0022875
0.00228824
0.00228863
0.00228941
0.00228989
0.00229094
0.00229173
0.00229348
0.00229474
0.00229753
0.00229953
0.00230391
0.00230695
0.00231379
0.00227778
0.00227871
0.00227956
0.00228072
0.00228158
0.00228222
0.00228285
0.00228333
0.00228436
0.00228503
0.00228585
0.00228626
0.0022871
0.00228766
0.0022887
0.00228924
0.00229031
0.00229098
0.00229248
0.00229367
0.00229639
0.00229826
0.00230214
0.00230473
0.00231059
0.00227541
0.00227626
0.00227712
0.00227814
0.00227879
0.00227958
0.00228065
0.00228149
0.00228238
0.00228282
0.00228363
0.00228441
0.00228553
0.00228613
0.00228689
0.0022873
0.00228812
0.00228871
0.00229006
0.00229094
0.00229269
0.00229373
0.00229594
0.00229772
0.00230149
0.00227421
0.0022749
0.00227569
0.00227645
0.00227708
0.00227777
0.00227868
0.00227965
0.00228045
0.00228104
0.0022817
0.00228265
0.00228381
0.0022848
0.00228541
0.00228571
0.00228609
0.00228694
0.00228837
0.00228941
0.00229026
0.00229069
0.00229147
0.00229242
0.00229388
0.00227391
0.00227459
0.00227532
0.00227596
0.00227651
0.00227717
0.00227802
0.0022789
0.00227959
0.00228021
0.00228101
0.00228207
0.00228313
0.00228392
0.00228442
0.00228492
0.0022857
0.00228679
0.00228793
0.00228881
0.00228932
0.00228961
0.00228997
0.00229193
0.00229184
0.0022744
0.00227512
0.00227587
0.00227652
0.00227706
0.00227764
0.00227836
0.00227913
0.00227982
0.00228049
0.00228133
0.00228237
0.00228339
0.00228414
0.00228461
0.00228506
0.0022858
0.00228688
0.00228808
0.0022891
0.00228972
0.00229006
0.00229034
0.00229179
0.00229104
0.00227997
0.00228106
0.00228201
0.00228272
0.00228322
0.00228358
0.00228401
0.00228471
0.00228575
0.00228697
0.00228812
0.00228898
0.00228949
0.00228978
0.00229012
0.00229081
0.00229199
0.0022935
0.00229496
0.00229606
0.00229668
0.00229698
0.00229717
0.00229814
0.00229696
0.00242393
0.00245126
0.00248224
0.00249517
0.00249662
0.00249406
0.00248182
0.00247422
0.00247418
0.00247902
0.00249733
0.00250863
0.00250999
0.00250871
0.00250316
0.00250013
0.00250044
0.00250404
0.00251791
0.00253031
0.00253357
0.00253321
0.00252908
0.00252514
0.00251646
0.00792848
0.00954537
0.0113882
0.0117548
0.0116518
0.0110969
0.00980501
0.00925026
0.00925711
0.00980593
0.011282
0.0118971
0.0119109
0.0116546
0.0107679
0.0101517
0.0100339
0.0101542
0.0109001
0.0117957
0.0120438
0.0120065
0.0116647
0.0109448
0.0105755
0.0841539
0.107326
0.128335
0.131867
0.129784
0.116856
0.0955581
0.0881491
0.0883793
0.0952528
0.109196
0.113768
0.113583
0.110014
0.0980862
0.0899624
0.0883377
0.0892433
0.0946104
0.0998786
0.100903
0.100265
0.0959683
0.0896579
0.0845964
0.399631
0.398637
0.380432
0.323552
0.284075
0.273349
0.275346
0.293476
0.31338
0.315879
0.31089
0.286332
0.256981
0.245015
0.243664
0.246998
0.257609
0.261568
0.260589
0.252488
0.233672
0.223185
0.220473
0.2222
0.219132
0.38883
0.377975
0.367412
0.354236
0.342422
0.333192
0.324204
0.314336
0.305156
0.297298
0.290089
0.282436
0.274895
0.267959
0.261846
0.256217
0.250443
0.244577
0.238711
0.233295
0.229183
0.22668
0.225721
0.225744
0.220664
0.298429
0.29059
0.296994
0.330202
0.352167
0.352667
0.342541
0.303959
0.270189
0.258876
0.258915
0.267609
0.283278
0.28674
0.284297
0.269397
0.244974
0.233243
0.230864
0.23205
0.238233
0.242134
0.241709
0.238422
0.219562
0.142865
0.110436
0.0882191
0.0837035
0.086121
0.101825
0.118855
0.122558
0.121551
0.114525
0.0980105
0.0903376
0.0896418
0.0923319
0.102047
0.107395
0.107839
0.10622
0.0985593
0.0902239
0.0876001
0.0877184
0.0901018
0.0947837
0.0941242
0.0116448
0.0105977
0.0090422
0.00857662
0.00869044
0.00974352
0.011478
0.0119716
0.0119177
0.0114893
0.0103926
0.00983675
0.00979072
0.0100816
0.0112658
0.0120771
0.0121967
0.0120639
0.0114138
0.0106947
0.0104748
0.0105037
0.010877
0.0118621
0.0120932
0.00248838
0.00248246
0.00246194
0.00245293
0.00245344
0.00246335
0.00249149
0.00250497
0.00250656
0.00250477
0.00249732
0.00249409
0.00249468
0.00249957
0.00251673
0.00252843
0.00253025
0.00252897
0.00252394
0.00252148
0.00252179
0.00252473
0.00253715
0.00256358
0.00257958
0.00228034
0.00228076
0.0022812
0.00228186
0.00228278
0.00228387
0.00228495
0.0022858
0.00228631
0.0022866
0.00228695
0.00228774
0.00228935
0.00229087
0.00229187
0.00229244
0.00229294
0.00229367
0.00229455
0.00229543
0.00229585
0.0022964
0.00229686
0.00229882
0.00229833
0.00227443
0.00227504
0.0022757
0.00227632
0.0022769
0.00227759
0.00227847
0.00227935
0.00228003
0.00228058
0.00228127
0.00228228
0.00228341
0.00228437
0.00228501
0.00228552
0.00228617
0.00228709
0.00228812
0.002289
0.00228956
0.00228987
0.00229015
0.00229162
0.00229096
0.00227387
0.00227452
0.00227526
0.00227593
0.0022765
0.00227715
0.00227801
0.00227892
0.00227966
0.0022803
0.00228111
0.00228222
0.00228337
0.00228423
0.00228472
0.00228512
0.00228575
0.00228673
0.00228782
0.00228873
0.00228928
0.00228959
0.00228994
0.0022918
0.00229173
0.00227422
0.00227491
0.0022757
0.00227646
0.0022771
0.0022778
0.00227873
0.00227974
0.00228061
0.00228122
0.0022819
0.00228283
0.00228397
0.0022849
0.00228549
0.00228578
0.00228623
0.00228702
0.00228838
0.00228925
0.00229018
0.00229068
0.00229165
0.0022928
0.00229398
0.00227545
0.00227636
0.00227719
0.00227823
0.00227895
0.00227974
0.00228079
0.00228159
0.00228254
0.00228301
0.00228376
0.00228441
0.00228549
0.00228613
0.00228696
0.00228737
0.00228817
0.0022887
0.00228991
0.00229081
0.00229269
0.00229379
0.00229602
0.00229774
0.00230139
0.00227783
0.00227889
0.00227969
0.00228083
0.00228157
0.00228231
0.002283
0.00228345
0.00228443
0.00228497
0.00228584
0.00228629
0.00228721
0.00228769
0.00228865
0.00228918
0.0022903
0.00229102
0.00229258
0.00229373
0.00229636
0.00229822
0.00230218
0.00230483
0.00231073
0.00228082
0.00228173
0.00228237
0.00228316
0.00228363
0.00228411
0.00228463
0.00228504
0.00228591
0.00228641
0.00228715
0.00228757
0.00228829
0.00228866
0.00228941
0.00228989
0.00229096
0.00229177
0.00229358
0.00229486
0.00229771
0.00229973
0.00230414
0.00230718
0.00231401
0.00228708
0.00229131
0.00229515
0.00229864
0.0023033
0.00230597
0.00231032
0.00231312
0.00231733
0.00232052
0.00232535
0.00232835
0.00233252
0.00233488
0.00233848
0.00234026
0.00234351
0.00234521
0.0023487
0.00235078
0.00235523
0.00235782
0.00236312
0.00236621
0.00237222
)
;

boundaryField
{
    inlet
    {
        type            kqRWallFunction;
        value           nonuniform List<scalar> 
15
(
0.00224937
0.00224891
0.00224809
0.00224773
0.0022472
0.00224698
0.00224681
0.00224677
0.00224684
0.00224702
0.00224723
0.00224775
0.0022481
0.00224892
0.00224936
)
;
    }
    outlet
    {
        type            kqRWallFunction;
        value           nonuniform List<scalar> 
25
(
0.00237165
0.00231379
0.00231059
0.00230149
0.00229388
0.00229184
0.00229104
0.00229696
0.00251646
0.0105755
0.0845964
0.219132
0.220664
0.219562
0.0941242
0.0120932
0.00257958
0.00229833
0.00229096
0.00229173
0.00229398
0.00230139
0.00231073
0.00231401
0.00237222
)
;
    }
    top
    {
        type            kqRWallFunction;
        value           nonuniform List<scalar> 
40
(
0.00230361
0.00228754
0.00228574
0.00228305
0.00227979
0.00227764
0.00227397
0.00227224
0.00226904
0.00226632
0.00226331
0.00226086
0.00225782
0.00225457
0.0022515
0.00228708
0.00229131
0.00229515
0.00229864
0.0023033
0.00230597
0.00231032
0.00231312
0.00231733
0.00232052
0.00232535
0.00232835
0.00233252
0.00233488
0.00233848
0.00234026
0.00234351
0.00234521
0.0023487
0.00235078
0.00235523
0.00235782
0.00236312
0.00236621
0.00237222
)
;
    }
    bottom
    {
        type            kqRWallFunction;
        value           nonuniform List<scalar> 
40
(
0.00230367
0.00228747
0.00228568
0.002283
0.00227979
0.00227761
0.00227392
0.00227219
0.00226905
0.00226634
0.00226332
0.00226085
0.00225787
0.00225466
0.00225153
0.00228703
0.0022913
0.00229509
0.00229866
0.00230326
0.00230602
0.00231042
0.00231321
0.00231728
0.00232042
0.00232521
0.00232828
0.00233254
0.00233504
0.00233871
0.00234052
0.00234369
0.00234534
0.00234871
0.00235072
0.00235505
0.00235761
0.00236287
0.00236591
0.00237165
)
;
    }
    cylinder
    {
        type            kqRWallFunction;
        value           nonuniform List<scalar> 
70
(
0.0124216
0.011918
0.0114418
0.0109683
0.010542
0.0101284
0.00973185
0.00936616
0.00896284
0.00855513
0.00826853
0.00798369
0.00771114
0.00731711
0.00713978
0.350381
0.405982
0.442152
0.453592
0.58489
0.85038
1.19689
1.52128
1.73901
1.83674
1.83772
1.78553
1.68506
1.54636
1.43468
1.33212
1.23232
1.11639
0.997127
0.830118
0.735306
0.639806
0.570879
0.443272
0.0916677
0.0913275
0.0116861
0.011212
0.0108014
0.0104264
0.0099925
0.00961513
0.00921976
0.00891104
0.00852552
0.00827543
0.00786365
0.00766489
0.00727716
0.00711814
0.00677685
0.00665146
0.00637048
0.00627635
0.00606179
0.00598964
0.00576643
0.00544274
0.00561572
0.00583809
0.00608948
0.0062024
0.0064761
0.00665691
0.00687029
)
;
    }
    sides
    {
        type            empty;
    }
}


// ************************************************************************* //
