/*--------------------------------*- C++ -*----------------------------------*\
| =========                 |                                                 |
| \\      /  F ield         | OpenFOAM: The Open Source CFD Toolbox           |
|  \\    /   O peration     | Version:  2.3.1                                 |
|   \\  /    A nd           | Web:      www.OpenFOAM.org                      |
|    \\/     M anipulation  |                                                 |
\*---------------------------------------------------------------------------*/
FoamFile
{
    version     2.0;
    format      ascii;
    class       volScalarField;
    location    "1000";
    object      nut;
}
// * * * * * * * * * * * * * * * * * * * * * * * * * * * * * * * * * * * * * //

dimensions      [0 2 -1 0 0 0 0];

internalField   nonuniform List<scalar> 
4825
(
0.456234
0.4562
0.456208
0.456219
0.456228
0.456239
0.456254
0.456288
0.456318
0.456364
0.456435
0.456521
0.456568
0.456624
0.456715
0.456837
0.456974
0.457047
0.457129
0.457417
0.457646
0.457859
0.458083
0.4583
0.458531
0.458806
0.459095
0.459424
0.459772
0.460057
0.460273
0.460667
0.461103
0.461722
0.46205
0.462785
0.464185
0.46524
0.466154
0.46809
0.472335
0.411935
0.273075
0.179074
0.129508
0.0843892
0.0605883
0.043698
0.0321983
0.0236445
0.453377
0.453422
0.453533
0.453642
0.453774
0.453914
0.454046
0.454235
0.454405
0.454619
0.454823
0.455051
0.455305
0.45551
0.455749
0.456134
0.45643
0.456613
0.45691
0.457318
0.45756
0.457842
0.458112
0.458366
0.458588
0.458837
0.45923
0.459594
0.459911
0.460292
0.460578
0.461083
0.461636
0.462285
0.462778
0.463652
0.465319
0.466797
0.468129
0.471122
0.428887
0.29766
0.209735
0.153146
0.108274
0.0807336
0.0562341
0.0442924
0.0306726
0.0229533
0.450862
0.45099
0.451267
0.451567
0.451837
0.452132
0.452445
0.452759
0.453097
0.453419
0.45374
0.454032
0.454398
0.454705
0.454958
0.45532
0.455639
0.455848
0.45601
0.456373
0.456698
0.456932
0.457214
0.457472
0.457808
0.458131
0.45855
0.45894
0.459424
0.459922
0.460257
0.460752
0.461394
0.462235
0.462703
0.463546
0.465424
0.467336
0.468879
0.47238
0.358806
0.249241
0.183711
0.133908
0.0973091
0.0725667
0.0520015
0.0397297
0.028524
0.0216972
0.448797
0.448991
0.449393
0.449845
0.450212
0.450611
0.451039
0.451389
0.451857
0.452201
0.4526
0.45299
0.45336
0.453717
0.454052
0.454447
0.454839
0.455122
0.45537
0.455824
0.456197
0.456514
0.456897
0.457251
0.457607
0.457961
0.458377
0.458987
0.459493
0.460021
0.460511
0.460898
0.461784
0.462657
0.463893
0.464602
0.466493
0.468436
0.471682
0.410395
0.297879
0.221651
0.157404
0.116241
0.0882307
0.0654772
0.0477244
0.0364606
0.0283824
0.0218429
0.447143
0.44739
0.44789
0.448459
0.448937
0.449379
0.449962
0.45033
0.450891
0.451324
0.451792
0.452256
0.452672
0.453126
0.453505
0.453898
0.454442
0.454768
0.455102
0.455477
0.455954
0.456282
0.456738
0.457078
0.457483
0.457927
0.458276
0.458838
0.459335
0.45992
0.460699
0.46108
0.461898
0.462577
0.464268
0.465312
0.466955
0.469019
0.444238
0.340152
0.240543
0.192225
0.137931
0.0989814
0.0753965
0.0597958
0.043697
0.0339659
0.0259446
0.0200256
0.445965
0.446246
0.446814
0.447426
0.447997
0.448526
0.449134
0.449607
0.450172
0.450672
0.451145
0.451668
0.452147
0.452643
0.453115
0.453473
0.454045
0.454446
0.454826
0.455155
0.455639
0.456077
0.456484
0.456922
0.457346
0.457794
0.458208
0.458743
0.45933
0.459916
0.460626
0.46143
0.461969
0.462999
0.464572
0.465845
0.467119
0.470192
0.401224
0.296611
0.22527
0.162717
0.134419
0.0942471
0.0697687
0.0600609
0.042166
0.0345731
0.0270988
0.0198642
0.445249
0.445557
0.44618
0.446838
0.447459
0.44806
0.448674
0.449223
0.449807
0.450354
0.450867
0.451402
0.451904
0.452418
0.452899
0.453291
0.453865
0.454333
0.454719
0.455039
0.455556
0.456052
0.456474
0.456953
0.457325
0.457771
0.458252
0.458813
0.45931
0.460082
0.460572
0.461624
0.462256
0.463467
0.464583
0.466615
0.468134
0.449705
0.355099
0.280407
0.18803
0.157612
0.11032
0.0945176
0.0663311
0.0490861
0.0450485
0.0304348
0.0257554
0.0197093
0.44501
0.445325
0.445964
0.446631
0.447265
0.447898
0.448497
0.449091
0.449665
0.450231
0.450761
0.45129
0.451808
0.452333
0.45279
0.45323
0.453752
0.454314
0.454664
0.45499
0.455513
0.456015
0.456447
0.456945
0.457329
0.457757
0.458217
0.458722
0.459398
0.459882
0.460812
0.461403
0.462508
0.463593
0.464447
0.46682
0.468522
0.463382
0.327632
0.281981
0.186304
0.155828
0.110738
0.0901382
0.0698314
0.0468991
0.0460183
0.0301884
0.0257405
0.0208076
0.445251
0.445559
0.44619
0.446816
0.447456
0.448072
0.44865
0.449246
0.449809
0.450347
0.450902
0.451373
0.451929
0.452407
0.452863
0.453309
0.453807
0.454354
0.45471
0.455046
0.455615
0.456031
0.456523
0.456954
0.457379
0.457758
0.458177
0.458757
0.459362
0.459859
0.460844
0.461332
0.462351
0.463446
0.464352
0.466907
0.468365
0.464281
0.338132
0.256425
0.216894
0.142169
0.12069
0.0835979
0.0660793
0.0535989
0.040134
0.0310287
0.0249743
0.0196851
0.445968
0.446249
0.446838
0.447375
0.447989
0.448557
0.449083
0.449652
0.450178
0.450663
0.451218
0.451627
0.452179
0.45261
0.453046
0.453478
0.453955
0.454474
0.454822
0.45518
0.455718
0.456124
0.456597
0.456981
0.457362
0.457716
0.458234
0.458726
0.459193
0.459852
0.460389
0.460944
0.462019
0.46291
0.464466
0.465997
0.467326
0.470569
0.39037
0.305117
0.213598
0.169302
0.119876
0.0964315
0.0692812
0.0574194
0.0414767
0.0337722
0.0253767
0.0209453
0.447146
0.447393
0.447935
0.448332
0.448947
0.44944
0.449907
0.450438
0.450888
0.451318
0.451814
0.452179
0.452721
0.453079
0.453496
0.453891
0.45439
0.45477
0.455081
0.455532
0.455957
0.456375
0.456827
0.457195
0.457474
0.457781
0.458299
0.458804
0.459204
0.459793
0.460218
0.460968
0.461935
0.46267
0.464239
0.465094
0.466549
0.47029
0.451858
0.328908
0.231124
0.181566
0.135672
0.100641
0.0725903
0.0597924
0.0422271
0.0328217
0.026391
0.0197584
0.448799
0.448993
0.44941
0.449747
0.450254
0.450624
0.451038
0.451464
0.451829
0.452222
0.452602
0.452947
0.45335
0.453675
0.454024
0.454412
0.454842
0.455099
0.455414
0.455843
0.456223
0.456587
0.456993
0.457324
0.457646
0.458017
0.458435
0.458857
0.459221
0.459806
0.460253
0.460876
0.461864
0.462419
0.463565
0.464459
0.466196
0.469615
0.471474
0.382398
0.273772
0.212304
0.156626
0.103924
0.0880873
0.0597801
0.0467223
0.0344063
0.0278753
0.0194006
0.450863
0.45099
0.451263
0.451513
0.451868
0.452148
0.452476
0.452783
0.453098
0.4534
0.453703
0.45405
0.454355
0.454697
0.454945
0.455266
0.455654
0.45587
0.456094
0.456457
0.456724
0.456968
0.457285
0.457532
0.457774
0.45814
0.458483
0.458842
0.459221
0.459612
0.459988
0.460529
0.461248
0.461722
0.462758
0.463565
0.465718
0.467835
0.469328
0.45172
0.325731
0.25538
0.172368
0.123894
0.0939768
0.068326
0.0485533
0.0390435
0.0280886
0.020057
0.453379
0.453423
0.453529
0.453635
0.45377
0.453911
0.454088
0.454238
0.454417
0.454597
0.454775
0.455055
0.455286
0.455511
0.455755
0.456115
0.456405
0.456608
0.456952
0.457364
0.457647
0.457894
0.458143
0.45832
0.458572
0.458919
0.459206
0.45941
0.459721
0.46008
0.460413
0.460903
0.461436
0.461929
0.46281
0.463552
0.465454
0.467139
0.468541
0.472204
0.420236
0.294189
0.210027
0.141971
0.105084
0.071233
0.0535657
0.0374673
0.0302606
0.0214168
0.456234
0.456197
0.456204
0.456216
0.456225
0.456237
0.456266
0.456293
0.456327
0.456357
0.456415
0.456498
0.456545
0.456606
0.456714
0.456871
0.456986
0.457085
0.457206
0.457424
0.457686
0.457875
0.458133
0.458318
0.45849
0.458802
0.459091
0.459315
0.45958
0.459935
0.460219
0.4606
0.460883
0.461401
0.462152
0.462582
0.464093
0.465512
0.466667
0.469585
0.4732
0.352373
0.255452
0.174624
0.12855
0.0864465
0.0588602
0.0396385
0.0278545
0.0209185
0.504627
0.499394
0.498591
0.496522
0.494455
0.492639
0.49111
0.489855
0.488762
0.487677
0.486527
0.485176
0.483835
0.482744
0.481861
0.481101
0.480317
0.479409
0.478512
0.477849
0.477305
0.476731
0.4762
0.475835
0.475588
0.475513
0.475564
0.475719
0.476134
0.477002
0.478132
0.480252
0.483288
0.487346
0.494356
0.50328
0.514804
0.531972
0.541773
0.528081
0.509223
0.484614
0.443259
0.410758
0.36894
0.326081
0.278134
0.230602
0.181582
0.145861
0.500018
0.494041
0.492644
0.490925
0.489511
0.488363
0.487394
0.486435
0.485406
0.48425
0.482961
0.48168
0.480731
0.480016
0.479351
0.478655
0.477863
0.477038
0.476404
0.476088
0.475631
0.475154
0.474861
0.474686
0.47463
0.474741
0.474915
0.475144
0.475868
0.477085
0.478534
0.48151
0.485047
0.489922
0.497797
0.507031
0.519825
0.532054
0.528119
0.513777
0.494015
0.465594
0.434686
0.401089
0.364375
0.327008
0.286646
0.222516
0.161054
0.12675
0.497371
0.491434
0.490221
0.488884
0.48783
0.486908
0.486038
0.485079
0.483994
0.482778
0.481441
0.480328
0.479591
0.478974
0.478325
0.477591
0.476689
0.475861
0.475432
0.475016
0.47451
0.474119
0.473784
0.473611
0.473582
0.473579
0.473401
0.473633
0.474538
0.475254
0.476055
0.478705
0.481503
0.485134
0.491416
0.498021
0.508215
0.518966
0.521954
0.514619
0.499986
0.481107
0.458034
0.430843
0.398109
0.363582
0.268736
0.150668
0.118864
0.0918255
0.495037
0.486971
0.486455
0.485785
0.485022
0.484224
0.483295
0.482157
0.480903
0.479643
0.47866
0.478042
0.477515
0.4769
0.476174
0.47535
0.474567
0.474125
0.473835
0.473415
0.472917
0.472649
0.472425
0.472307
0.472308
0.472308
0.472314
0.472679
0.473651
0.474295
0.475225
0.477687
0.480252
0.483516
0.489272
0.495178
0.504193
0.514743
0.518212
0.512512
0.49957
0.455203
0.421403
0.37044
0.379834
0.25982
0.203646
0.127327
0.100914
0.0703265
0.493077
0.485121
0.484868
0.484314
0.483525
0.482542
0.481357
0.480078
0.478926
0.478025
0.477415
0.476945
0.476398
0.475633
0.474808
0.474062
0.47353
0.473184
0.472803
0.472262
0.471861
0.471695
0.471447
0.471281
0.471209
0.471063
0.471284
0.471829
0.472051
0.472845
0.474025
0.475331
0.478388
0.481028
0.484652
0.489415
0.495052
0.505558
0.511713
0.508928
0.489191
0.385319
0.332095
0.256624
0.227898
0.155265
0.130671
0.0921348
0.080586
0.058555
0.491677
0.482649
0.482138
0.481341
0.48031
0.479135
0.477951
0.476999
0.476283
0.475754
0.475317
0.474774
0.474042
0.473245
0.472572
0.472071
0.471763
0.471478
0.471032
0.470579
0.470387
0.470252
0.470058
0.469955
0.469868
0.46981
0.47019
0.470752
0.470805
0.471797
0.473407
0.473931
0.475982
0.478529
0.481003
0.48674
0.491538
0.501138
0.508983
0.498238
0.383794
0.287339
0.23817
0.214525
0.190215
0.132396
0.109661
0.0778387
0.0699401
0.0438383
0.490576
0.480687
0.479912
0.478948
0.477906
0.47687
0.476052
0.475478
0.47499
0.474512
0.47395
0.473204
0.472403
0.471824
0.471389
0.47105
0.470712
0.470288
0.469857
0.46956
0.469393
0.469173
0.469011
0.468964
0.468938
0.468995
0.469214
0.469819
0.469664
0.470038
0.471592
0.472488
0.473435
0.476411
0.479371
0.483838
0.487184
0.490912
0.501138
0.457453
0.358539
0.280357
0.222844
0.185139
0.143624
0.107472
0.0837746
0.0615208
0.0600331
0.0379544
0.490154
0.477748
0.476581
0.47559
0.474716
0.47403
0.473561
0.47313
0.472626
0.472024
0.471352
0.470644
0.470101
0.46975
0.469463
0.469131
0.46878
0.468423
0.46813
0.467985
0.467841
0.467662
0.467545
0.46757
0.467682
0.467893
0.46788
0.46815
0.468734
0.469034
0.469865
0.471419
0.471575
0.473801
0.47555
0.478082
0.482072
0.487266
0.497084
0.43131
0.314771
0.248646
0.197896
0.166402
0.120143
0.0974512
0.0725443
0.0614929
0.0444258
0.0362382
0.490051
0.474673
0.473642
0.473114
0.472679
0.472352
0.472007
0.471521
0.470927
0.470261
0.469628
0.469146
0.46884
0.468599
0.468259
0.467909
0.467601
0.467301
0.467051
0.46689
0.466732
0.466627
0.466523
0.466459
0.466532
0.466596
0.46665
0.466627
0.467138
0.467892
0.468032
0.468497
0.469201
0.471528
0.474094
0.475666
0.47964
0.484541
0.492418
0.421941
0.299815
0.227116
0.18138
0.150559
0.109886
0.0956559
0.0623928
0.0546825
0.0398767
0.0381892
0.49046
0.472005
0.471148
0.470815
0.470433
0.46999
0.469419
0.468738
0.468133
0.467644
0.467256
0.467041
0.466852
0.466549
0.466219
0.465983
0.465713
0.465516
0.465387
0.465288
0.465168
0.465089
0.46509
0.465065
0.465004
0.465116
0.465427
0.465386
0.465575
0.466094
0.466286
0.467183
0.468352
0.470397
0.471799
0.472719
0.475483
0.478998
0.485686
0.417301
0.334827
0.244975
0.191372
0.151767
0.104282
0.0860305
0.0618276
0.0498566
0.0382334
0.0304849
0.491293
0.469744
0.468901
0.468533
0.468117
0.46761
0.467052
0.466645
0.466342
0.46611
0.465944
0.465779
0.465483
0.465118
0.464881
0.464707
0.464549
0.464417
0.464333
0.464213
0.464103
0.464043
0.464006
0.464047
0.464084
0.464097
0.46412
0.464346
0.464461
0.465018
0.465078
0.465783
0.467051
0.468043
0.468066
0.469345
0.473865
0.475896
0.478674
0.450125
0.339872
0.233268
0.183194
0.139639
0.101744
0.0862402
0.0591549
0.0477981
0.038005
0.0287345
0.492629
0.467268
0.466339
0.465915
0.465484
0.465052
0.464713
0.46448
0.464228
0.464011
0.463772
0.463498
0.463213
0.463071
0.462943
0.462837
0.462739
0.462701
0.462627
0.462548
0.462544
0.462553
0.462545
0.462588
0.462767
0.462952
0.463157
0.463334
0.46343
0.463772
0.464196
0.464628
0.465734
0.465576
0.466214
0.468018
0.471706
0.474245
0.47524
0.470662
0.369571
0.261787
0.211831
0.160557
0.113247
0.0880939
0.0620864
0.0447095
0.0361861
0.0252442
0.494336
0.464442
0.463587
0.463287
0.463015
0.46282
0.462707
0.462566
0.462431
0.462267
0.462105
0.461925
0.461829
0.461783
0.461726
0.461634
0.461568
0.461524
0.461495
0.461535
0.46154
0.461556
0.461641
0.461766
0.461838
0.461835
0.461981
0.46224
0.462526
0.462791
0.463113
0.463524
0.463797
0.464267
0.46538
0.467554
0.468421
0.469272
0.470982
0.475093
0.47583
0.322037
0.220272
0.158148
0.108985
0.0826811
0.0615421
0.045659
0.0350757
0.0253524
0.496419
0.461662
0.461039
0.460905
0.460796
0.460712
0.460602
0.460459
0.460304
0.460169
0.460017
0.459919
0.459856
0.459806
0.459779
0.459816
0.459803
0.459818
0.459856
0.459911
0.459991
0.460105
0.460261
0.460452
0.460634
0.460836
0.46096
0.46112
0.461427
0.461716
0.462129
0.462446
0.462773
0.463449
0.464725
0.465353
0.465417
0.466929
0.469779
0.473996
0.443758
0.315981
0.233723
0.177755
0.129274
0.0932574
0.0713581
0.0470002
0.0347217
0.0241846
0.498883
0.458977
0.458654
0.458606
0.458557
0.458489
0.4584
0.458337
0.458281
0.458263
0.45828
0.45832
0.458369
0.458424
0.458507
0.458576
0.45861
0.458674
0.458818
0.458904
0.459005
0.459137
0.459314
0.459501
0.459704
0.459888
0.46008
0.460253
0.460512
0.460693
0.461036
0.461554
0.461847
0.462437
0.462718
0.463651
0.464583
0.466088
0.469082
0.471364
0.474755
0.426352
0.307235
0.21372
0.141032
0.0892695
0.0644658
0.0440898
0.0328307
0.023614
0.13393
0.164574
0.20117
0.238137
0.284695
0.329989
0.379119
0.419304
0.453857
0.485394
0.513859
0.532915
0.544957
0.543567
0.523898
0.509126
0.497845
0.490428
0.485168
0.48187
0.479752
0.478267
0.477377
0.476827
0.47653
0.476386
0.47644
0.476621
0.476964
0.47745
0.477922
0.478458
0.479194
0.480058
0.480883
0.481646
0.482366
0.483285
0.484488
0.485842
0.48708
0.48821
0.489301
0.490439
0.49171
0.493303
0.495183
0.497354
0.498964
0.499042
0.122975
0.148836
0.172032
0.207056
0.252656
0.297179
0.340704
0.380176
0.414038
0.453108
0.483245
0.516787
0.542828
0.556342
0.555013
0.533533
0.513333
0.501054
0.492612
0.487228
0.48394
0.481604
0.479957
0.478845
0.478119
0.477616
0.477333
0.477287
0.477352
0.477603
0.478052
0.478376
0.47896
0.479612
0.480439
0.48124
0.482054
0.482711
0.483555
0.484659
0.485909
0.487248
0.488347
0.489597
0.490594
0.491686
0.493296
0.494891
0.497704
0.498817
0.0951053
0.11871
0.143878
0.175128
0.212314
0.260225
0.310071
0.350211
0.381001
0.417781
0.459691
0.493483
0.51759
0.536174
0.552643
0.560321
0.550019
0.528782
0.509583
0.498163
0.491365
0.487017
0.483885
0.481665
0.4803
0.479532
0.478935
0.478519
0.478204
0.478101
0.478241
0.47853
0.47879
0.479338
0.47988
0.480714
0.481461
0.482359
0.483017
0.483942
0.484889
0.486054
0.48723
0.488387
0.48979
0.490611
0.492012
0.493042
0.494795
0.497459
0.0975452
0.110852
0.125912
0.14834
0.182096
0.227481
0.269318
0.313843
0.356431
0.39063
0.421934
0.445799
0.479674
0.513437
0.539978
0.554513
0.564382
0.559299
0.541029
0.521189
0.507761
0.498794
0.492441
0.48795
0.484963
0.483023
0.481599
0.48062
0.479881
0.47944
0.479191
0.479265
0.479302
0.479574
0.479878
0.480389
0.480989
0.481695
0.482576
0.483167
0.484202
0.484946
0.486145
0.487094
0.488442
0.489671
0.490754
0.492128
0.493027
0.495282
0.244317
0.260798
0.248765
0.21706
0.198207
0.206739
0.237434
0.279163
0.313025
0.340503
0.367833
0.409882
0.449407
0.476696
0.50428
0.535135
0.55938
0.573415
0.573971
0.567297
0.552075
0.532473
0.515278
0.503833
0.496433
0.491351
0.487759
0.485346
0.483655
0.482473
0.481561
0.481022
0.480699
0.480529
0.480627
0.480736
0.481201
0.481511
0.482289
0.482785
0.483632
0.484348
0.485233
0.486181
0.487087
0.488479
0.48935
0.490935
0.491728
0.493492
1.36719
1.4835
1.52996
1.35291
0.99617
0.663408
0.42293
0.312575
0.292224
0.305577
0.340348
0.376328
0.395714
0.429292
0.471535
0.499526
0.519084
0.539001
0.555246
0.561918
0.559959
0.552432
0.542255
0.530068
0.518673
0.509523
0.502705
0.497816
0.494099
0.491033
0.48847
0.486276
0.484683
0.483366
0.482741
0.48223
0.482214
0.482225
0.482629
0.483074
0.483572
0.484329
0.484859
0.48586
0.486447
0.487653
0.488326
0.489742
0.490547
0.492036
6.1467
6.36629
6.42831
6.01051
3.886
2.89265
2.00948
1.09258
0.559569
0.38302
0.326178
0.320574
0.355995
0.396247
0.412897
0.433069
0.469831
0.506976
0.538967
0.567455
0.591908
0.618729
0.630788
0.614403
0.586688
0.560531
0.542367
0.530236
0.523454
0.518461
0.512373
0.505118
0.499111
0.494464
0.49099
0.488192
0.486269
0.485169
0.484542
0.484593
0.484538
0.485097
0.485294
0.48606
0.486416
0.487408
0.487933
0.489148
0.48995
0.49122
6.87474
6.63837
7.08716
8.75485
8.80953
7.4788
4.44198
3.34182
2.04584
0.903837
0.539984
0.361481
0.341084
0.342968
0.366148
0.404227
0.444865
0.534384
0.778587
1.25564
1.97392
2.54448
2.72646
2.52256
2.08596
1.63214
1.19825
0.8705
0.691638
0.613059
0.579066
0.563604
0.555507
0.554789
0.556293
0.551087
0.536925
0.520636
0.506871
0.498374
0.493251
0.491176
0.490042
0.490033
0.489654
0.489652
0.489416
0.489755
0.490202
0.490965
2.03816
1.9185
2.22297
3.35054
7.54288
8.84622
8.19489
5.34864
3.75455
2.51097
1.14395
0.632393
0.363722
0.322245
0.354133
0.402907
0.611359
1.23636
2.21925
3.14834
3.83779
4.30591
4.50306
4.51512
4.50635
4.32036
3.8421
3.09833
2.14353
1.31894
0.90868
0.862251
0.994487
1.42423
1.96797
2.15794
1.99206
1.66786
1.28778
0.945595
0.723779
0.630007
0.610228
0.613312
0.623393
0.617967
0.591401
0.55317
0.533037
0.512987
0.716831
0.591632
0.757199
1.46415
3.75418
8.00297
8.47241
7.73661
5.39623
3.77271
2.45119
1.25078
0.559556
0.376796
0.403346
0.687195
1.60693
2.53194
2.82885
2.88054
2.86517
2.86366
3.00767
3.56436
4.47068
4.58365
4.6682
4.70956
4.40811
3.40981
2.25
2.1173
2.46595
3.43062
4.33641
4.54222
4.48933
3.90023
3.47143
3.05515
2.48508
2.19033
2.24782
2.43875
2.60272
2.74358
2.41325
1.90548
1.59158
1.25342
0.700311
0.400463
0.464407
1.0896
2.72579
5.91091
7.81255
7.61617
6.2243
4.76136
3.41474
2.08795
1.01871
0.576842
0.714012
1.65793
2.63482
3.55201
3.95881
4.05756
3.9364
3.60574
3.61347
4.15581
5.61394
5.94915
5.93441
5.93531
6.16773
5.80984
4.64478
4.47537
5.12816
6.47463
6.72904
6.72271
6.67476
6.46071
5.66605
4.51984
4.42356
4.77554
5.33099
6.09261
6.20651
6.16044
5.71264
4.42808
4.1396
4.08182
0.737372
0.363283
0.335452
0.899735
2.48455
4.44994
6.49043
6.77266
5.86551
4.35683
3.18119
2.18374
1.3003
0.889759
1.32161
2.57743
4.73165
5.7336
5.95402
5.91669
4.91532
4.20062
4.18108
5.04802
6.84693
7.18775
7.05156
6.60967
6.14737
5.97215
6.16488
7.76385
8.6326
8.39816
7.8351
7.73613
7.78095
7.62075
6.81834
6.82793
7.4466
9.18961
9.84358
9.68666
9.00001
7.60812
6.964
7.08633
7.4496
8.30343
0.774352
0.366566
0.261907
0.61736
2.53884
3.69661
5.02214
5.50496
5.14744
3.84561
2.70137
1.8042
1.15583
1.15787
2.13349
4.57572
6.47583
6.9807
6.94789
6.53697
5.71611
4.63959
4.35607
5.08133
7.09073
7.64606
7.45106
6.62345
6.08199
6.15792
7.15487
8.3094
8.23093
7.25093
7.03274
7.45428
8.73574
8.80162
8.03145
7.94245
8.43665
8.94046
8.63138
8.38739
8.5641
8.70427
8.60224
8.40529
8.5167
8.55258
0.762457
0.347593
0.217022
0.334318
1.92239
3.46698
3.79547
4.02353
3.79407
2.95322
2.17515
1.50832
1.12916
1.2134
2.15692
4.61874
6.62594
7.11699
7.04972
6.77851
6.30795
5.54425
4.04822
3.67982
4.69956
7.05558
7.49893
7.34149
6.57861
6.46613
6.98357
7.41596
7.27885
6.62942
6.3757
7.05537
8.38431
9.6124
9.45679
8.75003
8.41202
8.04424
6.98928
6.89551
7.3447
8.60755
9.34801
9.27248
8.60941
7.26178
0.589314
0.272428
0.170876
0.232971
0.888384
3.20508
3.54368
3.30449
2.84366
2.23593
1.79849
1.35774
1.18553
1.25889
1.82148
3.92108
6.25238
6.77232
6.77936
6.75737
6.47492
5.83196
4.18843
2.58294
2.56557
3.29058
5.07308
5.63825
5.75587
5.84059
6.00417
6.04099
5.94342
5.71271
5.18927
4.87454
4.98026
5.38741
6.39016
6.7606
6.74031
6.62994
6.07817
4.6185
4.21918
4.43576
4.69499
5.15718
5.35823
5.25186
0.307539
0.176914
0.135702
0.168163
0.325758
1.46273
3.35384
3.51503
3.18802
2.58576
1.82494
1.44466
1.33973
1.4366
1.76361
3.47553
5.72595
6.07663
6.09132
5.79476
5.09924
3.75888
2.07628
1.19993
1.23488
1.83541
2.44824
3.41292
4.18821
4.57614
4.63045
4.57979
4.13382
3.8835
3.61517
2.94283
2.46508
2.5353
2.83131
3.47362
3.74308
3.69824
3.15378
2.6639
2.1081
1.75405
1.70577
1.76029
1.8933
1.62515
0.173947
0.12743
0.129777
0.145021
0.18936
0.404214
1.30419
2.69075
3.45121
3.61536
3.51896
3.25138
2.93292
2.96666
3.54238
4.86007
5.04367
5.16551
4.8962
4.22609
3.02638
1.51065
0.927364
0.680202
0.685721
0.886075
1.66573
3.13317
3.89645
4.01852
3.95999
3.54242
2.92329
2.21708
1.50918
0.991885
0.781177
0.772491
0.82779
0.900547
0.955899
0.926294
0.816023
0.694117
0.604061
0.555207
0.539449
0.534906
0.538738
0.524841
0.120541
0.111636
0.130791
0.142022
0.167865
0.208802
0.338875
0.722695
1.26388
1.9971
3.29998
4.07805
4.47867
4.62807
4.66493
4.75198
4.31676
3.54529
2.56117
1.60288
0.963321
0.677744
0.590216
0.587765
0.6089
0.631173
0.693232
0.797926
0.85969
0.889721
0.847884
0.755698
0.65762
0.584191
0.540651
0.518598
0.507826
0.503072
0.500649
0.499633
0.49732
0.494738
0.491838
0.49023
0.489045
0.489011
0.489115
0.489751
0.490309
0.491057
0.0949407
0.115879
0.139573
0.162774
0.17082
0.194048
0.224792
0.268557
0.372403
0.607147
0.941021
1.24309
1.43913
1.52738
1.41805
1.20751
0.966693
0.753483
0.622683
0.570697
0.564035
0.575975
0.585662
0.594408
0.605459
0.588866
0.564038
0.545135
0.530492
0.518252
0.507803
0.499433
0.494006
0.490535
0.488624
0.487315
0.48633
0.485731
0.485179
0.485068
0.484741
0.485107
0.48519
0.48596
0.486344
0.487395
0.487955
0.489185
0.489984
0.491242
0.0991801
0.121834
0.143647
0.170968
0.197677
0.209128
0.22655
0.253927
0.281667
0.310294
0.339647
0.37408
0.409584
0.433059
0.453371
0.473715
0.49476
0.515845
0.538214
0.551879
0.564327
0.57941
0.586122
0.573619
0.556756
0.533833
0.515157
0.503154
0.495427
0.490279
0.486965
0.484796
0.483603
0.482753
0.482457
0.482208
0.482337
0.4824
0.482754
0.48316
0.483588
0.484334
0.484824
0.485834
0.486431
0.487663
0.488345
0.489775
0.490565
0.492052
0.106093
0.126335
0.154556
0.178221
0.203788
0.235735
0.250666
0.26111
0.302199
0.342426
0.356591
0.365159
0.421102
0.453859
0.47844
0.500558
0.520013
0.536421
0.550335
0.56616
0.565292
0.547397
0.526101
0.511943
0.502129
0.49496
0.489604
0.485943
0.483615
0.482129
0.48116
0.480644
0.480431
0.480379
0.480574
0.480752
0.481276
0.48159
0.482341
0.482812
0.483638
0.484361
0.485238
0.486219
0.487108
0.488484
0.489345
0.490934
0.491733
0.493495
0.114811
0.143239
0.167859
0.195777
0.208402
0.22315
0.240971
0.273819
0.27405
0.278149
0.335963
0.431162
0.470581
0.491401
0.50871
0.523422
0.532238
0.536096
0.533127
0.521869
0.512019
0.503222
0.496233
0.49098
0.486978
0.483946
0.481823
0.480493
0.479723
0.479288
0.479028
0.479081
0.479179
0.4795
0.479873
0.480393
0.481002
0.481653
0.482529
0.483152
0.484208
0.484983
0.486166
0.487115
0.488452
0.489697
0.490803
0.492145
0.493036
0.495199
0.120997
0.152811
0.167105
0.167182
0.173941
0.199103
0.223581
0.251228
0.303075
0.351494
0.383748
0.465251
0.504616
0.518462
0.519663
0.522346
0.520129
0.51527
0.506141
0.498709
0.492997
0.488566
0.485264
0.482794
0.480997
0.479625
0.478741
0.478308
0.478084
0.478044
0.478247
0.478608
0.478906
0.479449
0.47995
0.480706
0.481428
0.482344
0.483024
0.483935
0.484891
0.48601
0.487186
0.488372
0.4898
0.490616
0.49201
0.493038
0.494828
0.497416
0.136132
0.165249
0.149726
0.157647
0.157733
0.179443
0.206928
0.25565
0.280224
0.334604
0.469366
0.504544
0.513632
0.517909
0.519551
0.518801
0.513689
0.503201
0.494923
0.489146
0.485022
0.482258
0.480513
0.47921
0.478258
0.47765
0.477382
0.477383
0.477394
0.477633
0.478066
0.478404
0.478977
0.479587
0.48041
0.48125
0.482057
0.482743
0.48357
0.484659
0.485903
0.487256
0.488372
0.489606
0.490585
0.491668
0.493289
0.494894
0.49771
0.498833
0.139641
0.142296
0.135985
0.151165
0.159384
0.17602
0.182614
0.22103
0.299837
0.449909
0.514233
0.520354
0.520771
0.519911
0.51342
0.50248
0.495468
0.489926
0.485966
0.483093
0.480786
0.479273
0.477996
0.477135
0.476668
0.476478
0.47653
0.476657
0.476953
0.477441
0.477941
0.478448
0.479161
0.480036
0.480859
0.481645
0.48236
0.483258
0.484478
0.485846
0.48709
0.488212
0.489306
0.490437
0.49172
0.493307
0.495194
0.497362
0.498975
0.499049
0.122022
0.115314
0.113575
0.119676
0.131179
0.157761
0.19033
0.223379
0.270802
0.396916
0.521822
0.519712
0.512774
0.50475
0.497318
0.491207
0.487145
0.483667
0.480658
0.478861
0.477448
0.476537
0.475892
0.475531
0.47549
0.4756
0.475866
0.476165
0.476674
0.477305
0.477852
0.478485
0.479378
0.480299
0.481109
0.48188
0.482742
0.483834
0.485181
0.486539
0.487686
0.488764
0.489857
0.491117
0.492644
0.494459
0.496533
0.498604
0.499421
0.50462
0.0971218
0.0989999
0.106556
0.119142
0.131029
0.155506
0.185313
0.234312
0.284831
0.378281
0.47826
0.521916
0.514565
0.506432
0.499158
0.492447
0.488199
0.484708
0.481388
0.479452
0.477662
0.47644
0.475605
0.474897
0.474639
0.474547
0.474717
0.474872
0.47511
0.47563
0.476097
0.476399
0.476979
0.477851
0.478653
0.479367
0.480028
0.480733
0.481677
0.48296
0.484261
0.485414
0.486438
0.4874
0.488366
0.489511
0.490932
0.492648
0.494042
0.500026
0.0704525
0.0816805
0.0831936
0.0928529
0.102184
0.132855
0.152317
0.197794
0.2517
0.3432
0.440879
0.519885
0.507402
0.498155
0.491541
0.486225
0.482894
0.479836
0.477609
0.476923
0.475371
0.474187
0.474114
0.473752
0.473421
0.473464
0.473625
0.473829
0.474095
0.474532
0.475033
0.47545
0.475858
0.476651
0.477578
0.47834
0.478993
0.479595
0.480324
0.481433
0.482787
0.484004
0.485082
0.486046
0.486909
0.48783
0.48889
0.490224
0.491445
0.497377
0.0550365
0.0700161
0.0724896
0.0893335
0.0999425
0.121307
0.143988
0.190978
0.237243
0.32149
0.422495
0.515548
0.504188
0.495514
0.489204
0.484529
0.48128
0.47809
0.47641
0.475961
0.474436
0.473222
0.473073
0.472648
0.472283
0.472259
0.472293
0.472499
0.472651
0.472908
0.473419
0.473844
0.474162
0.474574
0.475323
0.476175
0.476925
0.477516
0.47805
0.478652
0.479634
0.48091
0.482161
0.483306
0.484225
0.485027
0.485791
0.486462
0.486977
0.495042
0.0451991
0.0590857
0.059498
0.0711422
0.083955
0.106019
0.123408
0.174885
0.213249
0.277838
0.355738
0.500638
0.498517
0.491047
0.484953
0.48165
0.478325
0.475648
0.474525
0.473429
0.472522
0.47194
0.471646
0.471471
0.471332
0.471289
0.471325
0.471489
0.471756
0.471845
0.472242
0.472769
0.47317
0.47353
0.474039
0.474787
0.475637
0.47639
0.476959
0.47741
0.478005
0.478914
0.480075
0.48136
0.482544
0.483532
0.48432
0.484877
0.485128
0.493077
0.0346246
0.0492611
0.0537103
0.0684609
0.0792496
0.10248
0.126191
0.167497
0.213125
0.284063
0.363624
0.497132
0.494843
0.488949
0.483064
0.480021
0.476982
0.47489
0.473673
0.471212
0.471295
0.471019
0.470118
0.470109
0.470144
0.47008
0.469985
0.470045
0.470286
0.470419
0.470548
0.47098
0.471467
0.471781
0.472082
0.472522
0.473216
0.474034
0.474791
0.475321
0.475754
0.476275
0.476994
0.477945
0.479137
0.480321
0.481346
0.482151
0.482659
0.491681
0.0321727
0.0425973
0.0501473
0.0600295
0.0727917
0.0878929
0.113072
0.145919
0.200217
0.251674
0.322054
0.448401
0.490485
0.485025
0.479386
0.4766
0.47405
0.473118
0.471104
0.470024
0.47031
0.469335
0.468951
0.468864
0.468867
0.468817
0.468922
0.468968
0.469187
0.469367
0.469534
0.46984
0.470305
0.470739
0.471088
0.471381
0.471796
0.472418
0.473204
0.47395
0.474517
0.474986
0.47548
0.476045
0.476869
0.477911
0.478947
0.479913
0.480688
0.490582
0.0308346
0.0348326
0.045818
0.0537619
0.0746639
0.0895141
0.118497
0.141774
0.203936
0.246233
0.329951
0.441657
0.488133
0.482236
0.477944
0.475395
0.473086
0.471606
0.46959
0.469095
0.468637
0.467939
0.467863
0.467666
0.467357
0.467354
0.467441
0.467496
0.467637
0.467871
0.467992
0.46815
0.468408
0.46879
0.469165
0.469482
0.469743
0.470084
0.470634
0.47136
0.472043
0.472636
0.473137
0.473564
0.474031
0.474709
0.475586
0.476575
0.477747
0.49016
0.0289606
0.0324589
0.0457943
0.0522135
0.0682036
0.0807126
0.112137
0.142185
0.19958
0.255009
0.355379
0.453156
0.482005
0.476933
0.474682
0.471766
0.471019
0.470764
0.468876
0.467863
0.467193
0.466932
0.466892
0.466493
0.466429
0.466463
0.46644
0.466468
0.466592
0.466746
0.466913
0.467042
0.467232
0.467552
0.467912
0.468293
0.468605
0.468835
0.469127
0.46963
0.470259
0.470929
0.471512
0.472004
0.472351
0.472677
0.473113
0.473637
0.474671
0.49005
0.0260817
0.0307818
0.0429436
0.0520114
0.0729796
0.0848084
0.114337
0.151172
0.201458
0.271651
0.365739
0.47729
0.478607
0.475282
0.473644
0.469938
0.468304
0.467798
0.467438
0.467047
0.466216
0.465915
0.465642
0.465421
0.465356
0.465199
0.465029
0.465053
0.465047
0.465116
0.465273
0.465408
0.465531
0.46568
0.465922
0.466208
0.466555
0.466851
0.467046
0.467253
0.467629
0.468131
0.468731
0.469419
0.469988
0.470435
0.470819
0.471154
0.472004
0.490458
0.0236137
0.0313043
0.040185
0.0522016
0.0688639
0.0898758
0.120748
0.163059
0.215128
0.296166
0.39576
0.478372
0.473734
0.47197
0.471344
0.469083
0.467265
0.465956
0.465911
0.465551
0.46494
0.464744
0.464415
0.464223
0.464085
0.46403
0.464034
0.464074
0.464096
0.464095
0.464193
0.464325
0.464441
0.464541
0.464703
0.464876
0.465128
0.465475
0.465772
0.46595
0.46611
0.466333
0.466651
0.46705
0.467605
0.468113
0.46853
0.468899
0.469745
0.491292
0.0221463
0.0302197
0.0410451
0.0536812
0.0725935
0.0916678
0.128152
0.171856
0.242623
0.333744
0.479642
0.476473
0.472103
0.468901
0.46785
0.467523
0.466265
0.465028
0.464667
0.464094
0.463824
0.463494
0.463169
0.463067
0.462972
0.462853
0.462776
0.462715
0.462621
0.462571
0.462545
0.46259
0.462674
0.462754
0.462837
0.46294
0.463053
0.463215
0.463492
0.463764
0.464011
0.464233
0.464479
0.464709
0.465051
0.46548
0.46591
0.466334
0.46727
0.49263
0.0221627
0.030321
0.040604
0.0557147
0.0765077
0.103927
0.143285
0.203027
0.276157
0.357571
0.477515
0.475226
0.470991
0.467557
0.46609
0.465556
0.465571
0.463965
0.463419
0.462826
0.46277
0.462368
0.46216
0.462111
0.46196
0.461837
0.46167
0.461537
0.461497
0.461468
0.46149
0.461491
0.461533
0.461589
0.461628
0.461692
0.461777
0.46183
0.461921
0.462096
0.462271
0.462429
0.462562
0.462707
0.46282
0.463017
0.463285
0.463584
0.464437
0.49433
0.0220344
0.0301671
0.0428086
0.0557885
0.0778641
0.107988
0.16007
0.229911
0.352254
0.476606
0.472196
0.471272
0.469281
0.467223
0.465284
0.463933
0.463533
0.463108
0.462506
0.461954
0.461616
0.46136
0.461238
0.460963
0.460698
0.460474
0.460304
0.460178
0.460077
0.459997
0.459934
0.459862
0.4598
0.459787
0.45981
0.459783
0.459801
0.459853
0.459922
0.46002
0.460162
0.460299
0.460457
0.460606
0.460708
0.460793
0.460903
0.461036
0.461658
0.496408
0.0220565
0.0312514
0.0456686
0.064351
0.086855
0.126077
0.166665
0.23187
0.358508
0.474028
0.470256
0.467831
0.466162
0.465794
0.464565
0.463109
0.462365
0.461699
0.461431
0.461036
0.460795
0.460518
0.460175
0.459895
0.45971
0.459631
0.459467
0.45931
0.459147
0.458964
0.458896
0.45876
0.458659
0.458621
0.458596
0.458544
0.458452
0.45837
0.458317
0.458274
0.458254
0.458276
0.458334
0.458399
0.458489
0.458557
0.458603
0.458653
0.458978
0.49888
0.0180416
0.0160514
0.0133922
0.0114387
0.00978811
0.00897495
0.00725108
0.00809818
0.0150661
0.00204109
0.0170735
0.0148462
0.0129836
0.0114992
0.00980601
0.00858127
0.00692712
0.00796349
0.0147834
0.00221602
0.0164045
0.0153051
0.0130958
0.0113528
0.00953615
0.00820408
0.00708695
0.00726292
0.0135194
0.00247647
0.0171402
0.0152451
0.0124001
0.0109431
0.00884784
0.00808153
0.0067792
0.00706773
0.0137301
0.00283895
0.0166813
0.0145061
0.0121201
0.0108155
0.00889594
0.00808529
0.00675057
0.00682152
0.0131658
0.00345078
0.0175116
0.0150664
0.0132057
0.0109409
0.00912991
0.00793684
0.00670892
0.0065869
0.0129343
0.00432257
0.0159467
0.0140825
0.0117181
0.00996136
0.00883072
0.00750621
0.00675857
0.00648492
0.0130392
0.00482265
0.0163285
0.0145558
0.0114842
0.0108871
0.00875786
0.00795863
0.00659037
0.00651111
0.0124157
0.00438429
0.0153205
0.0139575
0.0114545
0.0102078
0.00879718
0.0074045
0.00667902
0.00647286
0.0125319
0.00423826
0.0166299
0.0146415
0.0125938
0.0102968
0.00931385
0.00726516
0.00683026
0.00629499
0.0135958
0.00380239
0.0164301
0.0140733
0.0121913
0.0103686
0.00901125
0.00784241
0.00667952
0.00688056
0.0121982
0.00318503
0.0161386
0.014361
0.012293
0.0105878
0.00876738
0.00798964
0.0065176
0.00743337
0.0132651
0.00252736
0.0159638
0.0141994
0.0122098
0.0110167
0.0088537
0.00803461
0.00644303
0.00696189
0.0139487
0.00235653
0.0165342
0.0149467
0.0123303
0.011202
0.00939842
0.0085037
0.00708206
0.0075808
0.0134991
0.00205604
0.0165378
0.0151149
0.0127842
0.0110216
0.00925784
0.00834146
0.00690167
0.00809198
0.0152244
0.00193999
0.121369
0.1088
0.0970165
0.0879574
0.0707548
0.0656225
0.0710739
0.0791721
0.0259081
0.0473192
0.120628
0.117485
0.103753
0.091799
0.08291
0.0674091
0.0670126
0.0724387
0.01945
0.00353065
0.0915179
0.0923851
0.0904652
0.0946163
0.0825554
0.0741535
0.0650739
0.070487
0.0366906
0.00296988
0.0661921
0.062152
0.0636524
0.061541
0.0801821
0.0645279
0.0630575
0.0629203
0.0538105
0.00285751
0.0557515
0.0514337
0.053108
0.0397102
0.0524756
0.0384599
0.0626512
0.0576673
0.0531736
0.00243477
0.0473787
0.0343867
0.0445103
0.0319451
0.0407701
0.0294707
0.041791
0.0442821
0.0562774
0.00232347
0.042839
0.0306146
0.035478
0.0220884
0.0299596
0.0209785
0.0262634
0.0266355
0.0400819
0.00204511
0.0309044
0.0255368
0.0264498
0.02083
0.0232964
0.0194375
0.0226274
0.0214432
0.042355
0.00204384
0.0249338
0.0271554
0.0205449
0.0198641
0.0165219
0.0164098
0.0150519
0.0163771
0.0327271
0.00186093
0.022723
0.0216491
0.0170437
0.0174219
0.0143675
0.0154881
0.0141268
0.0156297
0.0312524
0.00188769
0.0222315
0.0209815
0.0168336
0.0162342
0.0130654
0.0127007
0.010927
0.0121828
0.0250737
0.00179673
0.0211801
0.0193986
0.0153186
0.0139318
0.0111432
0.0120736
0.0105579
0.0123709
0.0235215
0.0018196
0.0203008
0.0182181
0.0147913
0.0136221
0.0111548
0.0108625
0.0087078
0.00999516
0.019967
0.00181706
0.0186413
0.0168029
0.0145029
0.0130756
0.0103869
0.00985364
0.0082714
0.00995589
0.0184524
0.00185129
0.0184689
0.016701
0.0146138
0.0123464
0.00990375
0.00948754
0.00760356
0.00878118
0.016728
0.00193405
0.30678
0.0652136
0.105381
0.0809848
0.0688658
0.0653613
0.0725867
0.0896129
0.103217
0.112594
0.653095
0.216261
0.153765
0.103197
0.0790971
0.068436
0.0668115
0.0722032
0.0831091
0.0996698
0.7578
0.485428
0.346631
0.163727
0.106747
0.0823308
0.0729423
0.0716216
0.0731389
0.0794266
0.767703
0.90297
0.827666
0.342499
0.18707
0.119685
0.0949964
0.0878888
0.0853022
0.0866678
0.871993
1.99751
1.28071
0.807966
0.276519
0.203473
0.16823
0.170614
0.179298
0.197591
1.05162
2.5912
1.76331
1.17856
0.514086
0.380045
0.512443
0.691942
0.923415
1.1353
1.24774
3.19765
2.80999
2.16574
1.68583
1.71889
2.96318
4.22934
5.0125
5.81007
1.24322
2.91209
4.13376
3.73682
4.33593
5.11205
5.63639
6.85321
7.27255
7.28925
1.12121
2.71918
3.8751
4.54211
5.1423
5.53004
5.34679
5.05686
4.16907
2.72332
1.01068
2.77265
3.94556
4.86587
4.77159
3.90833
2.45175
1.85714
1.60301
1.18347
0.908589
3.08332
3.68772
3.61664
2.85623
2.30244
2.10406
1.97237
1.65242
1.22965
0.828595
3.83672
2.98409
2.60787
2.16882
2.33504
2.4995
2.39442
1.98043
1.30784
0.758351
4.51057
2.9892
2.2095
2.05866
2.54403
2.62688
2.49494
2.15724
1.37096
0.692478
4.19708
2.87499
1.95974
1.96892
2.63806
2.62301
2.42902
2.13215
1.37374
0.651799
3.77841
2.32783
1.43059
1.49324
2.53655
2.71898
2.39422
2.0057
1.13464
0.656609
2.51151
2.01408
1.21032
1.46385
2.82824
2.58092
2.29082
1.51865
0.75952
0.675177
2.14028
1.66937
1.48495
2.15191
2.72539
2.43848
1.76243
0.761297
0.383179
0.735714
1.74357
1.52441
1.9182
2.63382
2.40872
1.80119
0.739832
0.404581
0.19681
0.842844
1.51549
1.57049
2.31154
2.06799
1.48374
0.641379
0.35266
0.174233
0.101671
1.03871
1.30931
1.59865
1.6066
1.04349
0.49472
0.263725
0.13386
0.0851189
0.082376
0.977427
1.16931
1.06638
0.63312
0.342255
0.177255
0.0994594
0.0723431
0.0708209
0.0869512
0.911822
0.521244
0.413633
0.220332
0.123963
0.0799444
0.0657376
0.066018
0.0772698
0.0898442
0.8613
0.184339
0.162145
0.103817
0.0750056
0.0640574
0.0650706
0.0749896
0.0856948
0.099927
0.41382
0.0511514
0.0983015
0.0764648
0.0655445
0.0671975
0.0709855
0.0804053
0.0904216
0.107793
0.0446185
0.0201965
0.0763415
0.0696986
0.0683614
0.0677873
0.0712165
0.0861114
0.103418
0.115818
0.00385857
0.0173196
0.0730877
0.0708011
0.0655338
0.0697852
0.0802098
0.0924166
0.110788
0.127532
0.00313916
0.0282232
0.0713417
0.0625699
0.0640922
0.0770397
0.0936554
0.107917
0.116195
0.100565
0.00287025
0.0456464
0.0646974
0.059184
0.0709741
0.0853179
0.0848969
0.0813461
0.085444
0.078448
0.00252663
0.060559
0.0575757
0.0636313
0.0502397
0.0667258
0.05102
0.0617867
0.0537425
0.051256
0.00229932
0.0589578
0.0483399
0.0508068
0.034397
0.0496433
0.0363198
0.0480663
0.0390982
0.0433496
0.00212535
0.0475492
0.0363108
0.033498
0.0242339
0.0336326
0.025766
0.0361162
0.029517
0.0384771
0.00196181
0.0438844
0.0221897
0.0230614
0.0205613
0.0265414
0.0218077
0.0291308
0.0259476
0.0316532
0.00188676
0.0376448
0.0206371
0.0188953
0.0167079
0.0199591
0.0195461
0.021183
0.0226882
0.0245619
0.00179226
0.0326813
0.0141455
0.0142182
0.0156011
0.0154439
0.0176234
0.0184748
0.0222943
0.0208702
0.00174031
0.027439
0.0146077
0.0121993
0.0138541
0.0141702
0.0159698
0.0154201
0.0193681
0.0205353
0.00170533
0.0245029
0.0115519
0.010619
0.0117013
0.0117751
0.0148588
0.0154208
0.0180825
0.0190297
0.00173968
0.0208831
0.0113699
0.00932065
0.0113479
0.011121
0.013133
0.0138462
0.0178032
0.0199041
0.00172083
0.018835
0.0095737
0.00831688
0.0096853
0.0101402
0.0125841
0.0139693
0.016185
0.017809
0.00175332
0.0174845
0.0096153
0.00790812
0.00944543
0.00944297
0.0118791
0.0135836
0.0153542
0.0177407
0.00182001
0.0152644
0.00821254
0.00723608
0.00903728
0.00976074
0.0114258
0.0133766
0.0152434
0.0162414
1.07394
1.07494
1.07583
1.07666
1.07774
1.07839
1.07941
1.08007
1.08101
1.08175
1.08286
1.08358
1.08457
1.08515
1.086
1.08642
1.08716
1.08754
1.08832
1.08879
1.08979
1.09038
1.0916
1.0923
0.554972
0.499547
0.500514
0.501129
0.501979
0.50247
0.503233
0.503693
0.504367
0.504844
0.505552
0.50604
0.506801
0.507339
0.508192
0.508814
0.509885
0.510732
0.512231
0.513481
0.515641
0.517496
0.520608
0.523321
0.529327
0.367267
0.498191
0.499185
0.499929
0.500921
0.501581
0.502395
0.502898
0.503615
0.504199
0.504941
0.505415
0.506064
0.506569
0.507386
0.508044
0.508967
0.50963
0.510648
0.511553
0.513117
0.514671
0.517184
0.519415
0.524165
0.367013
0.495981
0.496811
0.497644
0.498638
0.499324
0.500212
0.501106
0.502102
0.50277
0.503343
0.503811
0.504599
0.505342
0.506121
0.506607
0.507189
0.507655
0.508407
0.509168
0.51039
0.511378
0.512806
0.514078
0.517142
0.36629
0.494203
0.494898
0.49568
0.496417
0.497079
0.497842
0.498788
0.499761
0.500543
0.50117
0.501874
0.502821
0.503855
0.50468
0.505122
0.505386
0.50581
0.50678
0.507778
0.508629
0.509107
0.50969
0.510313
0.512371
0.365684
0.492794
0.49353
0.494282
0.494944
0.495564
0.496301
0.49715
0.497934
0.49858
0.499256
0.500142
0.501179
0.502114
0.502785
0.503287
0.503874
0.504701
0.505688
0.506589
0.507218
0.507513
0.507859
0.508299
0.510206
0.365521
0.492015
0.49277
0.493526
0.494193
0.49481
0.495509
0.4963
0.497046
0.49767
0.498299
0.49911
0.500098
0.501056
0.501801
0.502369
0.502975
0.503797
0.504814
0.505796
0.506556
0.506915
0.507253
0.507563
0.508836
0.365458
0.491816
0.492635
0.493409
0.494089
0.494755
0.495484
0.496234
0.496916
0.497552
0.498269
0.499137
0.500054
0.500847
0.50146
0.502028
0.502783
0.503778
0.504969
0.505938
0.506647
0.506983
0.507364
0.50771
0.508943
0.36593
0.514638
0.520062
0.526309
0.529044
0.529524
0.529822
0.529107
0.528694
0.529204
0.53038
0.534313
0.536764
0.537161
0.537254
0.537293
0.538197
0.539209
0.540433
0.543593
0.546352
0.547168
0.547326
0.546998
0.547843
0.383017
1.28394
1.4801
1.62953
1.63789
1.62339
1.56738
1.45636
1.41929
1.42575
1.49416
1.6435
1.67817
1.67077
1.6392
1.54122
1.49713
1.49568
1.51271
1.60493
1.688
1.70229
1.69544
1.65342
1.58603
0.7852
4.26525
4.87529
5.12102
5.07613
5.0093
4.67007
4.30758
4.30681
4.37644
4.65633
5.04422
5.05959
5.02806
4.90157
4.53372
4.42867
4.4682
4.52679
4.76915
4.94643
4.96928
4.94332
4.77426
4.6353
2.22077
8.71855
8.70643
8.41593
7.57685
7.25001
7.29466
7.42083
7.8817
8.33442
8.40038
8.33198
7.94756
7.58785
7.52504
7.6033
7.72836
8.0522
8.17411
8.17577
8.07705
7.83039
7.75623
7.79627
7.85518
3.57405
8.4455
8.44883
8.44586
8.39638
8.3605
8.35379
8.34292
8.30485
8.27922
8.25718
8.25539
8.21918
8.19928
8.17521
8.16566
8.17983
8.14548
8.11792
8.07424
8.01588
8.05816
8.10975
8.26015
8.42654
3.58655
7.06137
7.18289
7.37794
8.10713
8.52462
8.5438
8.38841
7.79164
7.43777
7.42626
7.52384
7.77663
8.19684
8.29323
8.26963
8.05026
7.72699
7.63708
7.69506
7.77444
7.98274
8.11015
8.10959
8.1773
3.57784
5.01477
4.33755
4.1455
4.19395
4.30856
4.84608
5.10885
5.08155
5.03493
4.81573
4.41865
4.38464
4.44573
4.56997
4.93644
5.04101
5.03031
4.96873
4.69458
4.51382
4.51592
4.55457
4.6722
4.88755
2.34242
1.60848
1.53378
1.39727
1.35444
1.37027
1.4971
1.65088
1.6729
1.66146
1.61168
1.50419
1.47084
1.4749
1.51245
1.64572
1.70654
1.7073
1.68997
1.61322
1.55025
1.53916
1.54584
1.59025
1.71486
0.839625
0.525733
0.525631
0.523092
0.522249
0.522702
0.524813
0.530685
0.533533
0.533967
0.534063
0.533965
0.534618
0.535432
0.536738
0.540491
0.543069
0.543605
0.543725
0.543859
0.544757
0.545638
0.546583
0.549312
0.554969
0.387788
0.491856
0.492586
0.493299
0.493982
0.494704
0.495521
0.496357
0.497069
0.497644
0.498224
0.498952
0.499842
0.500825
0.501646
0.502305
0.50301
0.50387
0.504944
0.505863
0.506583
0.506898
0.507314
0.507691
0.509052
0.366039
0.492005
0.49273
0.493475
0.494156
0.494801
0.495532
0.496353
0.497107
0.497705
0.498283
0.499054
0.500043
0.501043
0.50184
0.502439
0.503046
0.503844
0.504833
0.505791
0.506538
0.50689
0.507224
0.507532
0.508806
0.365452
0.492797
0.493518
0.494269
0.494936
0.495559
0.496297
0.497154
0.497952
0.498604
0.499268
0.500137
0.501173
0.502128
0.502822
0.503329
0.503899
0.504699
0.505672
0.506578
0.507229
0.507539
0.507882
0.508302
0.510121
0.365513
0.494226
0.494934
0.495708
0.496424
0.497063
0.497819
0.498777
0.49976
0.500553
0.501185
0.501911
0.502871
0.503895
0.504669
0.505077
0.505348
0.505841
0.506828
0.50781
0.508598
0.509077
0.509643
0.510292
0.512356
0.365692
0.495947
0.496808
0.497635
0.498672
0.499378
0.500227
0.501109
0.5021
0.502767
0.503349
0.503835
0.504617
0.50536
0.506142
0.506647
0.507208
0.507656
0.50837
0.509106
0.510348
0.511364
0.512785
0.514049
0.517063
0.366282
0.498267
0.499273
0.499926
0.500962
0.501607
0.502391
0.502901
0.50365
0.504233
0.504935
0.505414
0.506074
0.506589
0.507364
0.50798
0.508926
0.509616
0.510667
0.511579
0.513101
0.514621
0.517138
0.519415
0.524213
0.367024
0.499561
0.500522
0.501138
0.501985
0.502467
0.503229
0.503684
0.50437
0.504861
0.505568
0.506056
0.506821
0.507355
0.508207
0.508825
0.5099
0.510754
0.512263
0.513523
0.515684
0.517547
0.520651
0.523361
0.52933
0.367284
1.07395
1.07494
1.07584
1.07666
1.07775
1.07838
1.07939
1.08004
1.08103
1.08177
1.0829
1.08359
1.08457
1.08511
1.08595
1.08636
1.08712
1.08751
1.08832
1.0888
1.08983
1.09043
1.09166
1.09237
0.55504
)
;

boundaryField
{
    inlet
    {
        type            nutkWallFunction;
        Cmu             0.09;
        kappa           0.41;
        E               9.8;
        value           nonuniform List<scalar> 
15
(
0.0294105
0.0292382
0.0290864
0.0289617
0.0288619
0.0287907
0.0287475
0.0287331
0.0287476
0.0287909
0.0288621
0.0289619
0.0290865
0.0292383
0.0294105
)
;
    }
    outlet
    {
        type            nutkWallFunction;
        Cmu             0.09;
        kappa           0.41;
        E               9.8;
        value           nonuniform List<scalar> 
25
(
0.0242896
0.0240108
0.0239953
0.0239511
0.023914
0.0239041
0.0239002
0.0239291
0.0249719
0.048906
0.129911
0.203419
0.204089
0.203615
0.136603
0.0520794
0.0252627
0.0239357
0.0238999
0.0239036
0.0239146
0.0239506
0.023996
0.0240119
0.0242924
)
;
    }
    top
    {
        type            nutkWallFunction;
        Cmu             0.09;
        kappa           0.41;
        E               9.8;
        value           nonuniform List<scalar> 
40
(
0.0323198
0.0320443
0.0318854
0.0317453
0.0316274
0.0315436
0.0314776
0.0314522
0.0314456
0.0314701
0.0315202
0.0316005
0.0317026
0.0318273
0.0319756
0.065612
0.065669
0.0657206
0.0657675
0.0658302
0.065866
0.0659242
0.0659617
0.0660181
0.0660607
0.0661252
0.0661652
0.0662209
0.0662523
0.0663003
0.066324
0.0663672
0.0663897
0.0664362
0.0664637
0.0665227
0.0665571
0.0666274
0.0666682
0.0667477
)
;
    }
    bottom
    {
        type            nutkWallFunction;
        Cmu             0.09;
        kappa           0.41;
        E               9.8;
        value           nonuniform List<scalar> 
40
(
0.0323202
0.0320438
0.0318851
0.031745
0.0316274
0.0315433
0.0314772
0.0314519
0.0314456
0.0314702
0.0315203
0.0316004
0.0317029
0.0318279
0.0319758
0.0656114
0.0656688
0.0657199
0.0657678
0.0658296
0.0658666
0.0659256
0.0659629
0.0660173
0.0660593
0.0661233
0.0661644
0.0662211
0.0662545
0.0663033
0.0663275
0.0663696
0.0663915
0.0664363
0.0664629
0.0665204
0.0665543
0.066624
0.0666643
0.0667401
)
;
    }
    cylinder
    {
        type            nutkWallFunction;
        Cmu             0.09;
        kappa           0.41;
        E               9.8;
        value           nonuniform List<scalar> 
70
(
0.00891586
0.00874644
0.00858246
0.00841607
0.00826286
0.00811083
0.00796182
0.0078213
0.00766264
0.0074988
0.00738123
0.00726168
0.00714478
0.0069726
0.0068935
0.0424171
0.0454509
0.0473087
0.0478842
0.0539548
0.0643195
0.0755223
0.0845339
0.0900186
0.092363
0.0923875
0.0911452
0.0886958
0.0851813
0.082229
0.0794094
0.0765547
0.0730815
0.069304
0.0635868
0.0600627
0.0562684
0.0533375
0.0473779
0.0226884
0.0225771
0.00866683
0.00850221
0.00835638
0.00822055
0.00805998
0.00791723
0.0077644
0.00764252
0.007487
0.00738393
0.00721067
0.00712512
0.00695504
0.00688364
0.00672839
0.00667072
0.00653876
0.00649403
0.00639022
0.00635495
0.00624385
0.00607872
0.00616755
0.00627976
0.00640369
0.0064583
0.00658871
0.00667328
0.00677126
)
;
    }
    sides
    {
        type            empty;
    }
}


// ************************************************************************* //
