/*--------------------------------*- C++ -*----------------------------------*\
| =========                 |                                                 |
| \\      /  F ield         | OpenFOAM: The Open Source CFD Toolbox           |
|  \\    /   O peration     | Version:  2.3.1                                 |
|   \\  /    A nd           | Web:      www.OpenFOAM.org                      |
|    \\/     M anipulation  |                                                 |
\*---------------------------------------------------------------------------*/
FoamFile
{
    version     2.0;
    format      ascii;
    class       volScalarField;
    location    "1000";
    object      omega_0;
}
// * * * * * * * * * * * * * * * * * * * * * * * * * * * * * * * * * * * * * //

dimensions      [0 0 -1 0 0 0 0];

internalField   nonuniform List<scalar> 
4825
(
0.00493027
0.00493072
0.00493064
0.00493058
0.00493049
0.00493036
0.0049302
0.00492983
0.00492946
0.00492887
0.00492804
0.0049271
0.0049266
0.00492603
0.00492513
0.00492383
0.00492227
0.00492139
0.00492046
0.00491738
0.00491495
0.00491278
0.00491059
0.00490847
0.00490674
0.00490528
0.00490457
0.0049021
0.00489927
0.00489865
0.00489798
0.00489807
0.00489798
0.00489715
0.00489704
0.00489831
0.00490235
0.00490779
0.00491493
0.00493339
0.00495473
0.0049918
0.00503421
0.00512907
0.00524114
0.00539998
0.00574456
0.00607985
0.00675074
0.00776889
0.00496033
0.00495981
0.00495857
0.00495732
0.00495584
0.00495425
0.00495273
0.00495058
0.00494862
0.00494624
0.00494401
0.00494156
0.00493889
0.00493688
0.00493442
0.00493041
0.00492726
0.00492535
0.00492228
0.00491803
0.00491563
0.00491287
0.00491038
0.00490834
0.00490741
0.00490632
0.00490516
0.0049027
0.0049009
0.00490034
0.00490022
0.00490034
0.0049006
0.00490179
0.0049035
0.00490762
0.00491421
0.00492482
0.00493517
0.00495846
0.0049864
0.00503663
0.00509014
0.00519396
0.00532528
0.00548515
0.00583456
0.00618951
0.00686653
0.00780596
0.00498619
0.00498477
0.0049817
0.00497842
0.00497547
0.00497223
0.00496878
0.00496532
0.00496161
0.00495809
0.00495463
0.00495161
0.00494795
0.00494508
0.00494256
0.00493887
0.0049355
0.00493329
0.00493173
0.00492791
0.0049246
0.00492241
0.00491989
0.00491794
0.00491589
0.00491388
0.00491308
0.0049113
0.00490764
0.00490647
0.00490598
0.0049064
0.00490747
0.00491004
0.0049126
0.00491644
0.00492428
0.00493574
0.00494551
0.00496883
0.00499822
0.00505295
0.00510801
0.00521956
0.0053553
0.00551713
0.00587385
0.00623045
0.0069085
0.00774415
0.00500833
0.00500615
0.00500168
0.00499671
0.0049927
0.0049883
0.00498357
0.00497969
0.00497455
0.00497079
0.00496646
0.00496237
0.00495863
0.00495517
0.00495192
0.00494776
0.00494356
0.0049406
0.00493831
0.00493363
0.00492985
0.00492698
0.00492355
0.00492135
0.00491845
0.00491583
0.00491494
0.00491373
0.00491006
0.00490859
0.00490842
0.00490872
0.00491052
0.00491355
0.0049187
0.00492182
0.00493249
0.00494455
0.00496175
0.00497954
0.00502307
0.00506553
0.00513977
0.00526561
0.00541106
0.00557418
0.00591668
0.00627256
0.00693231
0.00769074
0.00502568
0.00502289
0.00501731
0.00501102
0.0050058
0.00500092
0.00499447
0.00499039
0.00498422
0.00497949
0.00497445
0.00496964
0.00496544
0.00496098
0.00495743
0.00495336
0.00494758
0.0049443
0.00494121
0.00493749
0.00493266
0.00493006
0.00492595
0.00492412
0.00492216
0.00491853
0.0049171
0.00491658
0.00491504
0.0049134
0.00491361
0.00491396
0.00491585
0.00491855
0.00492588
0.00493139
0.00494127
0.00495518
0.00497888
0.00500062
0.00504792
0.00509071
0.00516623
0.00529202
0.00546718
0.00562271
0.00594909
0.00630216
0.00698015
0.00772837
0.00503847
0.00503529
0.00502891
0.00502209
0.00501584
0.00501001
0.00500325
0.00499802
0.0049918
0.00498635
0.00498129
0.0049758
0.00497094
0.00496608
0.00496146
0.00495789
0.00495183
0.00494789
0.0049442
0.0049413
0.00493668
0.00493271
0.00492909
0.00492609
0.0049246
0.00492166
0.00491923
0.00491853
0.00491712
0.00491569
0.00491581
0.00491658
0.0049183
0.00492121
0.00492799
0.00493566
0.00494433
0.00496388
0.00498693
0.00501105
0.00505907
0.00512215
0.0051845
0.0053048
0.00549819
0.00565662
0.00596306
0.00632654
0.00694287
0.00776125
0.00504619
0.00504269
0.00503566
0.00502829
0.00502142
0.00501479
0.00500799
0.00500196
0.00499561
0.00498967
0.00498427
0.00497858
0.00497339
0.00496815
0.00496338
0.00495972
0.0049537
0.00494911
0.00494538
0.0049429
0.00493802
0.00493379
0.004931
0.00492669
0.00492506
0.00492345
0.00492023
0.00491959
0.00491789
0.00491743
0.00491754
0.00491878
0.00492063
0.00492449
0.00493287
0.00494049
0.00495059
0.00497461
0.00499568
0.00502217
0.00509069
0.0051408
0.005238
0.00532451
0.00550166
0.00577582
0.00596843
0.00642685
0.00690707
0.00776012
0.00504879
0.00504521
0.00503799
0.00503048
0.00502342
0.00501641
0.00500983
0.00500331
0.00499715
0.00499103
0.00498542
0.00497984
0.00497444
0.00496888
0.00496429
0.0049602
0.00495502
0.00494916
0.00494597
0.00494378
0.00493878
0.00493431
0.0049319
0.00492761
0.00492513
0.00492393
0.0049212
0.00492023
0.00491849
0.00491741
0.00491802
0.00491906
0.00492171
0.00492657
0.00493098
0.00494456
0.00495453
0.00496947
0.00500349
0.00502577
0.00508499
0.0051353
0.00524152
0.0053363
0.00547411
0.00579104
0.00598188
0.00643394
0.00688686
0.00765441
0.00504621
0.00504272
0.00503556
0.00502851
0.00502136
0.00501452
0.00500819
0.0050017
0.00499568
0.00498999
0.00498399
0.00497906
0.00497312
0.0049681
0.0049635
0.00495905
0.0049541
0.00494853
0.00494567
0.00494313
0.00493758
0.00493481
0.00493055
0.00492777
0.0049245
0.00492314
0.004921
0.00491964
0.00491732
0.00491658
0.00491734
0.00491807
0.00492102
0.00492507
0.0049296
0.00494434
0.00495297
0.00496841
0.00500313
0.00503577
0.00506496
0.00514641
0.00522147
0.00537133
0.00551071
0.00568575
0.00605763
0.00641449
0.00699842
0.00770955
0.00503851
0.00503533
0.00502866
0.00502261
0.00501573
0.00500943
0.00500367
0.00499755
0.00499202
0.00498691
0.0049809
0.00497652
0.00497053
0.00496597
0.00496148
0.00495706
0.00495216
0.0049472
0.00494466
0.00494148
0.00493654
0.00493377
0.00492955
0.00492671
0.00492373
0.0049224
0.00492029
0.00491779
0.0049151
0.00491464
0.0049146
0.00491516
0.00491743
0.00492078
0.00492755
0.00493735
0.00494532
0.00496434
0.00498919
0.00501204
0.0050627
0.0051161
0.00521741
0.00530954
0.00549239
0.0056562
0.0060141
0.00634175
0.00698157
0.00764284
0.00502571
0.00502293
0.00501682
0.00501235
0.00500548
0.00500003
0.00499492
0.00498927
0.00498456
0.00498
0.00497467
0.00497071
0.00496481
0.00496102
0.00495665
0.0049526
0.00494742
0.00494392
0.00494185
0.00493751
0.00493388
0.00493074
0.00492677
0.00492335
0.00492202
0.00492063
0.00491774
0.00491436
0.00491227
0.00491221
0.00491233
0.00491323
0.00491553
0.00491831
0.00492477
0.00492993
0.0049388
0.0049616
0.00497833
0.00500312
0.0050586
0.00510348
0.00519139
0.0052796
0.00546512
0.00562885
0.0059663
0.00637176
0.00687109
0.00781448
0.00500836
0.00500618
0.00500148
0.0049977
0.00499208
0.00498799
0.00498346
0.00497891
0.0049751
0.0049709
0.00496682
0.00496305
0.00495865
0.00495512
0.00495138
0.00494726
0.00494276
0.00494046
0.0049381
0.00493429
0.00493092
0.00492784
0.00492393
0.00492098
0.00491964
0.00491661
0.0049136
0.00491026
0.0049093
0.00490866
0.00490786
0.00490816
0.0049096
0.00491141
0.00491609
0.00492082
0.00493093
0.0049529
0.00496498
0.0049888
0.00504193
0.00508209
0.00515885
0.00526652
0.00539957
0.00563325
0.00591516
0.00634195
0.00684053
0.00799455
0.00498621
0.00498478
0.00498173
0.00497894
0.00497501
0.00497193
0.00496836
0.00496511
0.0049618
0.00495859
0.00495532
0.00495161
0.00494833
0.00494464
0.00494201
0.00493863
0.00493462
0.00493277
0.00493125
0.00492803
0.00492571
0.00492369
0.00492053
0.00491858
0.00491724
0.00491389
0.00491095
0.00490836
0.00490763
0.00490621
0.004905
0.00490514
0.00490583
0.00490728
0.00491056
0.00491419
0.00492588
0.00493883
0.00494871
0.00497332
0.00501352
0.0050467
0.00511941
0.0052352
0.0053491
0.00559327
0.00586639
0.00626756
0.00681581
0.00791884
0.00496035
0.00495983
0.00495864
0.00495739
0.0049558
0.00495419
0.00495224
0.00495061
0.00494866
0.00494668
0.00494467
0.00494149
0.00493894
0.0049365
0.00493389
0.00493006
0.00492707
0.00492527
0.0049224
0.00491837
0.00491589
0.00491369
0.00491127
0.00491001
0.00490823
0.00490519
0.0049027
0.00490176
0.00490119
0.0048997
0.00489855
0.00489866
0.0048993
0.00490122
0.00490431
0.00490792
0.00491853
0.00492987
0.00493969
0.00496489
0.00499527
0.00502983
0.00509821
0.00520448
0.00531745
0.00555757
0.00581652
0.00623173
0.00689848
0.00790187
0.00493027
0.0049307
0.00493063
0.00493056
0.00493047
0.00493032
0.00493002
0.00492976
0.00492942
0.00492911
0.00492845
0.00492744
0.00492673
0.00492587
0.00492459
0.00492284
0.0049216
0.00492064
0.00491986
0.00491782
0.00491547
0.00491381
0.00491121
0.0049097
0.00490822
0.0049055
0.00490275
0.0049012
0.00489966
0.00489793
0.00489618
0.00489564
0.00489584
0.00489662
0.00489884
0.00490057
0.00490707
0.00491172
0.00491928
0.0049412
0.00496408
0.00499059
0.00504725
0.00513373
0.0052284
0.00543952
0.00568961
0.00614004
0.00694995
0.00804601
0.00456508
0.00456999
0.00457125
0.00458481
0.00459962
0.00461284
0.00462435
0.00463413
0.00464275
0.00465123
0.00466059
0.00467108
0.0046819
0.00469153
0.00469884
0.00470513
0.00471268
0.00472133
0.00472937
0.00473662
0.00474333
0.00475034
0.00475838
0.00476604
0.00477343
0.00478102
0.00479088
0.00480034
0.00481053
0.00482389
0.00483922
0.00486324
0.00489516
0.00493001
0.00499289
0.00507065
0.00516919
0.0053279
0.00551613
0.00577239
0.0060701
0.0064825
0.0071073
0.00774614
0.00860727
0.00973188
0.0116214
0.0147796
0.0209829
0.0289033
0.00457477
0.00460466
0.0046131
0.00462544
0.00463626
0.00464517
0.00465312
0.00466085
0.00466906
0.00467841
0.00468871
0.004699
0.00470735
0.00471393
0.0047197
0.00472608
0.00473417
0.00474217
0.00474855
0.0047543
0.00476019
0.00476707
0.00477396
0.00478056
0.0047872
0.00479511
0.00480435
0.00481274
0.00482582
0.00484006
0.00485606
0.0048846
0.0049185
0.00495991
0.00503099
0.00510993
0.0052224
0.00538418
0.00557206
0.00582979
0.0061362
0.00654114
0.0071158
0.00771032
0.00851505
0.00953759
0.0112187
0.0135022
0.0167499
0.0229699
0.00459552
0.00462367
0.00463092
0.0046409
0.00464924
0.00465667
0.00466393
0.00467162
0.00468027
0.00469021
0.00470081
0.00471016
0.00471696
0.00472251
0.00472821
0.00473512
0.0047433
0.00475044
0.00475617
0.00476149
0.00476725
0.00477408
0.00478007
0.00478622
0.00479251
0.00480001
0.00480804
0.00481618
0.00483066
0.00484359
0.00485733
0.00488338
0.00490812
0.00494254
0.004999
0.00505469
0.00513997
0.00525509
0.00538436
0.00555615
0.00582469
0.00609041
0.00647465
0.00694812
0.00764019
0.00843504
0.00976443
0.0115943
0.0145628
0.01893
0.00461177
0.00465725
0.0046599
0.00466543
0.00467169
0.00467844
0.00468606
0.00469495
0.0047051
0.00471564
0.00472386
0.00472971
0.00473484
0.0047396
0.00474623
0.00475455
0.00476151
0.00476614
0.00477112
0.00477599
0.00478181
0.0047877
0.00479194
0.00479749
0.00480369
0.00481071
0.00481574
0.00482379
0.00483665
0.00484857
0.00485941
0.00488155
0.00490525
0.00493795
0.00498943
0.00503877
0.00511315
0.00521697
0.00532839
0.00546352
0.00572503
0.00596664
0.00629533
0.00672472
0.00739137
0.00811384
0.00933054
0.0109076
0.0132949
0.0164547
0.00462359
0.00467174
0.00467253
0.00467726
0.00468381
0.00469199
0.00470144
0.00471159
0.00472145
0.00472914
0.00473446
0.00473914
0.00474428
0.00475035
0.00475801
0.00476568
0.0047703
0.00477412
0.00477889
0.00478403
0.00478999
0.00479442
0.00479828
0.00480361
0.00481031
0.00481726
0.00482187
0.00483002
0.0048392
0.00485096
0.00486522
0.00488075
0.00490476
0.00493359
0.00496733
0.00500592
0.00505266
0.0051437
0.00523731
0.00532725
0.0055163
0.00574296
0.00604339
0.00635009
0.00692503
0.00749942
0.0085128
0.00963317
0.0117649
0.014901
0.00463231
0.00469249
0.00469539
0.00470164
0.00471017
0.00471966
0.00472907
0.00473756
0.00474407
0.00474865
0.0047529
0.0047578
0.00476405
0.00477123
0.0047779
0.00478239
0.004786
0.00479026
0.00479449
0.00479954
0.00480378
0.00480701
0.00481092
0.00481534
0.00482003
0.00482431
0.00483165
0.00484033
0.00484303
0.0048529
0.00486794
0.00487822
0.00489578
0.00492391
0.0049465
0.00498962
0.00503204
0.00511475
0.00520077
0.00528633
0.00544561
0.0056394
0.00595433
0.0062166
0.00675676
0.00727541
0.00824209
0.00918789
0.0109449
0.0128676
0.00463519
0.00470859
0.00471417
0.00472137
0.00473001
0.00473811
0.00474516
0.00475082
0.00475526
0.00475935
0.00476468
0.00477084
0.00477745
0.00478406
0.00478857
0.00479113
0.00479466
0.0047994
0.00480373
0.00480819
0.00481075
0.00481384
0.00481799
0.00482235
0.00482564
0.00482886
0.00483695
0.00484547
0.0048502
0.00485447
0.00486826
0.00487853
0.00489186
0.00492118
0.0049385
0.00497342
0.00501189
0.00504634
0.00512042
0.00520526
0.00533592
0.0054406
0.00569873
0.00597103
0.00638717
0.00684348
0.00766069
0.00838467
0.0103185
0.0121973
0.00463564
0.00473177
0.0047412
0.00474915
0.00475672
0.00476281
0.00476775
0.00477173
0.00477579
0.00478085
0.00478705
0.00479316
0.00479833
0.00480216
0.00480527
0.00480807
0.00481151
0.00481552
0.00482009
0.00482232
0.00482421
0.00482722
0.00483034
0.00483414
0.00483684
0.00483895
0.00484198
0.0048478
0.00485596
0.00486035
0.00486816
0.00487937
0.00488793
0.00490614
0.00492164
0.00494311
0.00497942
0.00502028
0.00509412
0.00515909
0.00529383
0.0053877
0.00559841
0.00589261
0.00625049
0.00670265
0.00745555
0.00803712
0.00945583
0.0107866
0.00463022
0.00475678
0.00476552
0.00477065
0.00477452
0.00477789
0.0047815
0.00478551
0.00479052
0.00479642
0.00480205
0.00480665
0.00481001
0.00481249
0.00481506
0.00481866
0.00482222
0.00482578
0.00482841
0.00482953
0.0048323
0.0048355
0.00483746
0.00483997
0.00484412
0.00484958
0.00485038
0.00485121
0.00485825
0.00486498
0.00486821
0.00487734
0.00488441
0.00489946
0.00491729
0.00493382
0.00496687
0.00500384
0.00506872
0.00508742
0.00517376
0.00531063
0.00543654
0.00572306
0.00598864
0.0063701
0.00698312
0.00754648
0.00879703
0.0104299
0.00462084
0.00478043
0.004788
0.00479112
0.00479453
0.00479877
0.00480384
0.0048094
0.00481534
0.00482046
0.00482379
0.00482592
0.00482844
0.0048308
0.00483327
0.00483617
0.0048397
0.00484204
0.00484265
0.00484425
0.00484689
0.00484878
0.00485019
0.00485093
0.00485237
0.00485554
0.00485971
0.00485995
0.00486047
0.0048667
0.00486955
0.00487633
0.00488481
0.00489698
0.0049087
0.00491954
0.00494559
0.00496906
0.0050182
0.0050648
0.00510438
0.00524079
0.00538138
0.00564078
0.00590629
0.00625865
0.00681106
0.00740445
0.00845436
0.00966956
0.00460686
0.00480105
0.00480898
0.00481187
0.004816
0.00482041
0.00482465
0.00482863
0.00483211
0.00483423
0.00483579
0.00483774
0.0048405
0.00484334
0.00484593
0.00484839
0.00485004
0.00485039
0.00485135
0.00485379
0.00485526
0.00485591
0.0048575
0.00485911
0.00485897
0.00485975
0.00486317
0.00486641
0.00486752
0.00487119
0.00487217
0.00487612
0.00488562
0.00489331
0.00489762
0.00490887
0.00493769
0.00495441
0.00497576
0.00502947
0.00508002
0.00519268
0.00529752
0.00545787
0.00568939
0.00590508
0.00643066
0.00702474
0.00792196
0.00937025
0.00458934
0.00482303
0.0048321
0.00483596
0.00484014
0.00484379
0.00484712
0.00484986
0.00485175
0.00485334
0.00485593
0.00485899
0.00486115
0.00486255
0.00486457
0.00486589
0.00486613
0.00486648
0.00486797
0.00486877
0.00486901
0.00486955
0.00487
0.00487033
0.00487103
0.00486954
0.00486815
0.00486989
0.00487303
0.00487444
0.00487576
0.00487992
0.00488588
0.00488741
0.00489375
0.00490634
0.00492716
0.00494733
0.0049582
0.00498991
0.00503354
0.00514357
0.00521803
0.00533612
0.00552525
0.00579526
0.00629214
0.00692151
0.00780113
0.00906363
0.00456748
0.00484906
0.00485739
0.00486052
0.00486289
0.00486482
0.00486673
0.00486805
0.00486912
0.00487055
0.00487227
0.00487346
0.00487417
0.00487519
0.00487607
0.00487639
0.0048769
0.00487779
0.00487822
0.00487801
0.00487813
0.00487819
0.00487793
0.00487751
0.00487822
0.00487995
0.00487888
0.00487856
0.00487768
0.00487728
0.00488022
0.00488335
0.00488431
0.00488593
0.00489388
0.00490731
0.0049141
0.00492191
0.00493423
0.00496793
0.00500765
0.00507887
0.00514569
0.00529223
0.00547244
0.00574681
0.00601842
0.00656853
0.00737875
0.00849132
0.00454184
0.00487611
0.0048823
0.00488355
0.00488459
0.0048857
0.00488674
0.00488787
0.00488956
0.00489128
0.00489238
0.004893
0.00489394
0.00489468
0.00489442
0.00489372
0.00489397
0.00489418
0.00489387
0.00489332
0.00489291
0.00489212
0.00489135
0.00489041
0.00488859
0.00488787
0.00488805
0.00488816
0.00488735
0.00488629
0.00488686
0.00488522
0.00488565
0.00488999
0.00489611
0.00490105
0.0049027
0.00491168
0.00492953
0.00496155
0.00500331
0.00505526
0.00511479
0.00519922
0.00531502
0.00557431
0.00587071
0.00644346
0.00726399
0.00842243
0.00451312
0.00490262
0.00490605
0.00490649
0.00490709
0.00490779
0.00490832
0.00490894
0.00490955
0.00490972
0.00490954
0.00490921
0.00490876
0.00490784
0.00490677
0.00490611
0.00490576
0.00490492
0.00490342
0.00490255
0.00490155
0.00490063
0.00489933
0.00489843
0.0048972
0.00489635
0.00489541
0.0048945
0.0048948
0.00489426
0.00489341
0.00489218
0.00489251
0.00489476
0.00489486
0.00489771
0.00490168
0.00491032
0.0049286
0.00494601
0.00496808
0.00500145
0.00504737
0.00514294
0.00526104
0.00551434
0.00585249
0.00627731
0.00693388
0.00795369
0.0356789
0.025552
0.0184519
0.014133
0.0114675
0.00990659
0.0086765
0.00779867
0.00712391
0.00653544
0.00613516
0.00585154
0.00561087
0.00536945
0.00521582
0.00510496
0.00501558
0.00495444
0.00490755
0.00487018
0.00484419
0.0048244
0.00481113
0.00480089
0.00478959
0.0047796
0.00477092
0.00476299
0.00475442
0.00474674
0.00473973
0.00473263
0.00472506
0.00471654
0.00470854
0.0047014
0.0046952
0.00468702
0.00467662
0.00466608
0.00465609
0.00464719
0.00463852
0.00462977
0.00461966
0.00460765
0.00459341
0.00457856
0.00456658
0.00457662
0.0472231
0.0321029
0.0234807
0.0173505
0.0135813
0.0114967
0.0100077
0.00888222
0.00802079
0.00731169
0.00671795
0.00619965
0.00585842
0.00563426
0.00547159
0.00530827
0.0051473
0.00503573
0.00496204
0.00491218
0.00487872
0.00485108
0.0048302
0.00481526
0.0048027
0.00479045
0.00477912
0.00477026
0.00476126
0.00475285
0.00474463
0.00473796
0.00473023
0.00472293
0.00471437
0.00470645
0.00469872
0.00469282
0.00468539
0.00467592
0.00466573
0.00465488
0.00464609
0.00463644
0.00462836
0.00462052
0.00460728
0.00459683
0.00457358
0.00457065
0.073848
0.0465729
0.0311011
0.0220462
0.0171272
0.0138522
0.0116027
0.0101802
0.00913823
0.00812818
0.00727143
0.00674874
0.006414
0.00611574
0.00579338
0.00554286
0.00536023
0.0052129
0.00508853
0.00499486
0.00493432
0.00489232
0.0048619
0.00483946
0.00482254
0.00480896
0.00479608
0.00478435
0.00477336
0.00476329
0.00475409
0.0047457
0.00473856
0.00473022
0.0047231
0.00471399
0.00470608
0.00469735
0.00469118
0.0046829
0.00467475
0.00466521
0.00465504
0.00464626
0.00463431
0.0046288
0.00461695
0.00461036
0.00459615
0.00457711
0.101289
0.0673972
0.0446501
0.0303794
0.0220792
0.0168961
0.0139844
0.0118569
0.0101665
0.00894795
0.00831881
0.00781676
0.0071343
0.00654186
0.00616383
0.00595808
0.00574732
0.0054988
0.0052889
0.00514696
0.00504714
0.00497575
0.00492316
0.00488478
0.00485682
0.00483603
0.00481869
0.00480313
0.0047893
0.00477649
0.00476554
0.00475468
0.00474629
0.00473763
0.0047303
0.00472255
0.00471463
0.00470668
0.00469742
0.00469169
0.00468198
0.00467582
0.00466512
0.00465775
0.00464605
0.00463655
0.00462745
0.00461688
0.00460994
0.00459278
0.168838
0.126264
0.0865189
0.0548145
0.0348976
0.0238409
0.0178097
0.0141954
0.0120998
0.0109501
0.0100048
0.00877055
0.00786077
0.00738326
0.00696953
0.00651785
0.00616826
0.00589779
0.00570166
0.00549826
0.00529757
0.00515627
0.00505593
0.00498333
0.00493084
0.00489287
0.00486433
0.00484063
0.00482078
0.00480293
0.00478716
0.00477257
0.00476001
0.00474944
0.00473905
0.00473138
0.00472188
0.00471555
0.0047055
0.0046993
0.0046901
0.00468321
0.00467494
0.00466674
0.00465898
0.00464764
0.00464038
0.00462743
0.00462109
0.00460701
0.440548
0.396241
0.297986
0.18352
0.101326
0.0526436
0.0297299
0.0198171
0.0153877
0.0132444
0.0113435
0.0100959
0.00957182
0.00876021
0.00792875
0.00745617
0.00711486
0.00672091
0.00634063
0.00604331
0.00578573
0.00557055
0.00539458
0.00523607
0.00511767
0.00503343
0.00497276
0.00492786
0.00489305
0.00486376
0.00483721
0.00481391
0.00479147
0.00477464
0.00475852
0.00474719
0.00473512
0.00472634
0.00471589
0.00470725
0.00469898
0.00468951
0.00468296
0.00467276
0.00466727
0.00465636
0.00465072
0.00463882
0.00463233
0.00462002
0.647532
0.617872
0.583111
0.523585
0.389415
0.193065
0.0883235
0.0420278
0.024425
0.0172161
0.0140934
0.0129248
0.0113677
0.0101811
0.0097154
0.00917849
0.00843164
0.00783572
0.00745261
0.00724851
0.00718205
0.00707838
0.00676797
0.00630861
0.00588203
0.00554219
0.00532273
0.00519048
0.00510342
0.00504055
0.0049829
0.00493073
0.00488467
0.00485031
0.00481896
0.00479227
0.00476994
0.00475203
0.00473839
0.0047246
0.00471544
0.00470302
0.00469556
0.00468359
0.00467691
0.00466531
0.00465903
0.00464749
0.00464026
0.00462867
0.613075
0.550772
0.536032
0.548074
0.537399
0.480538
0.30107
0.13042
0.0574859
0.0294559
0.0196989
0.0156312
0.0134483
0.0127118
0.0118197
0.0107961
0.0103316
0.010389
0.0111172
0.0135556
0.0179488
0.0205741
0.0209039
0.0180336
0.0141125
0.0103414
0.00784958
0.00652694
0.0059036
0.00560013
0.00541942
0.00530556
0.00523399
0.00518882
0.00515217
0.0050913
0.00500509
0.00491314
0.00484633
0.00479741
0.00477031
0.00474649
0.00473285
0.00471655
0.00470509
0.00468877
0.00467854
0.00466376
0.00465555
0.00464171
0.465825
0.382512
0.349361
0.361239
0.45673
0.49617
0.462386
0.334913
0.153815
0.0669193
0.03366
0.0215716
0.0180097
0.0158191
0.0141344
0.0138028
0.0146149
0.0185404
0.0302432
0.0577409
0.0827038
0.094767
0.0965233
0.0939168
0.0839324
0.0542293
0.0304926
0.0172947
0.0106796
0.00778063
0.00676465
0.00665966
0.00696362
0.00793663
0.00933876
0.00987178
0.00920275
0.00785018
0.00657743
0.0057085
0.00525904
0.00508947
0.00505524
0.00505843
0.00507507
0.005021
0.00493084
0.00481624
0.00476435
0.00471019
0.380713
0.289391
0.259523
0.265805
0.332338
0.463246
0.474275
0.438065
0.308367
0.154238
0.0682731
0.035624
0.0243736
0.0193399
0.0183396
0.0200611
0.0299655
0.0627046
0.108671
0.133543
0.13804
0.134945
0.129115
0.128888
0.128615
0.123833
0.108691
0.0683695
0.0345632
0.0175056
0.0121554
0.0124896
0.0182386
0.0352801
0.0459081
0.0480356
0.047089
0.0417572
0.027111
0.0162303
0.0107562
0.00916621
0.00930026
0.0101215
0.0113698
0.0116489
0.0104677
0.00807778
0.00692401
0.00613691
0.371091
0.259071
0.220743
0.226857
0.284041
0.410307
0.460642
0.448194
0.383055
0.240881
0.133129
0.0683192
0.0362634
0.0262288
0.0269387
0.0419851
0.101196
0.154867
0.16775
0.158249
0.121805
0.0991218
0.0948944
0.100265
0.120145
0.128241
0.126994
0.118818
0.0909122
0.0477038
0.0314221
0.0345868
0.0599305
0.0789415
0.0820896
0.0816259
0.0805175
0.0778071
0.0709406
0.0512389
0.0338576
0.0302663
0.0326942
0.040648
0.0437803
0.0436082
0.0415346
0.0323543
0.0229556
0.0191729
0.372743
0.252306
0.19807
0.202533
0.261888
0.371604
0.435996
0.435233
0.388623
0.271337
0.170321
0.0973965
0.0531093
0.0405333
0.0488081
0.110303
0.181882
0.201615
0.193919
0.148258
0.0978498
0.0778568
0.0785462
0.0994442
0.130586
0.13955
0.137345
0.124634
0.0858867
0.0608012
0.0605187
0.0794975
0.0921013
0.088763
0.0779075
0.0753916
0.0769917
0.0777705
0.0743162
0.0618107
0.0578939
0.0606407
0.0636566
0.0629846
0.0612127
0.057777
0.0509326
0.045902
0.0447563
0.0449856
0.374214
0.254667
0.173744
0.170031
0.222847
0.339072
0.410879
0.417453
0.376057
0.274793
0.183623
0.108737
0.0700165
0.0662183
0.0887723
0.166648
0.212316
0.219095
0.209518
0.167309
0.102824
0.0698317
0.0682179
0.0917532
0.129998
0.140282
0.134963
0.106001
0.0772711
0.0721569
0.0814722
0.0997213
0.100862
0.0880979
0.0726692
0.0715954
0.0778932
0.080182
0.0736846
0.0660845
0.0658883
0.0668094
0.0643766
0.058871
0.05766
0.0569305
0.0540002
0.0516147
0.0500178
0.0478467
0.35093
0.24883
0.153652
0.130623
0.159792
0.272225
0.361554
0.381328
0.352427
0.269943
0.186257
0.117109
0.0844712
0.0821813
0.102809
0.169002
0.209962
0.217504
0.212127
0.188955
0.126353
0.0687948
0.0474579
0.0509843
0.0890788
0.122471
0.124085
0.105016
0.0827635
0.0795727
0.0859852
0.0983638
0.0994506
0.0939308
0.0726863
0.0622744
0.0649968
0.0745554
0.0747966
0.0707273
0.0675278
0.0663232
0.0631841
0.0546637
0.051361
0.0521988
0.0536927
0.0533337
0.0520085
0.0470281
0.297341
0.198345
0.125718
0.0850146
0.0938158
0.176649
0.289355
0.333575
0.328718
0.279262
0.202313
0.138986
0.107678
0.102993
0.111885
0.155798
0.199646
0.208542
0.204967
0.186991
0.132018
0.067739
0.0312796
0.0240241
0.0318852
0.0713041
0.102266
0.10595
0.100152
0.0938186
0.0940748
0.0955987
0.0941665
0.0884966
0.0694674
0.0416279
0.0339408
0.0378219
0.0535989
0.0618179
0.062906
0.061953
0.0584599
0.0457964
0.0299616
0.0248618
0.0250856
0.0277752
0.0294703
0.0287813
0.242793
0.134389
0.0914735
0.0630395
0.0589883
0.0799036
0.171167
0.26206
0.292452
0.288827
0.25315
0.193845
0.154133
0.13979
0.141355
0.166228
0.198897
0.198434
0.182439
0.124371
0.0592398
0.0272802
0.0149795
0.0122311
0.0131911
0.0208634
0.0484773
0.0769673
0.0895396
0.0918749
0.090446
0.0857194
0.0724648
0.0439712
0.02397
0.0139156
0.0111784
0.011615
0.0149925
0.0205212
0.0220727
0.0217269
0.017934
0.0123197
0.00887051
0.0074824
0.00728594
0.00741182
0.00765513
0.00725563
0.178542
0.105075
0.0705284
0.0534059
0.0438402
0.0450829
0.062138
0.115012
0.180232
0.218434
0.229362
0.227723
0.219217
0.21226
0.211757
0.209308
0.197494
0.160487
0.0860696
0.0414641
0.0205531
0.0123706
0.0093634
0.00837267
0.00831677
0.00893636
0.0117083
0.0187697
0.0244067
0.0259553
0.0251793
0.0198131
0.0139957
0.00978193
0.00727122
0.00605111
0.0056552
0.00564147
0.00574998
0.00589609
0.00599844
0.00582703
0.00547937
0.00515424
0.00495363
0.00484645
0.00481858
0.00479542
0.00480105
0.00473706
0.123814
0.0836459
0.0587134
0.0467877
0.0372336
0.032673
0.0333305
0.039843
0.0567118
0.086915
0.121841
0.146366
0.155922
0.155245
0.14813
0.120882
0.0695478
0.037864
0.0203994
0.012349
0.00898977
0.00773759
0.00726449
0.0068668
0.00656863
0.00645718
0.00649082
0.00665601
0.00685499
0.00689552
0.00653194
0.00598458
0.00551196
0.00520765
0.00504014
0.00494887
0.00489947
0.00486168
0.00483702
0.00481169
0.00478965
0.00475976
0.00473741
0.00471473
0.00470132
0.00468589
0.00467748
0.00466448
0.00465651
0.00464245
0.0993794
0.0635472
0.0447825
0.0359966
0.0317516
0.0270717
0.0241048
0.0233521
0.0239322
0.0262527
0.0313466
0.0368127
0.0387879
0.0359464
0.0293728
0.02119
0.0142428
0.0101854
0.00817235
0.00726981
0.00675435
0.0063688
0.0061898
0.00605646
0.00581713
0.00557235
0.00539732
0.00526358
0.00515502
0.00506249
0.00497819
0.00491239
0.00486372
0.00483177
0.00480733
0.00478782
0.00477029
0.00475456
0.00474174
0.00472702
0.00471676
0.00470318
0.00469512
0.004683
0.00467657
0.0046651
0.00465893
0.00464738
0.00464021
0.00462865
0.0750334
0.0492824
0.0366405
0.0286099
0.0243794
0.0222811
0.0200011
0.0177551
0.0160974
0.0148024
0.013756
0.0127112
0.0115504
0.0102703
0.00898059
0.00790315
0.00719288
0.00672413
0.00635032
0.00612383
0.00597996
0.00578197
0.00556129
0.00538596
0.00524105
0.00511693
0.0050213
0.00495048
0.00489693
0.00485673
0.00482606
0.00480406
0.00478561
0.00477211
0.00475812
0.00474765
0.00473588
0.00472677
0.00471634
0.00470738
0.00469914
0.00468944
0.00468309
0.00467288
0.00466734
0.00465632
0.00465065
0.00463867
0.00463226
0.00461988
0.0580906
0.0425402
0.0315055
0.0252074
0.0210526
0.0180042
0.0160221
0.0146027
0.0130552
0.0114518
0.0101528
0.00909132
0.00816401
0.00745337
0.00691794
0.00645461
0.00611553
0.00590817
0.00572838
0.00549782
0.00533917
0.0052322
0.00513591
0.00505153
0.00498148
0.00492376
0.00487731
0.00484226
0.00481687
0.00479778
0.00478299
0.0047704
0.00475933
0.00474963
0.00473943
0.00473162
0.00472173
0.00471531
0.00470534
0.00469922
0.00469007
0.00468309
0.00467489
0.0046664
0.0046589
0.00464777
0.0046406
0.00462752
0.00462109
0.00460698
0.0450952
0.0332279
0.0268435
0.021705
0.0185129
0.0161062
0.0136955
0.0117594
0.0104705
0.00939267
0.00840862
0.00763937
0.0069786
0.00648117
0.00613701
0.00584903
0.00558013
0.00539368
0.00526294
0.00516182
0.00507936
0.0050113
0.0049575
0.00491329
0.00487527
0.00484401
0.00481917
0.00480011
0.00478587
0.00477405
0.00476461
0.00475508
0.00474696
0.0047382
0.0047304
0.00472264
0.00471461
0.00470715
0.00469791
0.00469181
0.00468191
0.00467548
0.00466496
0.00465766
0.00464615
0.00463644
0.00462708
0.00461675
0.00460989
0.00459365
0.039582
0.0283124
0.0221796
0.0176603
0.0146854
0.0128835
0.0117166
0.0104073
0.00898201
0.00787677
0.00707254
0.00651574
0.00611314
0.00577598
0.00554105
0.00537166
0.00524706
0.00516027
0.00508104
0.0050135
0.00495593
0.00491397
0.00488115
0.00485204
0.00482845
0.00480916
0.00479306
0.00478058
0.00477105
0.0047624
0.00475365
0.00474485
0.00473745
0.00472904
0.00472236
0.004714
0.00470634
0.00469745
0.00469108
0.0046829
0.00467477
0.00466566
0.00465558
0.00464654
0.00463434
0.0046288
0.00461699
0.00461041
0.0045959
0.00457768
0.0328759
0.0246217
0.0190675
0.0154901
0.0130926
0.0110858
0.00966513
0.00867268
0.0078604
0.0071146
0.00648668
0.00599012
0.00565945
0.005433
0.00528215
0.00518295
0.00510193
0.00502501
0.00496656
0.00492593
0.00489146
0.00486575
0.00484319
0.00482145
0.00480463
0.00479054
0.00477878
0.00476982
0.00476126
0.0047525
0.00474419
0.0047376
0.00472998
0.00472305
0.00471456
0.00470625
0.00469861
0.00469247
0.0046852
0.00467593
0.00466594
0.00465491
0.00464597
0.00463641
0.00462843
0.00462066
0.00460734
0.00459689
0.00457365
0.00457067
0.0295478
0.0210874
0.017254
0.0142165
0.0119991
0.0102013
0.0088744
0.00766306
0.00685983
0.00629207
0.00589692
0.00560061
0.00539716
0.00525244
0.00513335
0.00504938
0.00499399
0.00495026
0.00491247
0.00487858
0.00485335
0.00483472
0.00481661
0.00480102
0.00478999
0.00477915
0.00477024
0.00476263
0.00475453
0.00474661
0.00473964
0.00473274
0.0047252
0.00471662
0.00470868
0.00470137
0.00469523
0.00468726
0.00467679
0.00466619
0.00465615
0.00464721
0.0046385
0.00462976
0.00461954
0.00460767
0.00459345
0.00457864
0.00456663
0.00457664
0.0262932
0.0186718
0.0145249
0.0118955
0.0100906
0.00875171
0.00774388
0.00683096
0.00627084
0.00583566
0.0055361
0.00532155
0.00518428
0.00509153
0.00502093
0.00496779
0.0049321
0.00489457
0.00486605
0.00484612
0.00482852
0.00481439
0.00480141
0.00479032
0.00478209
0.00477308
0.00476585
0.00475861
0.00475062
0.00474311
0.00473653
0.00472942
0.00472124
0.00471275
0.00470526
0.00469876
0.00469147
0.00468199
0.00467119
0.00466065
0.00465128
0.00464274
0.00463409
0.00462437
0.00461286
0.00459969
0.00458486
0.00457133
0.00456998
0.00456502
0.0219058
0.0171581
0.0138064
0.0115086
0.00990745
0.00872647
0.00778153
0.00689998
0.00634492
0.00590837
0.00559924
0.005374
0.00521885
0.00512014
0.0050449
0.00498499
0.00495091
0.00491401
0.00488206
0.00486109
0.00484201
0.00482785
0.0048176
0.00480525
0.00479652
0.00478808
0.00478013
0.0047739
0.00476708
0.00475994
0.00475415
0.00474867
0.0047422
0.00473428
0.0047262
0.00471953
0.00471388
0.00470742
0.00469899
0.00468878
0.00467853
0.00466908
0.00466085
0.00465312
0.00464515
0.00463627
0.00462545
0.00461317
0.00460483
0.00457484
0.0187507
0.0145903
0.0119497
0.0100606
0.00883089
0.00786294
0.00702299
0.00640905
0.00602049
0.00565842
0.00542846
0.00526202
0.00513523
0.00506024
0.00500111
0.00495186
0.00492492
0.00489719
0.00487416
0.00485907
0.00484264
0.00482909
0.00482178
0.00481054
0.00480146
0.00479401
0.00478598
0.0047799
0.00477389
0.00476711
0.00476136
0.00475627
0.0047506
0.00474342
0.00473517
0.00472806
0.00472251
0.004717
0.00471008
0.00470086
0.00469033
0.00468032
0.00467166
0.00466395
0.00465665
0.00464923
0.00464088
0.00463096
0.00462372
0.00459558
0.0166769
0.0134827
0.0112765
0.00958184
0.00848423
0.00760817
0.00679322
0.00627833
0.00593511
0.00559138
0.00538535
0.00523248
0.00511293
0.00504493
0.0049905
0.00494564
0.00491794
0.00489296
0.00487352
0.00485909
0.00484464
0.00483271
0.00482759
0.00481915
0.00481004
0.00480433
0.00479777
0.00479148
0.00478746
0.00478222
0.00477605
0.00477104
0.00476629
0.00476143
0.00475439
0.00474627
0.00473971
0.00473475
0.00472968
0.00472385
0.00471568
0.00470516
0.00469508
0.00468615
0.00467845
0.00467169
0.00466542
0.00465988
0.00465725
0.00461182
0.0152797
0.0123549
0.0100274
0.00877673
0.00783598
0.00706141
0.00642222
0.00605387
0.00575234
0.00546188
0.00531652
0.00518583
0.00507992
0.00502099
0.00497184
0.00493846
0.0049082
0.00488922
0.00487317
0.00485765
0.00484783
0.00483938
0.00483033
0.00482309
0.00481477
0.00480949
0.00480437
0.00479799
0.00479427
0.0047907
0.00478436
0.00477875
0.00477416
0.00477009
0.00476543
0.00475835
0.00475043
0.00474416
0.00473918
0.00473444
0.00472898
0.00472142
0.00471168
0.00470154
0.00469206
0.00468384
0.00467727
0.00467251
0.0046717
0.00462359
0.0129795
0.0112646
0.00959742
0.00848726
0.00756191
0.00679628
0.00629511
0.00597065
0.00563803
0.0054066
0.00527494
0.00513753
0.00506099
0.0050105
0.00496407
0.00493385
0.00490551
0.0048898
0.00487395
0.00485751
0.00485222
0.0048437
0.00483368
0.00482917
0.00482514
0.00481971
0.00481632
0.00481121
0.00480699
0.00480337
0.0047996
0.00479447
0.00478989
0.00478578
0.00478229
0.00477798
0.00477128
0.00476403
0.00475796
0.00475294
0.00474855
0.00474401
0.00473754
0.00472912
0.00471976
0.00471024
0.0047017
0.00469543
0.00469251
0.00463235
0.0123678
0.0103982
0.00874979
0.00787248
0.0069375
0.00646181
0.00607825
0.00576908
0.00546119
0.00533872
0.00521834
0.00508508
0.00503715
0.00499115
0.00494901
0.00492232
0.00489788
0.00488758
0.00487298
0.00485967
0.00485617
0.0048462
0.00483769
0.00483546
0.0048332
0.0048273
0.00482226
0.00481918
0.00481373
0.00481006
0.00480764
0.00480412
0.00479931
0.00479477
0.00479101
0.004788
0.00478396
0.00477781
0.00477089
0.00476468
0.00475936
0.00475521
0.0047507
0.00474509
0.00473812
0.00473001
0.0047214
0.00471424
0.00470869
0.00463524
0.0113426
0.00994424
0.00843139
0.00766088
0.00672343
0.00634622
0.0059748
0.00564917
0.0053849
0.00528455
0.00515439
0.00506577
0.0050238
0.00497553
0.00494489
0.00492077
0.00489732
0.0048862
0.0048715
0.00486237
0.00485762
0.00484948
0.00484743
0.00484492
0.00483966
0.00483596
0.00483219
0.00483004
0.0048275
0.00482385
0.004822
0.00481971
0.0048159
0.00481189
0.004808
0.00480465
0.00480203
0.00479845
0.00479315
0.00478709
0.00478103
0.00477587
0.00477173
0.0047677
0.00476279
0.00475666
0.00474915
0.00474123
0.00473186
0.0046357
0.0104922
0.00910089
0.00775046
0.0071415
0.00640753
0.00611292
0.00573655
0.00549761
0.00532549
0.00519676
0.00508949
0.00503178
0.00498616
0.00494585
0.00493
0.0049074
0.00489448
0.00488616
0.0048735
0.00486648
0.00485929
0.00485604
0.00485532
0.00484899
0.00484365
0.0048414
0.00483932
0.00483689
0.00483606
0.00483366
0.00482983
0.00482749
0.00482524
0.00482225
0.00481892
0.00481541
0.0048123
0.00480974
0.00480647
0.00480204
0.00479648
0.00479056
0.00478557
0.00478153
0.00477788
0.00477449
0.00477063
0.00476544
0.00475673
0.00463022
0.0102046
0.00884139
0.00758686
0.00697402
0.00625344
0.00592216
0.00557894
0.00540752
0.00525529
0.00515946
0.00506796
0.00501201
0.00496882
0.00493884
0.00492627
0.00490112
0.00488993
0.00488111
0.00487529
0.0048702
0.00486496
0.00486389
0.00485853
0.00485321
0.00485293
0.00485285
0.00485219
0.00484987
0.00484833
0.00484677
0.00484432
0.00484231
0.00484127
0.00483935
0.00483656
0.00483373
0.00483069
0.00482806
0.00482595
0.00482377
0.0048204
0.00481527
0.0048094
0.00480386
0.00479878
0.00479457
0.00479113
0.00478795
0.00478034
0.00462082
0.00928008
0.00807532
0.00721597
0.00659348
0.00605358
0.00573161
0.00545817
0.00529135
0.00517074
0.00509203
0.00502581
0.00497692
0.00494336
0.00492485
0.00491553
0.00489951
0.00488962
0.00488012
0.00487811
0.00487307
0.00486896
0.00486739
0.00486385
0.00486365
0.00486484
0.00486228
0.00485929
0.00485722
0.00485495
0.00485449
0.00485367
0.00485245
0.00485077
0.00484954
0.00484794
0.00484579
0.00484337
0.0048406
0.00483782
0.00483574
0.0048341
0.00483201
0.00482855
0.00482456
0.0048204
0.00481597
0.00481184
0.004809
0.00480106
0.00460685
0.00907489
0.00772624
0.00685721
0.00641991
0.00591291
0.00565867
0.00536597
0.00523478
0.00512432
0.00506518
0.00499894
0.00496586
0.00493568
0.00491222
0.00490257
0.00489815
0.00489084
0.00488072
0.00487951
0.00487756
0.00487503
0.00487345
0.00487372
0.00487334
0.00487057
0.00486876
0.00486888
0.0048689
0.00486895
0.00486892
0.00486921
0.00486851
0.00486687
0.00486581
0.00486532
0.00486436
0.00486281
0.00486113
0.00485885
0.00485589
0.00485335
0.00485177
0.00484989
0.00484705
0.00484379
0.00484009
0.00483593
0.00483208
0.00482303
0.00458935
0.0087216
0.00749835
0.00656922
0.00612146
0.00573988
0.00551056
0.0052711
0.00514833
0.00505363
0.00501959
0.00498139
0.00496026
0.00493063
0.00490849
0.00489816
0.0048939
0.00489253
0.00488605
0.00488269
0.00488212
0.00488297
0.00488127
0.00487953
0.00487802
0.00487613
0.00487688
0.00487845
0.00487926
0.00487911
0.0048784
0.00487762
0.00487768
0.00487772
0.004877
0.00487639
0.004876
0.00487519
0.00487425
0.00487325
0.00487215
0.00487054
0.00486908
0.00486809
0.0048667
0.00486483
0.00486287
0.00486051
0.00485733
0.00484899
0.00456742
0.00846213
0.00734287
0.00643724
0.00600205
0.00565508
0.00545386
0.00524098
0.00512903
0.00502535
0.00497731
0.00495154
0.00494032
0.00492428
0.00491006
0.00489825
0.00489203
0.0048914
0.00489016
0.00488862
0.00488601
0.00488581
0.00488478
0.00488447
0.00488549
0.00488754
0.00488937
0.00488995
0.00489094
0.00489177
0.00489241
0.00489295
0.0048935
0.00489414
0.00489443
0.00489415
0.00489428
0.00489437
0.00489389
0.00489305
0.0048924
0.00489128
0.00488952
0.00488786
0.00488678
0.00488568
0.00488455
0.00488353
0.00488227
0.00487603
0.00454175
0.00815524
0.00702545
0.00618866
0.00575581
0.00549177
0.00530848
0.00518856
0.00511743
0.00501797
0.0049674
0.00494331
0.00492264
0.0049122
0.0049094
0.00490045
0.00489463
0.00489217
0.00489141
0.00489121
0.00489038
0.00488998
0.00489093
0.00489349
0.00489495
0.00489648
0.00489662
0.00489796
0.00489924
0.00490071
0.00490272
0.00490333
0.00490453
0.00490533
0.00490587
0.00490612
0.00490655
0.00490751
0.0049085
0.00490917
0.00490955
0.00490974
0.00490962
0.00490895
0.00490833
0.00490777
0.00490708
0.00490645
0.00490604
0.00490256
0.00451309
0.00931066
0.0101893
0.0120084
0.0140391
0.0173851
0.0219965
0.0321904
0.0538331
0.158302
0.0722871
0.00919184
0.0101603
0.0120109
0.0140608
0.0165576
0.0213065
0.0317135
0.053622
0.156084
0.0716104
0.00901072
0.0099391
0.0116039
0.0130345
0.0161398
0.0211721
0.0302129
0.0499138
0.149966
0.0700775
0.00892156
0.00968555
0.0112374
0.0129341
0.0166134
0.0212324
0.0304386
0.0507513
0.149745
0.0695544
0.00883356
0.00964803
0.0110427
0.0127706
0.0166489
0.0209175
0.0289485
0.047424
0.146711
0.068353
0.00874515
0.00960489
0.0105809
0.0126384
0.0161358
0.0203607
0.0289456
0.0493752
0.150805
0.0679434
0.00896553
0.0096853
0.0109745
0.0131859
0.0164121
0.0207825
0.0292367
0.0494494
0.145748
0.0666663
0.00886294
0.009559
0.0111607
0.012673
0.0159107
0.0198947
0.0280098
0.0456684
0.125545
0.0647681
0.00891056
0.00971117
0.0113554
0.0131104
0.0156622
0.0207297
0.0299696
0.0511729
0.139098
0.0657898
0.00876455
0.009604
0.0109032
0.0131687
0.0154737
0.0203784
0.0295202
0.0519243
0.151084
0.067079
0.00868983
0.00993784
0.0110152
0.0131816
0.0159485
0.0201476
0.0286806
0.0486037
0.150982
0.0685097
0.00889726
0.00987894
0.0113078
0.0130259
0.0164668
0.0208727
0.0303261
0.0503945
0.150395
0.0691448
0.00930508
0.0101212
0.0117662
0.0134367
0.0170665
0.0214839
0.0307375
0.0512297
0.153492
0.0706578
0.00938065
0.0101464
0.0118003
0.0136645
0.0177062
0.0227259
0.0326527
0.0539562
0.155317
0.0716395
0.00968553
0.0105069
0.0121133
0.0138581
0.0176785
0.0228317
0.0334646
0.0551319
0.161859
0.0727844
0.0376377
0.0457174
0.0573066
0.0782546
0.121071
0.164259
0.188388
0.222536
0.292614
0.265601
0.0301387
0.036194
0.0435956
0.0548231
0.07545
0.128981
0.176227
0.193973
0.194843
0.0949223
0.0240553
0.0300529
0.0370679
0.0457368
0.0584726
0.0833245
0.151735
0.194678
0.185313
0.0929699
0.0202496
0.0236947
0.0288214
0.0371255
0.0483221
0.0687491
0.102561
0.193273
0.21193
0.091247
0.0184132
0.0216933
0.0261745
0.0316757
0.0396185
0.0545018
0.0822671
0.155332
0.219067
0.089646
0.0159053
0.0180456
0.0229316
0.0290643
0.037134
0.0491078
0.071542
0.132139
0.232386
0.0877581
0.0151617
0.0169507
0.0206196
0.0236631
0.0318932
0.0406476
0.0597944
0.10531
0.235996
0.0860833
0.013494
0.014894
0.0190691
0.0223777
0.0308233
0.0385174
0.0578711
0.0904003
0.22835
0.0842932
0.0129167
0.0143094
0.0177252
0.0196224
0.0263274
0.0331159
0.0492421
0.0811097
0.225653
0.0828699
0.011525
0.0128586
0.015556
0.0184543
0.0253186
0.0324049
0.0483665
0.0752059
0.20742
0.0810585
0.0112066
0.0122381
0.0150908
0.017701
0.0233051
0.0287046
0.0421976
0.0696778
0.202106
0.0798636
0.0104124
0.0117395
0.0143304
0.0162205
0.0210848
0.0279952
0.042208
0.0668033
0.187064
0.0778545
0.0102994
0.0116727
0.0129589
0.0150864
0.020755
0.0260619
0.0368972
0.0613905
0.182546
0.076868
0.0101625
0.0108593
0.0126525
0.0148254
0.0190983
0.0242128
0.0365219
0.0601961
0.170488
0.0749031
0.00949529
0.0104782
0.0124604
0.0143909
0.0182657
0.0233838
0.034006
0.0564595
0.166671
0.0740851
0.519408
0.523338
0.310359
0.213527
0.183135
0.15827
0.121476
0.083323
0.0625094
0.0489703
0.559072
0.910836
0.520691
0.263942
0.200713
0.176042
0.154203
0.122704
0.0955707
0.071989
0.58341
0.966648
0.866928
0.419002
0.244684
0.19593
0.175754
0.151347
0.130485
0.109527
0.590836
0.621191
0.904521
0.718311
0.345618
0.237635
0.202765
0.177288
0.155141
0.137509
0.67082
0.49653
0.79452
0.802108
0.596034
0.340238
0.269912
0.24116
0.212968
0.203393
0.808783
0.53631
0.675254
0.796733
0.7372
0.604575
0.502886
0.493724
0.46663
0.479241
0.959455
0.595883
0.659812
0.747028
0.76605
0.76663
0.763831
0.745612
0.709318
0.689119
1.08164
0.636473
0.642514
0.71762
0.750865
0.764419
0.767056
0.732884
0.695587
0.667141
1.15646
0.63727
0.614973
0.649761
0.680722
0.690422
0.665185
0.613061
0.590072
0.54685
1.18851
0.614878
0.559834
0.554509
0.565863
0.571378
0.572992
0.565637
0.55494
0.489722
1.1888
0.584904
0.510823
0.496831
0.515886
0.555748
0.575464
0.582912
0.563026
0.488722
1.1718
0.554262
0.488945
0.472885
0.4993
0.547983
0.564406
0.570718
0.561946
0.502295
1.13837
0.521221
0.460804
0.442361
0.488988
0.527615
0.551307
0.566105
0.563874
0.518392
1.09058
0.500109
0.443139
0.429563
0.467787
0.496306
0.547812
0.591165
0.589473
0.529345
1.05051
0.51636
0.446449
0.436769
0.461611
0.484766
0.566052
0.633812
0.612564
0.508106
1.01232
0.59049
0.47334
0.474094
0.492189
0.537547
0.67474
0.685506
0.620312
0.4194
0.973681
0.677452
0.555561
0.566749
0.596832
0.731448
0.771921
0.712377
0.516985
0.292328
0.926776
0.80735
0.714209
0.723171
0.820941
0.874879
0.806517
0.57464
0.296956
0.191991
0.875888
0.821833
0.796473
0.874996
0.986418
0.897812
0.591889
0.291896
0.187037
0.147052
0.799206
0.806892
0.921762
1.10247
0.979987
0.555914
0.283142
0.184644
0.143552
0.111232
0.752257
0.890438
1.24515
1.05499
0.505723
0.274657
0.190046
0.146763
0.113691
0.085162
0.70169
1.18028
1.03698
0.486161
0.270977
0.200422
0.159224
0.117303
0.087907
0.0675293
0.662831
0.967823
0.491865
0.272652
0.211697
0.175826
0.12997
0.0891855
0.0668281
0.0533122
0.583977
0.504083
0.282381
0.223519
0.194093
0.146027
0.0984129
0.0691144
0.0577866
0.0463639
0.265191
0.28377
0.233142
0.210478
0.170473
0.115061
0.0825485
0.0595092
0.0475327
0.0403575
0.0978692
0.220221
0.212541
0.191651
0.141382
0.0889238
0.0637765
0.0513506
0.0395736
0.0323091
0.095859
0.201276
0.206557
0.171209
0.0997145
0.0648368
0.047974
0.0393757
0.0329358
0.0270647
0.0939213
0.213454
0.206965
0.120807
0.073869
0.0540142
0.0418204
0.0335219
0.0280958
0.0242968
0.0919505
0.231338
0.184472
0.0901373
0.0617143
0.0448931
0.0358223
0.0283858
0.0233412
0.0201993
0.090141
0.244098
0.146692
0.0802797
0.0549938
0.0414773
0.0322732
0.0263728
0.0218215
0.0188164
0.0883517
0.248361
0.12716
0.0685386
0.0459046
0.035258
0.0273557
0.0229999
0.0185465
0.0163083
0.0866033
0.247643
0.0991964
0.0612057
0.043463
0.0340997
0.0253531
0.0216949
0.0176469
0.0157261
0.0849615
0.239238
0.0952443
0.0558983
0.0370051
0.0302037
0.0227356
0.0193323
0.0151775
0.0139969
0.083116
0.228991
0.0785398
0.0517918
0.0361657
0.0281104
0.0205679
0.018311
0.0144636
0.0128132
0.0812024
0.21294
0.0777265
0.0474361
0.0325918
0.0267493
0.0196324
0.0163132
0.0133774
0.012167
0.0798284
0.201068
0.0709906
0.0446696
0.0298853
0.0236155
0.0181203
0.015816
0.0127116
0.0111602
0.0784453
0.188659
0.0679831
0.0415376
0.0292644
0.0230771
0.0167922
0.0142066
0.0120696
0.0110352
0.0771028
0.182387
0.0620783
0.038445
0.0261511
0.0212013
0.0163623
0.0139044
0.0118067
0.0105407
0.0751102
0.172558
0.0624271
0.0377939
0.0254429
0.0195593
0.0149481
0.0128696
0.0109947
0.0101402
0.0741958
0.165762
0.05661
0.0350423
0.0242139
0.0191062
0.0148916
0.0127773
0.0108265
0.00988009
0.00212957
0.00213156
0.00213332
0.00213498
0.00213712
0.0021384
0.00214044
0.00214173
0.00214361
0.00214506
0.00214727
0.00214869
0.00215065
0.00215181
0.0021535
0.00215433
0.00215579
0.00215655
0.0021581
0.00215902
0.00216101
0.00216218
0.00216459
0.00216599
0.00427344
0.0045656
0.00455863
0.00455431
0.00454821
0.0045448
0.0045389
0.00453584
0.00453051
0.00452784
0.00452249
0.00451959
0.0045136
0.00451027
0.00450347
0.00449948
0.00449098
0.00448558
0.004474
0.00446651
0.00445025
0.00443967
0.00441696
0.00440242
0.00435821
0.0063
0.00457208
0.00456485
0.00455974
0.00455305
0.00454877
0.00454266
0.00453937
0.00453388
0.00453066
0.00452534
0.0045227
0.00451771
0.00451488
0.00450872
0.00450491
0.00449781
0.00449404
0.00448641
0.0044814
0.00447004
0.00446183
0.00444376
0.00443215
0.0043969
0.00629564
0.00458768
0.00458172
0.00457579
0.00456871
0.00456374
0.00455722
0.00455123
0.00454387
0.00453959
0.00453531
0.00453269
0.00452718
0.00452272
0.00451695
0.00451413
0.00450974
0.00450723
0.00450172
0.00449764
0.00448859
0.00448333
0.00447289
0.0044661
0.00444307
0.00628322
0.00460177
0.00459669
0.00459104
0.00458575
0.00458091
0.00457528
0.00456841
0.00456147
0.00455594
0.00455141
0.00454634
0.00453968
0.00453265
0.00452721
0.00452447
0.00452269
0.00451966
0.00451267
0.00450662
0.00450114
0.00449858
0.00449428
0.00449032
0.00447412
0.00627282
0.0046143
0.00460881
0.00460326
0.00459841
0.00459377
0.00458827
0.00458215
0.00457669
0.00457216
0.00456721
0.00456072
0.00455339
0.00454703
0.00454253
0.00453899
0.00453469
0.00452882
0.00452212
0.00451633
0.00451247
0.00451085
0.00450835
0.00450515
0.00449214
0.00627003
0.00462261
0.00461698
0.00461145
0.00460654
0.00460187
0.00459655
0.00459068
0.00458535
0.00458098
0.00457654
0.00457078
0.00456382
0.00455714
0.00455186
0.00454766
0.00454308
0.00453713
0.00453012
0.0045237
0.00451893
0.00451697
0.00451463
0.00451242
0.00450398
0.00626893
0.00463581
0.00463032
0.00462498
0.00462005
0.00461483
0.00460877
0.00460267
0.00459778
0.00459399
0.00458982
0.00458414
0.00457745
0.00457123
0.00456621
0.00456172
0.00455623
0.00454959
0.00454185
0.00453603
0.00453186
0.00453009
0.00452728
0.00452456
0.00451549
0.00627704
0.00470995
0.00471332
0.00471627
0.00471637
0.00471484
0.00470735
0.0046906
0.00467988
0.00467528
0.00467402
0.00467385
0.0046736
0.00467269
0.00466951
0.00465883
0.00464537
0.00463723
0.00463337
0.00463193
0.00463126
0.00463033
0.00462834
0.00462358
0.00460925
0.00657011
0.00617478
0.00644773
0.00698837
0.00717687
0.00717767
0.00708056
0.00673307
0.00651763
0.00649276
0.00656204
0.00686411
0.00708933
0.00712908
0.00711035
0.00698723
0.00678095
0.00670859
0.00671237
0.00679091
0.00698775
0.00707509
0.00708176
0.00705541
0.0069011
0.0134686
0.0197281
0.0220112
0.0250604
0.0259782
0.0259096
0.0250266
0.0221843
0.0204671
0.020194
0.0204533
0.0216471
0.0224858
0.0225901
0.0224462
0.0216368
0.0203138
0.0197701
0.0197139
0.0198362
0.0201916
0.0203053
0.0202832
0.0201028
0.0193433
0.0380935
0.0458359
0.0457867
0.045208
0.0427084
0.0391838
0.0374719
0.0371034
0.0372309
0.0375994
0.0376029
0.0373138
0.0360308
0.0338688
0.0325598
0.0320468
0.0319587
0.0319908
0.0319993
0.0318733
0.031261
0.0298427
0.028775
0.0282791
0.0282865
0.0613109
0.0460401
0.0447367
0.043502
0.0421893
0.0409571
0.039885
0.0388598
0.0378497
0.0368581
0.0360047
0.0351394
0.0343631
0.0335268
0.032777
0.0320667
0.0313229
0.0307463
0.0301281
0.0295647
0.0291041
0.0284408
0.0279511
0.0273258
0.0267889
0.0615245
0.0422623
0.040455
0.0402517
0.0407245
0.0413106
0.0412776
0.0408372
0.0390151
0.0363279
0.0348592
0.0344123
0.0344091
0.0345581
0.0345751
0.0343788
0.0334664
0.0317049
0.0305409
0.0300013
0.0298473
0.0298424
0.0298553
0.0298054
0.0291565
0.0613685
0.0284926
0.0254656
0.0212812
0.0199579
0.0199868
0.0210084
0.0232644
0.0241185
0.0241422
0.0237842
0.0221825
0.020603
0.0201633
0.0202025
0.0206705
0.021304
0.021438
0.0213785
0.0209964
0.0199887
0.0193979
0.0192592
0.0192833
0.0193924
0.040182
0.00723983
0.00691039
0.00647197
0.00633237
0.00634196
0.00650705
0.00695237
0.00715628
0.00717322
0.00712937
0.00690966
0.00668795
0.00663822
0.00666531
0.0068448
0.00707685
0.00714391
0.00713878
0.00707582
0.0068989
0.00680557
0.00679475
0.0068393
0.00691685
0.0144029
0.00473316
0.00472283
0.00470655
0.00469687
0.00469376
0.00469372
0.0046948
0.00469504
0.00469423
0.00469003
0.00467694
0.00466517
0.00465919
0.00465694
0.00465634
0.0046558
0.00465458
0.00465119
0.00464079
0.00462863
0.00462172
0.0046191
0.00461871
0.00461927
0.00665201
0.00463618
0.00463016
0.00462437
0.00461932
0.00461442
0.00460901
0.00460344
0.00459854
0.00459426
0.0045895
0.0045835
0.00457692
0.00457115
0.0045667
0.0045627
0.00455743
0.00455065
0.00454241
0.00453591
0.00453119
0.0045292
0.00452657
0.00452412
0.00451588
0.0062789
0.00462277
0.0046172
0.00461157
0.00460646
0.00460163
0.00459625
0.00459042
0.00458522
0.00458108
0.00457686
0.00457118
0.00456414
0.00455731
0.00455197
0.00454782
0.00454335
0.00453745
0.00453038
0.00452383
0.00451891
0.00451687
0.00451451
0.00451231
0.00450391
0.00626883
0.00461421
0.00460877
0.00460327
0.00459842
0.00459379
0.00458827
0.0045821
0.00457658
0.00457208
0.00456727
0.00456096
0.00455374
0.00454738
0.00454281
0.00453921
0.00453486
0.00452893
0.00452214
0.00451621
0.0045122
0.00451054
0.00450811
0.00450507
0.00449264
0.00626989
0.00460156
0.00459637
0.00459079
0.00458571
0.0045811
0.00457555
0.00456862
0.00456165
0.00455617
0.00455164
0.0045464
0.00453957
0.00453262
0.00452752
0.00452504
0.00452317
0.00451966
0.0045124
0.00450635
0.00450109
0.00449868
0.00449467
0.00449084
0.00447498
0.00627297
0.00458809
0.00458196
0.004576
0.00456859
0.00456357
0.0045574
0.00455146
0.00454407
0.00453995
0.00453563
0.00453274
0.00452701
0.00452249
0.00451676
0.0045139
0.00450972
0.00450731
0.00450202
0.0044979
0.0044887
0.00448346
0.00447318
0.00446652
0.0044438
0.0062831
0.00457149
0.00456441
0.00456003
0.00455289
0.0045485
0.00454288
0.00453964
0.0045338
0.00453049
0.00452526
0.0045227
0.00451769
0.00451491
0.00450896
0.00450538
0.00449805
0.00449416
0.00448632
0.00448137
0.00447031
0.0044622
0.00444408
0.00443222
0.00439669
0.00629583
0.00456565
0.00455869
0.00455436
0.00454825
0.00454483
0.00453891
0.00453583
0.00453048
0.0045278
0.00452244
0.00451954
0.00451355
0.00451022
0.0045034
0.0044994
0.00449085
0.00448543
0.0044738
0.00446633
0.00445011
0.00443959
0.00441699
0.00440253
0.00435862
0.00630029
0.00212959
0.00213156
0.00213335
0.00213497
0.00213714
0.00213837
0.00214039
0.00214168
0.00214363
0.00214511
0.00214734
0.00214872
0.00215065
0.00215173
0.00215339
0.00215421
0.00215571
0.00215649
0.00215809
0.00215905
0.00216109
0.00216228
0.00216471
0.00216612
0.00427396
)
;

boundaryField
{
    inlet
    {
        type            omegaWallFunction;
        value           nonuniform List<scalar> 
15
(
0.00493027
0.00496033
0.00498619
0.00500833
0.00502568
0.00503847
0.00504619
0.00504879
0.00504621
0.00503851
0.00502571
0.00500836
0.00498621
0.00496035
0.00493027
)
;
        Cmu             0.09;
        kappa           0.41;
        E               9.8;
        beta1           0.075;
    }
    outlet
    {
        type            omegaWallFunction;
        value           nonuniform List<scalar> 
25
(
0.00427344
0.0063
0.00629564
0.00628322
0.00627282
0.00627003
0.00626893
0.00627704
0.00657011
0.0134686
0.0380935
0.0613109
0.0615245
0.0613685
0.040182
0.0144029
0.00665201
0.0062789
0.00626883
0.00626989
0.00627297
0.0062831
0.00629583
0.00630029
0.00427396
)
;
        Cmu             0.09;
        kappa           0.41;
        E               9.8;
        beta1           0.075;
    }
    top
    {
        type            omegaWallFunction;
        value           nonuniform List<scalar> 
40
(
0.00456502
0.00457484
0.00459558
0.00461182
0.00462359
0.00463235
0.00463524
0.0046357
0.00463022
0.00462082
0.00460685
0.00458935
0.00456742
0.00454175
0.00451309
0.00212959
0.00213156
0.00213335
0.00213497
0.00213714
0.00213837
0.00214039
0.00214168
0.00214363
0.00214511
0.00214734
0.00214872
0.00215065
0.00215173
0.00215339
0.00215421
0.00215571
0.00215649
0.00215809
0.00215905
0.00216109
0.00216228
0.00216471
0.00216612
0.00427396
)
;
        Cmu             0.09;
        kappa           0.41;
        E               9.8;
        beta1           0.075;
    }
    bottom
    {
        type            omegaWallFunction;
        value           nonuniform List<scalar> 
40
(
0.00456508
0.00457477
0.00459552
0.00461177
0.00462359
0.00463231
0.00463519
0.00463564
0.00463022
0.00462084
0.00460686
0.00458934
0.00456748
0.00454184
0.00451312
0.00212957
0.00213156
0.00213332
0.00213498
0.00213712
0.0021384
0.00214044
0.00214173
0.00214361
0.00214506
0.00214727
0.00214869
0.00215065
0.00215181
0.0021535
0.00215433
0.00215579
0.00215655
0.0021581
0.00215902
0.00216101
0.00216218
0.00216459
0.00216599
0.00427344
)
;
        Cmu             0.09;
        kappa           0.41;
        E               9.8;
        beta1           0.075;
    }
    cylinder
    {
        type            omegaWallFunction;
        value           nonuniform List<scalar> 
70
(
0.0978692
0.095859
0.0939213
0.0919505
0.090141
0.0883517
0.0866033
0.0849615
0.083116
0.0812024
0.0798284
0.0784453
0.0771028
0.0751102
0.0741958
0.519408
0.559072
0.58341
0.590836
0.67082
0.808783
0.959455
1.08164
1.15646
1.18851
1.1888
1.1718
1.13837
1.09058
1.05051
1.01232
0.973681
0.926776
0.875888
0.799206
0.752257
0.70169
0.662831
0.583977
0.265191
0.265601
0.0949223
0.0929699
0.091247
0.089646
0.0877581
0.0860833
0.0842932
0.0828699
0.0810585
0.0798636
0.0778545
0.076868
0.0749031
0.0740851
0.0722871
0.0716104
0.0700775
0.0695544
0.068353
0.0679434
0.0666663
0.0647681
0.0657898
0.067079
0.0685097
0.0691448
0.0706578
0.0716395
0.0727844
)
;
        Cmu             0.09;
        kappa           0.41;
        E               9.8;
        beta1           0.075;
    }
    sides
    {
        type            empty;
    }
}


// ************************************************************************* //
