/*--------------------------------*- C++ -*----------------------------------*\
| =========                 |                                                 |
| \\      /  F ield         | OpenFOAM: The Open Source CFD Toolbox           |
|  \\    /   O peration     | Version:  2.3.1                                 |
|   \\  /    A nd           | Web:      www.OpenFOAM.org                      |
|    \\/     M anipulation  |                                                 |
\*---------------------------------------------------------------------------*/
FoamFile
{
    version     2.0;
    format      ascii;
    class       volScalarField;
    location    "1000";
    object      omega;
}
// * * * * * * * * * * * * * * * * * * * * * * * * * * * * * * * * * * * * * //

dimensions      [0 0 -1 0 0 0 0];

internalField   nonuniform List<scalar> 
4825
(
0.00493026
0.0049307
0.00493063
0.00493057
0.00493048
0.00493035
0.00493018
0.00492982
0.00492945
0.00492885
0.00492803
0.00492709
0.00492659
0.00492602
0.00492512
0.00492382
0.00492226
0.00492138
0.00492045
0.00491737
0.00491494
0.00491277
0.00491058
0.00490846
0.00490673
0.00490527
0.00490456
0.0049021
0.00489926
0.00489864
0.00489797
0.00489805
0.00489797
0.00489714
0.00489703
0.0048983
0.00490234
0.00490778
0.00491492
0.00493337
0.00495471
0.00499179
0.0050342
0.00512904
0.00524121
0.00539988
0.00574447
0.00607986
0.00675077
0.00776888
0.00496032
0.0049598
0.00495856
0.00495731
0.00495583
0.00495424
0.00495272
0.00495057
0.00494861
0.00494623
0.004944
0.00494155
0.00493888
0.00493687
0.00493441
0.0049304
0.00492725
0.00492534
0.00492227
0.00491802
0.00491561
0.00491286
0.00491037
0.00490833
0.0049074
0.00490631
0.00490515
0.0049027
0.00490089
0.00490033
0.00490021
0.00490033
0.00490059
0.00490179
0.0049035
0.00490761
0.0049142
0.00492482
0.00493516
0.00495844
0.00498637
0.00503662
0.00509013
0.00519391
0.00532533
0.00548513
0.00583444
0.00618947
0.00686661
0.00780597
0.00498618
0.00498476
0.00498169
0.00497841
0.00497546
0.00497222
0.00496876
0.00496531
0.0049616
0.00495808
0.00495462
0.0049516
0.00494793
0.00494507
0.00494255
0.00493886
0.00493549
0.00493328
0.00493171
0.0049279
0.00492459
0.0049224
0.00491988
0.00491793
0.00491588
0.00491387
0.00491306
0.00491129
0.00490763
0.00490645
0.00490597
0.00490639
0.00490746
0.00491003
0.0049126
0.00491643
0.00492426
0.00493574
0.00494551
0.00496881
0.00499818
0.00505294
0.005108
0.00521953
0.00535536
0.00551712
0.0058737
0.00623037
0.00690858
0.00774415
0.00500831
0.00500614
0.00500167
0.00499669
0.00499269
0.00498829
0.00498355
0.00497968
0.00497454
0.00497078
0.00496645
0.00496236
0.00495862
0.00495516
0.00495191
0.00494775
0.00494355
0.00494058
0.0049383
0.00493362
0.00492984
0.00492696
0.00492354
0.00492134
0.00491844
0.00491581
0.00491492
0.00491372
0.00491006
0.00490858
0.00490841
0.00490871
0.00491051
0.00491354
0.00491869
0.00492182
0.00493247
0.00494454
0.00496176
0.00497954
0.00502305
0.00506551
0.00513971
0.00526556
0.00541115
0.00557421
0.00591654
0.00627248
0.00693238
0.00769082
0.00502566
0.00502288
0.0050173
0.00501101
0.00500579
0.00500091
0.00499446
0.00499038
0.00498421
0.00497948
0.00497444
0.00496963
0.00496543
0.00496097
0.00495742
0.00495335
0.00494757
0.00494428
0.0049412
0.00493748
0.00493265
0.00493005
0.00492594
0.00492411
0.00492215
0.00491852
0.00491709
0.00491657
0.00491503
0.0049134
0.0049136
0.00491395
0.00491584
0.00491854
0.00492586
0.00493138
0.00494126
0.00495517
0.00497887
0.00500062
0.00504791
0.00509072
0.00516619
0.00529192
0.00546725
0.00562277
0.005949
0.00630205
0.00698009
0.00772854
0.00503845
0.00503528
0.0050289
0.00502208
0.00501583
0.00501
0.00500324
0.00499801
0.00499179
0.00498634
0.00498128
0.00497579
0.00497093
0.00496607
0.00496145
0.00495788
0.00495182
0.00494788
0.00494419
0.00494129
0.00493667
0.0049327
0.00492908
0.00492608
0.00492459
0.00492165
0.00491922
0.00491852
0.00491711
0.00491568
0.0049158
0.00491657
0.00491829
0.0049212
0.00492798
0.00493565
0.00494431
0.00496386
0.00498692
0.00501104
0.00505904
0.0051222
0.0051845
0.00530469
0.00549821
0.00565666
0.00596305
0.00632645
0.00694252
0.00776131
0.00504618
0.00504268
0.00503564
0.00502827
0.00502141
0.00501478
0.00500798
0.00500195
0.0049956
0.00498966
0.00498425
0.00497857
0.00497338
0.00496814
0.00496337
0.0049597
0.00495369
0.0049491
0.00494536
0.00494288
0.00493801
0.00493378
0.00493099
0.00492668
0.00492504
0.00492344
0.00492022
0.00491958
0.00491788
0.00491742
0.00491753
0.00491877
0.00492062
0.00492448
0.00493286
0.00494048
0.00495057
0.00497459
0.00499569
0.00502215
0.00509065
0.0051408
0.00523804
0.00532452
0.00550145
0.00577597
0.00596857
0.00642672
0.00690699
0.00775935
0.00504878
0.0050452
0.00503797
0.00503047
0.00502341
0.0050164
0.00500982
0.00500329
0.00499714
0.00499101
0.00498541
0.00497983
0.00497443
0.00496887
0.00496428
0.00496019
0.00495501
0.00494915
0.00494596
0.00494376
0.00493878
0.0049343
0.00493189
0.0049276
0.00492512
0.00492392
0.00492119
0.00492021
0.00491849
0.0049174
0.00491801
0.00491905
0.0049217
0.00492656
0.00493097
0.00494454
0.00495453
0.00496945
0.00500349
0.00502577
0.00508497
0.00513528
0.00524151
0.00533636
0.00547401
0.005791
0.00598197
0.0064339
0.006887
0.00765357
0.0050462
0.00504271
0.00503555
0.0050285
0.00502135
0.00501451
0.00500818
0.00500169
0.00499567
0.00498998
0.00498398
0.00497905
0.00497311
0.00496808
0.00496349
0.00495904
0.0049541
0.00494852
0.00494566
0.00494312
0.00493757
0.0049348
0.00493054
0.00492776
0.00492449
0.00492312
0.00492099
0.00491963
0.00491731
0.00491657
0.00491733
0.00491806
0.00492101
0.00492506
0.00492959
0.00494432
0.00495296
0.0049684
0.0050031
0.00503581
0.00506498
0.00514636
0.00522142
0.0053713
0.00551083
0.00568574
0.00605744
0.00641457
0.00699852
0.00770947
0.0050385
0.00503532
0.00502864
0.0050226
0.00501572
0.00500942
0.00500365
0.00499754
0.00499201
0.0049869
0.00498089
0.00497651
0.00497052
0.00496596
0.00496147
0.00495705
0.00495215
0.00494719
0.00494465
0.00494147
0.00493653
0.00493375
0.00492954
0.0049267
0.00492371
0.00492239
0.00492028
0.00491778
0.00491509
0.00491462
0.00491459
0.00491515
0.00491742
0.00492077
0.00492754
0.00493735
0.00494531
0.00496431
0.00498919
0.00501204
0.00506268
0.00511606
0.00521741
0.00530955
0.00549242
0.00565619
0.006014
0.00634173
0.00698169
0.00764287
0.0050257
0.00502292
0.00501681
0.00501234
0.00500547
0.00500001
0.00499491
0.00498926
0.00498454
0.00497998
0.00497466
0.00497069
0.0049648
0.00496101
0.00495664
0.00495259
0.00494741
0.00494391
0.00494184
0.0049375
0.00493387
0.00493073
0.00492676
0.00492334
0.004922
0.00492062
0.00491774
0.00491435
0.00491226
0.0049122
0.00491232
0.00491322
0.00491552
0.00491829
0.00492476
0.00492992
0.00493878
0.00496158
0.00497833
0.0050031
0.00505857
0.00510348
0.00519142
0.00527959
0.00546513
0.00562883
0.0059662
0.00637187
0.00687119
0.00781436
0.00500834
0.00500617
0.00500147
0.00499769
0.00499207
0.00498798
0.00498345
0.0049789
0.00497509
0.00497089
0.00496681
0.00496304
0.00495864
0.00495511
0.00495136
0.00494725
0.00494275
0.00494045
0.00493809
0.00493428
0.00493091
0.00492783
0.00492392
0.00492097
0.00491963
0.0049166
0.00491359
0.00491025
0.00490928
0.00490865
0.00490785
0.00490815
0.00490959
0.0049114
0.00491608
0.00492081
0.0049309
0.00495289
0.00496498
0.00498878
0.00504192
0.00508211
0.00515883
0.00526654
0.00539956
0.00563315
0.00591517
0.00634213
0.00684055
0.00799423
0.0049862
0.00498477
0.00498172
0.00497893
0.004975
0.00497192
0.00496835
0.0049651
0.00496179
0.00495858
0.00495531
0.0049516
0.00494832
0.00494463
0.004942
0.00493862
0.00493461
0.00493276
0.00493124
0.00492802
0.00492569
0.00492368
0.00492052
0.00491857
0.00491722
0.00491388
0.00491094
0.00490835
0.00490761
0.0049062
0.00490499
0.00490513
0.00490582
0.00490727
0.00491055
0.00491418
0.00492585
0.00493883
0.00494871
0.00497329
0.00501354
0.00504671
0.00511935
0.00523524
0.00534911
0.00559317
0.00586649
0.00626775
0.00681564
0.0079186
0.00496034
0.00495982
0.00495863
0.00495738
0.00495579
0.00495418
0.00495223
0.0049506
0.00494865
0.00494667
0.00494466
0.00494148
0.00493892
0.00493649
0.00493388
0.00493005
0.00492706
0.00492525
0.00492239
0.00491836
0.00491587
0.00491368
0.00491125
0.00491
0.00490822
0.00490518
0.00490269
0.00490174
0.00490117
0.00489969
0.00489854
0.00489865
0.00489929
0.00490121
0.0049043
0.0049079
0.00491851
0.00492987
0.00493969
0.00496486
0.00499528
0.00502983
0.00509816
0.00520451
0.00531746
0.0055575
0.00581664
0.00623177
0.00689818
0.00790175
0.00493026
0.00493069
0.00493062
0.00493055
0.00493046
0.00493031
0.00493001
0.00492975
0.00492941
0.00492909
0.00492844
0.00492743
0.00492671
0.00492586
0.00492458
0.00492283
0.00492158
0.00492062
0.00491985
0.0049178
0.00491546
0.0049138
0.0049112
0.00490969
0.00490821
0.00490549
0.00490274
0.00490119
0.00489965
0.00489792
0.00489617
0.00489563
0.00489582
0.00489661
0.00489883
0.00490056
0.00490706
0.00491172
0.00491927
0.00494118
0.00496409
0.00499059
0.00504718
0.00513376
0.00522839
0.00543954
0.00568968
0.00614
0.00694981
0.00804605
0.00456507
0.00456998
0.00457124
0.0045848
0.00459961
0.00461283
0.00462434
0.00463412
0.00464274
0.00465122
0.00466058
0.00467107
0.00468189
0.00469152
0.00469883
0.00470512
0.00471267
0.00472132
0.00472936
0.00473661
0.00474332
0.00475033
0.00475837
0.00476603
0.00477342
0.00478101
0.00479087
0.00480032
0.00481052
0.00482388
0.00483922
0.00486324
0.00489516
0.00493001
0.0049929
0.00507065
0.0051692
0.0053279
0.00551612
0.00577237
0.00607008
0.00648239
0.00710715
0.00774576
0.00860676
0.0097314
0.0116213
0.0147804
0.0209823
0.0289015
0.00457476
0.00460466
0.00461309
0.00462543
0.00463625
0.00464516
0.00465311
0.00466084
0.00466905
0.0046784
0.00468871
0.00469899
0.00470734
0.00471392
0.00471969
0.00472607
0.00473416
0.00474216
0.00474854
0.00475429
0.00476018
0.00476706
0.00477395
0.00478055
0.00478719
0.0047951
0.00480434
0.00481273
0.00482581
0.00484006
0.00485605
0.0048846
0.0049185
0.00495991
0.005031
0.00510993
0.00522242
0.00538417
0.00557203
0.00582973
0.00613616
0.00654098
0.00711545
0.00770984
0.00851456
0.00953725
0.0112187
0.0135023
0.0167488
0.0229694
0.0045955
0.00462367
0.00463092
0.00464089
0.00464923
0.00465666
0.00466392
0.00467161
0.00468026
0.0046902
0.00470081
0.00471015
0.00471695
0.0047225
0.0047282
0.00473511
0.00474329
0.00475043
0.00475616
0.00476148
0.00476724
0.00477407
0.00478006
0.00478621
0.0047925
0.0048
0.00480803
0.00481617
0.00483065
0.00484358
0.00485732
0.00488338
0.00490811
0.00494254
0.004999
0.00505469
0.00513996
0.00525507
0.00538432
0.00555603
0.00582458
0.00609026
0.00647436
0.00694777
0.00763983
0.0084348
0.00976435
0.0115946
0.0145642
0.0189296
0.00461176
0.00465724
0.00465988
0.00466542
0.00467168
0.00467842
0.00468605
0.00469494
0.00470509
0.00471563
0.00472385
0.0047297
0.00473483
0.00473959
0.00474622
0.00475454
0.0047615
0.00476613
0.00477111
0.00477598
0.00478181
0.00478769
0.00479193
0.00479748
0.00480368
0.0048107
0.00481573
0.00482378
0.00483664
0.00484856
0.00485941
0.00488154
0.00490524
0.00493795
0.00498943
0.00503877
0.00511312
0.00521695
0.00532834
0.0054634
0.00572487
0.0059665
0.00629512
0.00672443
0.00739105
0.00811359
0.00933035
0.0109075
0.013295
0.0164555
0.00462358
0.00467173
0.00467252
0.00467724
0.00468379
0.00469198
0.00470143
0.00471158
0.00472144
0.00472913
0.00473445
0.00473913
0.00474427
0.00475034
0.00475801
0.00476567
0.00477029
0.00477411
0.00477888
0.00478402
0.00478998
0.00479441
0.00479827
0.0048036
0.0048103
0.00481725
0.00482186
0.00483002
0.00483918
0.00485095
0.00486522
0.00488074
0.00490476
0.00493359
0.00496731
0.0050059
0.00505264
0.00514367
0.00523726
0.0053272
0.00551618
0.0057428
0.00604327
0.0063499
0.00692475
0.0074992
0.00851263
0.00963298
0.0117649
0.0149008
0.0046323
0.00469248
0.00469538
0.00470163
0.00471016
0.00471965
0.00472906
0.00473755
0.00474406
0.00474864
0.00475289
0.00475779
0.00476404
0.00477122
0.00477789
0.00478238
0.00478598
0.00479025
0.00479448
0.00479953
0.00480377
0.004807
0.00481091
0.00481533
0.00482002
0.0048243
0.00483164
0.00484032
0.00484302
0.00485289
0.00486793
0.00487821
0.00489577
0.0049239
0.00494648
0.00498961
0.00503204
0.0051147
0.00520071
0.00528629
0.00544555
0.0056392
0.00595419
0.00621644
0.00675646
0.00727525
0.00824195
0.00918787
0.0109453
0.0128676
0.00463517
0.00470858
0.00471416
0.00472136
0.00473
0.0047381
0.00474515
0.0047508
0.00475525
0.00475934
0.00476467
0.00477083
0.00477744
0.00478405
0.00478856
0.00479112
0.00479465
0.00479939
0.00480372
0.00480818
0.00481074
0.00481383
0.00481798
0.00482234
0.00482563
0.00482885
0.00483694
0.00484546
0.00485019
0.00485446
0.00486825
0.00487852
0.00489185
0.00492117
0.00493848
0.0049734
0.00501187
0.0050463
0.00512039
0.00520521
0.00533587
0.00544054
0.00569852
0.00597095
0.00638693
0.00684343
0.0076606
0.00838457
0.0103182
0.0121972
0.00463563
0.00473176
0.00474119
0.00474914
0.00475671
0.0047628
0.00476774
0.00477172
0.00477578
0.00478084
0.00478704
0.00479315
0.00479832
0.00480215
0.00480526
0.00480806
0.0048115
0.00481551
0.00482008
0.00482231
0.0048242
0.00482721
0.00483033
0.00483413
0.00483684
0.00483894
0.00484197
0.00484779
0.00485595
0.00486035
0.00486814
0.00487936
0.00488791
0.00490612
0.00492163
0.0049431
0.00497941
0.00502027
0.00509412
0.00515902
0.00529376
0.00538771
0.00559828
0.00589257
0.00625035
0.00670261
0.00745552
0.00803703
0.00945503
0.0107864
0.00463021
0.00475677
0.00476551
0.00477064
0.00477451
0.00477787
0.00478149
0.0047855
0.00479051
0.00479641
0.00480204
0.00480664
0.00480999
0.00481248
0.00481505
0.00481865
0.00482221
0.00482577
0.00482839
0.00482952
0.00483229
0.00483549
0.00483745
0.00483995
0.00484411
0.00484957
0.00485037
0.0048512
0.00485824
0.00486497
0.0048682
0.00487732
0.0048844
0.00489945
0.00491728
0.00493381
0.00496686
0.00500382
0.00506869
0.0050874
0.00517364
0.00531063
0.0054365
0.00572299
0.00598867
0.00636995
0.0069831
0.00754662
0.00879702
0.0104297
0.00462083
0.00478042
0.00478799
0.00479111
0.00479452
0.00479876
0.00480383
0.00480939
0.00481533
0.00482045
0.00482378
0.00482591
0.00482843
0.00483079
0.00483326
0.00483616
0.00483969
0.00484203
0.00484264
0.00484424
0.00484688
0.00484877
0.00485018
0.00485092
0.00485236
0.00485553
0.0048597
0.00485994
0.00486046
0.00486669
0.00486954
0.00487632
0.0048848
0.00489697
0.00490869
0.00491952
0.00494558
0.00496904
0.00501815
0.0050648
0.00510436
0.00524076
0.00538136
0.00564064
0.00590632
0.00625838
0.00681102
0.00740462
0.00845421
0.00966942
0.00460685
0.00480104
0.00480896
0.00481186
0.00481599
0.0048204
0.00482463
0.00482862
0.0048321
0.00483421
0.00483578
0.00483773
0.00484049
0.00484333
0.00484592
0.00484837
0.00485002
0.00485038
0.00485134
0.00485378
0.00485525
0.0048559
0.00485749
0.0048591
0.00485896
0.00485973
0.00486316
0.0048664
0.00486751
0.00487118
0.00487216
0.00487611
0.00488561
0.00489329
0.00489761
0.00490886
0.00493768
0.0049544
0.00497573
0.00502944
0.00508001
0.0051927
0.0052975
0.0054577
0.00568924
0.00590492
0.0064305
0.00702487
0.00792194
0.00937065
0.00458933
0.00482302
0.00483209
0.00483595
0.00484013
0.00484378
0.00484711
0.00484985
0.00485174
0.00485333
0.00485592
0.00485898
0.00486114
0.00486253
0.00486456
0.00486587
0.00486612
0.00486647
0.00486796
0.00486876
0.004869
0.00486954
0.00486999
0.00487032
0.00487102
0.00486954
0.00486814
0.00486988
0.00487302
0.00487443
0.00487575
0.00487991
0.00488586
0.00488739
0.00489374
0.00490634
0.00492715
0.00494732
0.00495818
0.00498989
0.00503351
0.00514352
0.00521797
0.00533607
0.00552525
0.00579536
0.006292
0.00692157
0.00780115
0.0090636
0.00456746
0.00484905
0.00485738
0.00486051
0.00486288
0.00486481
0.00486672
0.00486804
0.00486911
0.00487054
0.00487226
0.00487345
0.00487416
0.00487518
0.00487606
0.00487638
0.00487689
0.00487777
0.00487821
0.004878
0.00487812
0.00487818
0.00487792
0.0048775
0.00487821
0.00487994
0.00487887
0.00487855
0.00487767
0.00487727
0.00488021
0.00488334
0.0048843
0.00488592
0.00489387
0.0049073
0.00491407
0.00492189
0.00493422
0.00496792
0.00500765
0.00507884
0.00514568
0.0052922
0.00547241
0.00574689
0.00601825
0.00656834
0.00737865
0.00849123
0.00454183
0.0048761
0.00488229
0.00488354
0.00488458
0.00488568
0.00488673
0.00488786
0.00488955
0.00489127
0.00489237
0.00489299
0.00489393
0.00489467
0.00489441
0.00489371
0.00489396
0.00489417
0.00489386
0.00489331
0.0048929
0.00489211
0.00489134
0.0048904
0.00488858
0.00488786
0.00488804
0.00488815
0.00488734
0.00488629
0.00488685
0.00488521
0.00488564
0.00488998
0.0048961
0.00490103
0.00490269
0.00491167
0.00492952
0.00496154
0.00500331
0.00505522
0.00511475
0.00519915
0.00531494
0.00557423
0.00587078
0.00644342
0.00726385
0.00842232
0.00451311
0.00490261
0.00490604
0.00490648
0.00490708
0.00490778
0.00490831
0.00490893
0.00490954
0.00490971
0.00490953
0.0049092
0.00490875
0.00490783
0.00490675
0.0049061
0.00490575
0.00490492
0.00490341
0.00490254
0.00490153
0.00490062
0.00489932
0.00489841
0.00489719
0.00489634
0.0048954
0.00489449
0.00489478
0.00489425
0.0048934
0.00489217
0.0048925
0.00489475
0.00489485
0.0048977
0.00490167
0.00491031
0.00492858
0.004946
0.00496807
0.00500144
0.00504735
0.00514293
0.00526106
0.00551429
0.00585268
0.00627734
0.00693377
0.00795332
0.0356726
0.0255534
0.0184521
0.0141327
0.0114666
0.00990557
0.00867617
0.00779846
0.0071237
0.00653537
0.00613509
0.00585155
0.00561099
0.00536953
0.00521584
0.00510496
0.00501557
0.00495445
0.00490756
0.00487018
0.00484418
0.00482439
0.00481112
0.00480088
0.00478958
0.00477959
0.00477091
0.00476298
0.00475441
0.00474673
0.00473972
0.00473262
0.00472505
0.00471653
0.00470853
0.00470139
0.00469519
0.00468701
0.00467661
0.00466607
0.00465608
0.00464718
0.00463851
0.00462976
0.00461965
0.00460764
0.0045934
0.00457855
0.00456657
0.00457661
0.0471999
0.0320944
0.0234792
0.0173521
0.0135808
0.0114958
0.0100072
0.00888172
0.00802036
0.00731148
0.00671825
0.00619997
0.00585849
0.00563407
0.00547145
0.0053083
0.00514739
0.00503577
0.00496206
0.00491218
0.00487871
0.00485107
0.00483019
0.00481524
0.00480269
0.00479044
0.00477911
0.00477024
0.00476125
0.00475284
0.00474462
0.00473795
0.00473022
0.00472292
0.00471436
0.00470644
0.00469871
0.00469281
0.00468538
0.00467591
0.00466572
0.00465487
0.00464608
0.00463643
0.00462835
0.00462051
0.00460727
0.00459682
0.00457357
0.00457064
0.073839
0.0465732
0.0311065
0.022049
0.0171278
0.0138536
0.0116031
0.0101801
0.00913887
0.00812933
0.00727182
0.00674826
0.00641357
0.00611583
0.00579367
0.005543
0.00536023
0.00521293
0.00508859
0.00499489
0.00493432
0.00489232
0.00486188
0.00483945
0.00482252
0.00480895
0.00479606
0.00478434
0.00477336
0.00476328
0.00475407
0.00474569
0.00473855
0.00473021
0.00472309
0.00471398
0.00470607
0.00469734
0.00469117
0.00468289
0.00467474
0.0046652
0.00465503
0.00464625
0.0046343
0.00462879
0.00461694
0.00461035
0.00459615
0.0045771
0.101271
0.0673943
0.0446565
0.0303845
0.022083
0.016898
0.013985
0.0118587
0.0101681
0.00894819
0.00831747
0.00781655
0.007135
0.0065423
0.00616381
0.00595797
0.00574744
0.00549902
0.005289
0.005147
0.00504716
0.00497575
0.00492315
0.00488477
0.0048568
0.00483601
0.00481868
0.00480312
0.00478929
0.00477648
0.00476553
0.00475467
0.00474628
0.00473762
0.00473029
0.00472254
0.00471462
0.00470667
0.00469741
0.00469168
0.00468197
0.00467581
0.00466511
0.00465775
0.00464604
0.00463654
0.00462744
0.00461687
0.00460993
0.00459277
0.168711
0.12621
0.0865188
0.054831
0.034912
0.023848
0.017814
0.0141976
0.0120995
0.0109483
0.0100055
0.00877212
0.00786109
0.00738278
0.00696946
0.00651803
0.00616838
0.00589777
0.00570165
0.00549835
0.00529764
0.0051563
0.00505594
0.00498332
0.00493083
0.00489285
0.00486431
0.00484062
0.00482077
0.00480292
0.00478715
0.00477256
0.00476
0.00474943
0.00473904
0.00473137
0.00472187
0.00471554
0.00470549
0.00469929
0.00469009
0.0046832
0.00467493
0.00466673
0.00465898
0.00464763
0.00464037
0.00462742
0.00462108
0.004607
0.439978
0.395871
0.297961
0.183623
0.101436
0.0527077
0.0297575
0.0198266
0.0153894
0.0132453
0.0113453
0.0100952
0.00957075
0.00876074
0.00792886
0.00745566
0.00711454
0.006721
0.00634075
0.00604335
0.00578577
0.00557057
0.00539462
0.0052361
0.00511767
0.00503341
0.00497274
0.00492783
0.00489302
0.00486374
0.0048372
0.0048139
0.00479147
0.00477463
0.00475851
0.00474718
0.00473511
0.00472633
0.00471588
0.00470724
0.00469898
0.0046895
0.00468295
0.00467275
0.00466726
0.00465635
0.00465071
0.00463881
0.00463233
0.00462001
0.64731
0.61766
0.582946
0.523558
0.389813
0.193407
0.0885103
0.0420996
0.0244483
0.0172252
0.0140934
0.0129247
0.0113695
0.010181
0.00971439
0.00917851
0.00843198
0.00783557
0.00745204
0.00724746
0.00718067
0.00707726
0.00676754
0.00630864
0.00588222
0.00554234
0.00532277
0.00519045
0.00510337
0.0050405
0.00498287
0.00493072
0.00488465
0.00485029
0.00481895
0.00479226
0.00476994
0.00475203
0.00473838
0.00472459
0.00471543
0.00470301
0.00469555
0.00468358
0.0046769
0.0046653
0.00465902
0.00464748
0.00464025
0.00462866
0.613177
0.55078
0.535885
0.547866
0.537287
0.480708
0.301766
0.130761
0.0576221
0.0295017
0.0197119
0.0156364
0.0134488
0.0127107
0.0118201
0.010796
0.0103296
0.0103856
0.01111
0.01354
0.0179287
0.0205596
0.0208957
0.0180337
0.0141163
0.0103455
0.00785213
0.00652809
0.00590397
0.00560022
0.0054194
0.00530548
0.00523387
0.00518867
0.00515203
0.00509123
0.00500508
0.00491316
0.00484635
0.00479741
0.0047703
0.00474648
0.00473284
0.00471654
0.00470508
0.00468876
0.00467853
0.00466375
0.00465554
0.0046417
0.466093
0.382624
0.349284
0.360988
0.456155
0.496032
0.462449
0.335544
0.154242
0.0670942
0.0337205
0.0215879
0.0180119
0.0158216
0.014134
0.0137988
0.0146054
0.0185143
0.0301767
0.0576298
0.0826203
0.0947158
0.0964905
0.0938945
0.083943
0.054282
0.0305228
0.0173115
0.0106874
0.00778362
0.00676508
0.00665904
0.00696195
0.00793291
0.00933473
0.00986941
0.00920289
0.00785115
0.00657844
0.00570914
0.00525928
0.00508946
0.00505512
0.00505828
0.00507492
0.00502096
0.00493086
0.00481627
0.00476436
0.00471018
0.381038
0.289512
0.259461
0.265627
0.331688
0.462862
0.474169
0.438185
0.308961
0.154659
0.0684571
0.0356786
0.0243912
0.019344
0.0183343
0.0200432
0.0299008
0.0625348
0.108529
0.133481
0.138021
0.134946
0.129118
0.128877
0.128608
0.123837
0.108732
0.0684575
0.0346122
0.0175266
0.0121583
0.012486
0.0182139
0.0352404
0.0458873
0.0480244
0.0470819
0.041764
0.0271278
0.0162401
0.01076
0.00916609
0.00929877
0.0101185
0.0113667
0.0116472
0.010469
0.00807915
0.00692462
0.006137
0.371429
0.259253
0.220686
0.226688
0.283549
0.409793
0.460483
0.448174
0.383415
0.241332
0.133414
0.0684726
0.0363227
0.0262331
0.0269209
0.0418747
0.100943
0.154738
0.167717
0.158291
0.1219
0.099153
0.0948914
0.100231
0.120089
0.128222
0.126987
0.118834
0.0910011
0.0477689
0.0314318
0.0345653
0.059865
0.0789186
0.0820829
0.0816217
0.0805147
0.0778087
0.0709527
0.0512701
0.0338694
0.0302641
0.0326835
0.0406339
0.0437738
0.0436038
0.0415348
0.032366
0.022961
0.0191727
0.373073
0.252554
0.198028
0.202358
0.261428
0.371156
0.435795
0.435173
0.388863
0.271723
0.170601
0.0975838
0.053192
0.0405298
0.048724
0.110007
0.18172
0.201571
0.193949
0.14841
0.0979429
0.0778734
0.0785322
0.0993493
0.130525
0.139531
0.137341
0.124673
0.0859724
0.0608225
0.0605089
0.0794452
0.0920907
0.0887738
0.0779182
0.0753889
0.0769842
0.0777665
0.0743236
0.0618232
0.0578916
0.0606311
0.0636529
0.0629831
0.0612134
0.0577807
0.0509377
0.0459032
0.0447543
0.0449825
0.374542
0.25495
0.17376
0.16988
0.222365
0.338624
0.410656
0.417403
0.376273
0.275091
0.183876
0.108911
0.0700603
0.0661951
0.088606
0.1664
0.212216
0.219067
0.209541
0.167468
0.102958
0.0698701
0.068205
0.0916395
0.129927
0.140264
0.134978
0.106076
0.0773023
0.0721532
0.0814294
0.0996978
0.10086
0.088129
0.0726787
0.0715902
0.0778774
0.0801796
0.0736965
0.0660857
0.0658842
0.066806
0.0643805
0.0588722
0.057658
0.0569294
0.0540016
0.0516144
0.0500176
0.047847
0.351216
0.249017
0.15375
0.130506
0.159449
0.271696
0.361275
0.381262
0.352563
0.270195
0.186484
0.117259
0.0845028
0.0821584
0.102658
0.168782
0.209862
0.217471
0.212124
0.189045
0.126547
0.0689072
0.0474774
0.0509491
0.0889427
0.122425
0.124084
0.105076
0.0827848
0.0795689
0.0859531
0.0983453
0.0994443
0.0939448
0.0727202
0.0622771
0.0649815
0.0745439
0.0747955
0.0707324
0.0675275
0.0663224
0.0631884
0.05467
0.0513595
0.0521937
0.0536896
0.0533317
0.0520084
0.0470334
0.297693
0.198365
0.12581
0.0849627
0.0936247
0.176102
0.288989
0.333446
0.328721
0.279463
0.202517
0.139123
0.107715
0.102979
0.111809
0.155594
0.199534
0.208503
0.204952
0.187052
0.132214
0.0678851
0.0313351
0.0240227
0.0318361
0.0711789
0.102222
0.105945
0.100167
0.0938205
0.0940679
0.0955927
0.0941652
0.0885053
0.0695144
0.0416557
0.033941
0.0378036
0.0535692
0.061806
0.0629001
0.0619493
0.0584625
0.0458168
0.0299725
0.0248616
0.0250823
0.0277679
0.0294661
0.028779
0.243122
0.134458
0.0914925
0.0630443
0.05893
0.0796909
0.170668
0.261768
0.292334
0.288802
0.253308
0.193991
0.15421
0.139793
0.141323
0.166068
0.198831
0.198409
0.182491
0.124579
0.0593673
0.0273344
0.014996
0.0122315
0.0131833
0.0208249
0.0483859
0.0769082
0.0895106
0.0918596
0.0904355
0.0857193
0.0724944
0.0440106
0.0239925
0.0139246
0.0111788
0.0116121
0.01498
0.0205114
0.0220669
0.0217237
0.0179384
0.012324
0.00887272
0.00748269
0.00728538
0.00741099
0.00765429
0.00725532
0.178653
0.105175
0.0705588
0.0534278
0.0438279
0.0450359
0.0619869
0.114674
0.17994
0.218264
0.229277
0.22768
0.219219
0.21224
0.211723
0.209285
0.197511
0.160636
0.0862177
0.0415425
0.020586
0.0123822
0.00936708
0.00837282
0.00831547
0.00893214
0.0116952
0.0187461
0.02439
0.0259442
0.0251747
0.0198186
0.0140013
0.00978609
0.00727356
0.006052
0.00565516
0.0056411
0.00574939
0.00589539
0.00599789
0.00582698
0.00547955
0.00515442
0.00495373
0.00484646
0.00481854
0.00479537
0.00480101
0.00473705
0.123852
0.0836721
0.0587277
0.0467957
0.0372406
0.0326601
0.0333023
0.0397771
0.0565839
0.0867242
0.12165
0.146216
0.15582
0.155166
0.148085
0.120955
0.0696227
0.0379148
0.0204258
0.0123604
0.00899396
0.00773849
0.00726461
0.00686703
0.00656854
0.00645666
0.00648991
0.00665464
0.00685341
0.00689453
0.00653183
0.00598489
0.00551227
0.00520782
0.0050402
0.00494888
0.00489945
0.00486166
0.00483699
0.00481167
0.00478964
0.00475975
0.0047374
0.00471472
0.00470131
0.00468588
0.00467747
0.00466447
0.0046565
0.00464244
0.0994354
0.0635614
0.0447832
0.0359842
0.0317457
0.0270712
0.0240978
0.0233389
0.0239131
0.0262225
0.0312992
0.0367699
0.0387543
0.0359334
0.0293738
0.0212006
0.0142516
0.0101901
0.0081742
0.00727041
0.00675468
0.00636891
0.00618959
0.00605645
0.0058173
0.00557243
0.00539733
0.00526356
0.005155
0.00506249
0.0049782
0.0049124
0.00486372
0.00483176
0.00480732
0.00478781
0.00477028
0.00475455
0.00474172
0.00472701
0.00471675
0.00470317
0.00469511
0.00468299
0.00467656
0.00466509
0.00465892
0.00464737
0.00464021
0.00462864
0.075044
0.0492972
0.0366474
0.0286105
0.0243731
0.022275
0.0199989
0.0177527
0.0160942
0.0147987
0.0137522
0.012708
0.0115483
0.0102697
0.00898099
0.00790359
0.00719298
0.00672409
0.00635025
0.00612344
0.00597966
0.00578194
0.0055613
0.00538591
0.00524105
0.00511695
0.00502131
0.00495049
0.00489693
0.00485672
0.00482606
0.00480405
0.0047856
0.0047721
0.00475811
0.00474764
0.00473587
0.00472676
0.00471633
0.00470737
0.00469913
0.00468943
0.00468308
0.00467287
0.00466733
0.00465631
0.00465064
0.00463866
0.00463225
0.00461987
0.0580847
0.0425426
0.0315125
0.0252115
0.0210547
0.0180039
0.0160194
0.0146006
0.0130547
0.0114517
0.0101524
0.00909125
0.0081641
0.00745334
0.00691795
0.00645468
0.00611534
0.00590788
0.00572825
0.00549777
0.00533907
0.00523207
0.00513584
0.0050515
0.00498147
0.00492377
0.00487732
0.00484226
0.00481687
0.00479778
0.00478298
0.00477039
0.00475932
0.00474962
0.00473942
0.00473161
0.00472172
0.0047153
0.00470533
0.00469921
0.00469006
0.00468308
0.00467488
0.00466639
0.00465889
0.00464776
0.00464059
0.00462751
0.00462108
0.00460697
0.0451045
0.0332169
0.0268394
0.0217023
0.018509
0.0161058
0.0136966
0.0117596
0.0104698
0.00939241
0.00840838
0.00763928
0.0069787
0.00648113
0.00613684
0.00584899
0.00558013
0.00539361
0.00526287
0.00516175
0.00507931
0.00501127
0.00495748
0.00491328
0.00487526
0.004844
0.00481916
0.00480011
0.00478586
0.00477404
0.00476459
0.00475507
0.00474695
0.00473819
0.00473039
0.00472263
0.0047146
0.00470714
0.0046979
0.0046918
0.0046819
0.00467547
0.00466495
0.00465765
0.00464614
0.00463643
0.00462707
0.00461674
0.00460988
0.00459364
0.0395877
0.0283146
0.0221766
0.0176584
0.0146837
0.0128796
0.0117137
0.0104075
0.00898288
0.00787725
0.00707285
0.00651565
0.00611304
0.00577594
0.00554098
0.00537158
0.00524698
0.00516018
0.00508099
0.00501348
0.00495591
0.00491395
0.00488114
0.00485203
0.00482844
0.00480916
0.00479305
0.00478057
0.00477104
0.00476239
0.00475364
0.00474484
0.00473744
0.00472903
0.00472235
0.00471399
0.00470633
0.00469744
0.00469107
0.00468289
0.00467476
0.00466565
0.00465557
0.00464653
0.00463433
0.00462879
0.00461698
0.0046104
0.00459589
0.00457767
0.0328795
0.0246199
0.0190688
0.0154917
0.0130945
0.0110866
0.00966518
0.00867146
0.00785985
0.00711461
0.00648701
0.00599041
0.00565957
0.00543302
0.0052821
0.00518286
0.00510188
0.00502499
0.00496653
0.0049259
0.00489144
0.00486573
0.00484317
0.00482144
0.00480463
0.00479053
0.00477877
0.00476981
0.00476125
0.00475249
0.00474418
0.00473759
0.00472997
0.00472304
0.00471455
0.00470624
0.0046986
0.00469246
0.00468519
0.00467592
0.00466593
0.0046549
0.00464596
0.0046364
0.00462842
0.00462065
0.00460733
0.00459688
0.00457364
0.00457066
0.0295589
0.0210878
0.0172538
0.0142164
0.0119989
0.0102017
0.00887541
0.00766364
0.00685998
0.00629208
0.00589685
0.00560056
0.0053971
0.0052524
0.00513333
0.00504934
0.00499395
0.00495023
0.00491245
0.00487856
0.00485334
0.00483471
0.0048166
0.00480101
0.00478998
0.00477914
0.00477023
0.00476262
0.00475452
0.0047466
0.00473963
0.00473273
0.00472519
0.00471661
0.00470867
0.00470136
0.00469522
0.00468725
0.00467678
0.00466618
0.00465614
0.0046472
0.00463849
0.00462975
0.00461953
0.00460766
0.00459344
0.00457863
0.00456662
0.00457663
0.0262933
0.018675
0.014524
0.0118948
0.0100902
0.00875168
0.00774391
0.00683106
0.00627097
0.00583574
0.00553616
0.00532157
0.00518426
0.0050915
0.0050209
0.00496776
0.00493208
0.00489455
0.00486604
0.00484611
0.00482851
0.00481438
0.0048014
0.00479031
0.00478208
0.00477307
0.00476584
0.0047586
0.00475061
0.0047431
0.00473652
0.00472941
0.00472123
0.00471274
0.00470525
0.00469875
0.00469146
0.00468198
0.00467118
0.00466064
0.00465127
0.00464273
0.00463408
0.00462436
0.00461285
0.00459968
0.00458486
0.00457132
0.00456997
0.00456501
0.0219023
0.0171583
0.0138069
0.0115086
0.00990759
0.0087266
0.0077816
0.00690012
0.00634507
0.00590845
0.00559931
0.00537405
0.00521886
0.00512013
0.00504487
0.00498496
0.00495089
0.00491399
0.00488204
0.00486108
0.00484199
0.00482784
0.00481759
0.00480524
0.00479651
0.00478807
0.00478012
0.00477389
0.00476707
0.00475993
0.00475414
0.00474866
0.00474219
0.00473427
0.00472619
0.00471952
0.00471387
0.00470741
0.00469898
0.00468877
0.00467852
0.00466907
0.00466084
0.00465311
0.00464514
0.00463626
0.00462544
0.00461316
0.00460482
0.00457483
0.0187519
0.0145895
0.0119496
0.0100606
0.00883103
0.00786308
0.00702302
0.00640919
0.00602063
0.00565851
0.00542854
0.00526206
0.00513525
0.00506024
0.0050011
0.00495185
0.0049249
0.00489717
0.00487415
0.00485905
0.00484262
0.00482908
0.00482177
0.00481053
0.00480145
0.004794
0.00478597
0.00477989
0.00477388
0.0047671
0.00476135
0.00475626
0.00475059
0.00474341
0.00473516
0.00472805
0.0047225
0.00471699
0.00471007
0.00470085
0.00469033
0.00468031
0.00467165
0.00466394
0.00465664
0.00464922
0.00464087
0.00463096
0.00462371
0.00459557
0.0166778
0.0134834
0.0112765
0.00958201
0.00848435
0.00760827
0.0067933
0.00627848
0.00593524
0.00559147
0.00538544
0.00523252
0.00511294
0.00504493
0.0049905
0.00494563
0.00491792
0.00489294
0.00487351
0.00485908
0.00484463
0.0048327
0.00482758
0.00481914
0.00481003
0.00480432
0.00479776
0.00479147
0.00478745
0.00478221
0.00477604
0.00477102
0.00476628
0.00476142
0.00475438
0.00474626
0.0047397
0.00473474
0.00472967
0.00472384
0.00471567
0.00470515
0.00469507
0.00468614
0.00467844
0.00467168
0.00466541
0.00465987
0.00465724
0.00461181
0.0152776
0.0123549
0.0100276
0.00877695
0.00783604
0.00706129
0.00642238
0.00605399
0.00575238
0.00546195
0.00531659
0.00518585
0.00507994
0.00502099
0.00497184
0.00493846
0.00490819
0.00488922
0.00487316
0.00485764
0.00484782
0.00483937
0.00483032
0.00482308
0.00481476
0.00480948
0.00480436
0.00479798
0.00479426
0.00479069
0.00478435
0.00477874
0.00477415
0.00477008
0.00476542
0.00475834
0.00475042
0.00474415
0.00473917
0.00473443
0.00472897
0.00472141
0.00471167
0.00470154
0.00469205
0.00468383
0.00467726
0.0046725
0.00467169
0.00462358
0.01298
0.0112638
0.00959763
0.00848746
0.00756169
0.00679628
0.00629529
0.00597074
0.00563802
0.00540668
0.00527499
0.00513752
0.005061
0.0050105
0.00496407
0.00493384
0.0049055
0.0048898
0.00487394
0.00485749
0.00485221
0.00484369
0.00483367
0.00482916
0.00482513
0.0048197
0.00481631
0.0048112
0.00480698
0.00480336
0.00479959
0.00479446
0.00478988
0.00478577
0.00478227
0.00477797
0.00477127
0.00476402
0.00475795
0.00475293
0.00474854
0.004744
0.00473753
0.00472911
0.00471975
0.00471023
0.00470169
0.00469542
0.0046925
0.00463233
0.0123695
0.0103986
0.00874969
0.00787261
0.00693735
0.00646201
0.00607841
0.0057691
0.00546118
0.00533879
0.00521837
0.0050851
0.00503717
0.00499115
0.00494901
0.00492232
0.00489787
0.00488757
0.00487297
0.00485966
0.00485616
0.00484619
0.00483768
0.00483545
0.00483319
0.00482729
0.00482224
0.00481917
0.00481372
0.00481005
0.00480763
0.00480411
0.0047993
0.00479476
0.004791
0.00478799
0.00478395
0.0047778
0.00477088
0.00476467
0.00475935
0.0047552
0.00475069
0.00474508
0.00473811
0.00473
0.00472139
0.00471423
0.00470868
0.00463523
0.0113419
0.00994439
0.00843104
0.00766097
0.00672349
0.00634643
0.00597483
0.00564921
0.00538497
0.00528459
0.00515436
0.00506579
0.00502381
0.00497551
0.00494489
0.00492077
0.00489731
0.00488619
0.00487149
0.00486236
0.00485761
0.00484947
0.00484742
0.00484491
0.00483964
0.00483595
0.00483218
0.00483003
0.00482749
0.00482384
0.00482199
0.0048197
0.00481589
0.00481188
0.00480799
0.00480464
0.00480202
0.00479844
0.00479314
0.00478708
0.00478102
0.00477586
0.00477172
0.00476769
0.00476278
0.00475665
0.00474914
0.00474122
0.00473185
0.00463569
0.0104926
0.00910105
0.0077506
0.00714159
0.00640762
0.00611298
0.00573644
0.00549764
0.00532555
0.00519678
0.0050895
0.0050318
0.00498616
0.00494585
0.00493
0.00490738
0.00489447
0.00488615
0.00487349
0.00486647
0.00485928
0.00485603
0.00485531
0.00484898
0.00484364
0.00484139
0.00483931
0.00483688
0.00483605
0.00483365
0.00482982
0.00482748
0.00482523
0.00482224
0.00481891
0.0048154
0.00481229
0.00480973
0.00480646
0.00480203
0.00479647
0.00479055
0.00478556
0.00478152
0.00477787
0.00477448
0.00477062
0.00476543
0.00475672
0.00463021
0.0102042
0.00884135
0.00758721
0.00697409
0.00625353
0.00592215
0.00557895
0.00540755
0.0052553
0.00515947
0.00506797
0.00501201
0.00496882
0.00493884
0.00492627
0.00490111
0.00488993
0.00488109
0.00487528
0.00487019
0.00486495
0.00486388
0.00485852
0.0048532
0.00485292
0.00485285
0.00485218
0.00484985
0.00484832
0.00484676
0.00484431
0.0048423
0.00484126
0.00483934
0.00483655
0.00483372
0.00483068
0.00482805
0.00482594
0.00482376
0.00482039
0.00481526
0.00480939
0.00480385
0.00479877
0.00479456
0.00479112
0.00478794
0.00478033
0.00462081
0.00927994
0.00807466
0.00721582
0.00659338
0.00605364
0.00573169
0.0054582
0.00529136
0.00517076
0.00509204
0.00502581
0.00497693
0.00494336
0.00492484
0.00491551
0.00489951
0.00488961
0.00488011
0.0048781
0.00487306
0.00486895
0.00486738
0.00486384
0.00486364
0.00486483
0.00486226
0.00485928
0.0048572
0.00485494
0.00485448
0.00485366
0.00485244
0.00485076
0.00484953
0.00484793
0.00484578
0.00484336
0.00484059
0.00483781
0.00483573
0.00483409
0.004832
0.00482854
0.00482455
0.00482039
0.00481596
0.00481183
0.00480899
0.00480105
0.00460684
0.00907548
0.00772642
0.00685706
0.00641988
0.00591292
0.00565874
0.00536598
0.00523476
0.00512431
0.00506518
0.00499894
0.00496587
0.00493568
0.00491221
0.00490256
0.00489814
0.00489083
0.00488071
0.0048795
0.00487755
0.00487502
0.00487344
0.00487371
0.00487333
0.00487056
0.00486875
0.00486887
0.00486889
0.00486894
0.00486891
0.0048692
0.0048685
0.00486686
0.0048658
0.0048653
0.00486435
0.0048628
0.00486112
0.00485884
0.00485588
0.00485334
0.00485176
0.00484988
0.00484704
0.00484378
0.00484008
0.00483592
0.00483207
0.00482302
0.00458934
0.00872172
0.00749866
0.00656932
0.00612141
0.00573993
0.00551057
0.00527113
0.00514836
0.00505362
0.00501956
0.00498138
0.00496026
0.00493063
0.00490849
0.00489815
0.00489389
0.00489251
0.00488604
0.00488268
0.00488211
0.00488296
0.00488126
0.00487951
0.00487801
0.00487612
0.00487687
0.00487844
0.00487925
0.0048791
0.00487839
0.00487761
0.00487767
0.0048777
0.00487699
0.00487638
0.00487599
0.00487518
0.00487424
0.00487324
0.00487214
0.00487053
0.00486907
0.00486808
0.00486669
0.00486481
0.00486286
0.0048605
0.00485732
0.00484898
0.00456741
0.00846225
0.00734287
0.00643718
0.00600196
0.00565508
0.00545385
0.00524102
0.00512908
0.00502535
0.0049773
0.00495153
0.0049403
0.00492426
0.00491006
0.00489824
0.00489202
0.00489139
0.00489015
0.00488861
0.00488599
0.00488579
0.00488477
0.00488446
0.00488548
0.00488753
0.00488936
0.00488994
0.00489093
0.00489176
0.0048924
0.00489293
0.00489349
0.00489413
0.00489442
0.00489414
0.00489427
0.00489436
0.00489387
0.00489304
0.00489239
0.00489127
0.00488951
0.00488785
0.00488677
0.00488566
0.00488454
0.00488352
0.00488226
0.00487602
0.00454174
0.00815529
0.0070254
0.00618861
0.00575581
0.00549182
0.00530838
0.00518858
0.00511742
0.00501796
0.0049674
0.0049433
0.00492262
0.00491219
0.00490939
0.00490044
0.00489462
0.00489216
0.00489139
0.0048912
0.00489037
0.00488997
0.00489092
0.00489348
0.00489494
0.00489647
0.00489661
0.00489795
0.00489923
0.0049007
0.00490271
0.00490332
0.00490452
0.00490532
0.00490586
0.00490611
0.00490654
0.0049075
0.00490849
0.00490915
0.00490954
0.00490973
0.00490961
0.00490894
0.00490832
0.00490775
0.00490706
0.00490644
0.00490603
0.00490255
0.00451308
0.00931063
0.0101893
0.0120083
0.0140408
0.0173852
0.0219953
0.0321888
0.053835
0.158304
0.0722883
0.00919178
0.01016
0.0120107
0.014062
0.0165587
0.0213067
0.031712
0.0536191
0.156084
0.0716117
0.00901075
0.00993816
0.011604
0.0130347
0.0161405
0.0211731
0.0302137
0.0499137
0.149966
0.0700788
0.00892139
0.00968537
0.0112373
0.0129339
0.0166135
0.0212331
0.03044
0.0507521
0.149746
0.0695559
0.00883385
0.00964839
0.0110425
0.0127694
0.0166471
0.0209186
0.0289514
0.0474268
0.146715
0.0683541
0.00874546
0.00960604
0.0105814
0.0126357
0.0161352
0.0203612
0.0289467
0.049375
0.150806
0.0679442
0.00896603
0.00968627
0.010974
0.0131846
0.0164128
0.0207841
0.0292381
0.0494484
0.145736
0.0666651
0.00886313
0.0095594
0.0111608
0.0126731
0.0159112
0.0198957
0.0280109
0.0456708
0.125529
0.0647667
0.00891032
0.00971102
0.0113553
0.0131121
0.0156625
0.0207273
0.0299674
0.0511698
0.13909
0.0657882
0.00876427
0.00960422
0.0109024
0.0131697
0.0154746
0.0203776
0.0295192
0.0519242
0.151084
0.0670791
0.00868945
0.0099376
0.0110151
0.0131818
0.0159494
0.0201482
0.0286804
0.0486059
0.150986
0.06851
0.0088975
0.00987903
0.0113079
0.013026
0.0164669
0.0208724
0.0303243
0.0503898
0.150398
0.0691449
0.00930553
0.0101217
0.0117667
0.0134368
0.0170658
0.0214834
0.0307387
0.0512307
0.153493
0.0706574
0.00938112
0.010147
0.0118008
0.0136643
0.0177054
0.0227249
0.0326506
0.0539526
0.155319
0.071641
0.00968576
0.0105072
0.0121137
0.0138579
0.0176776
0.0228324
0.0334682
0.0551415
0.161865
0.072785
0.0376348
0.0457113
0.0572967
0.078236
0.121037
0.164244
0.188375
0.222496
0.292503
0.265372
0.0301378
0.0361945
0.0435948
0.0548175
0.0754412
0.128963
0.176225
0.193972
0.194827
0.0949205
0.0240551
0.0300513
0.0370639
0.0457339
0.058469
0.0833169
0.151713
0.194683
0.185317
0.0929701
0.0202499
0.0236943
0.0288205
0.0371231
0.0483181
0.0687456
0.102549
0.19326
0.211934
0.0912473
0.0184134
0.0216934
0.0261767
0.0316779
0.0396176
0.0544984
0.0822618
0.155304
0.219082
0.0896461
0.0159052
0.0180457
0.0229318
0.02906
0.0371357
0.0491065
0.0715339
0.132142
0.232401
0.0877585
0.0151615
0.0169513
0.0206182
0.0236628
0.0318936
0.0406454
0.0597963
0.105292
0.236005
0.0860841
0.0134935
0.0148943
0.0190704
0.0223799
0.0308218
0.038517
0.0578702
0.0904139
0.228349
0.0842952
0.012916
0.0143086
0.0177223
0.0196193
0.0263249
0.033116
0.0492407
0.0811052
0.225653
0.0828723
0.0115251
0.0128571
0.015556
0.0184566
0.0253227
0.0324055
0.0483664
0.075202
0.207424
0.0810611
0.0112069
0.0122388
0.015092
0.0177002
0.0233023
0.0287042
0.0421979
0.0696853
0.202111
0.0798655
0.0104129
0.01174
0.014329
0.0162193
0.0210849
0.0279955
0.0422078
0.0668024
0.187067
0.0778561
0.0102998
0.0116735
0.0129592
0.0150862
0.0207541
0.0260591
0.036895
0.0613887
0.182549
0.0768695
0.0101627
0.0108597
0.0126532
0.0148259
0.0190969
0.024212
0.0365213
0.0602
0.170491
0.0749043
0.00949439
0.0104774
0.0124603
0.0143912
0.0182658
0.0233827
0.0340033
0.0564531
0.166672
0.0740863
0.519337
0.523144
0.310224
0.213487
0.183122
0.158238
0.121429
0.0832809
0.0624847
0.0489564
0.559003
0.910519
0.520311
0.263846
0.200677
0.176028
0.154171
0.12266
0.0955136
0.0719347
0.583351
0.966869
0.866847
0.418642
0.244577
0.195901
0.175753
0.151347
0.130477
0.109521
0.590828
0.621618
0.904453
0.718013
0.345313
0.23751
0.202707
0.17725
0.155114
0.137485
0.670891
0.496488
0.794717
0.801816
0.595418
0.339788
0.26963
0.240933
0.212794
0.20322
0.808926
0.536264
0.6752
0.796563
0.73673
0.603563
0.501811
0.492737
0.465817
0.478508
0.959664
0.595935
0.659845
0.746972
0.765853
0.766312
0.76345
0.745308
0.709069
0.688918
1.0819
0.636633
0.642698
0.717644
0.750813
0.764343
0.767009
0.732899
0.695619
0.66722
1.15671
0.637511
0.615273
0.650108
0.681096
0.69083
0.665619
0.61346
0.590418
0.54719
1.18876
0.615106
0.560142
0.554867
0.566195
0.571639
0.5732
0.565832
0.555214
0.490051
1.18906
0.585093
0.511015
0.49705
0.516044
0.555796
0.575515
0.582997
0.56324
0.489066
1.17205
0.554419
0.489091
0.473036
0.499357
0.547998
0.564412
0.570726
0.562036
0.502666
1.1386
0.521344
0.460931
0.442479
0.48901
0.527622
0.551227
0.566068
0.563879
0.518764
1.09073
0.500124
0.443201
0.429582
0.46778
0.496228
0.547559
0.591049
0.589472
0.529759
1.05061
0.516317
0.446482
0.436747
0.461612
0.484637
0.565592
0.6336
0.61265
0.508651
1.01237
0.590413
0.473283
0.473995
0.492096
0.537255
0.674272
0.685485
0.620675
0.420112
0.973725
0.677345
0.555338
0.566559
0.596597
0.730911
0.77191
0.712579
0.517808
0.292785
0.926811
0.807161
0.714021
0.722949
0.820459
0.874864
0.806735
0.57554
0.297373
0.192143
0.875925
0.821794
0.79628
0.874477
0.986352
0.898066
0.592867
0.292289
0.187163
0.147092
0.799231
0.806808
0.921105
1.10245
0.980419
0.556971
0.283498
0.184765
0.143599
0.111253
0.752227
0.890023
1.24508
1.05551
0.506487
0.274897
0.190157
0.146807
0.113736
0.0851978
0.701702
1.1801
1.03739
0.486686
0.271139
0.200484
0.159283
0.11734
0.0879149
0.0675502
0.662851
0.968428
0.492271
0.272791
0.211747
0.17585
0.130008
0.089209
0.0668421
0.0533158
0.584112
0.5044
0.282542
0.223565
0.194119
0.146042
0.0984536
0.0691232
0.0577868
0.0463839
0.265636
0.283915
0.233184
0.210488
0.170509
0.115072
0.0825784
0.0595511
0.047528
0.0403547
0.0978685
0.220215
0.212531
0.191649
0.141407
0.0889583
0.0637642
0.0513591
0.0395892
0.0323042
0.0958579
0.201248
0.206542
0.17122
0.0997216
0.0648429
0.0479697
0.0393634
0.0329376
0.0270692
0.0939179
0.213442
0.206957
0.120815
0.0738639
0.0540117
0.0418279
0.0335208
0.0280905
0.0242963
0.0919496
0.231336
0.184499
0.0901422
0.0617242
0.0448951
0.0358252
0.0283892
0.0233416
0.0201982
0.0901418
0.244091
0.146695
0.0802941
0.0549935
0.0414739
0.032273
0.0263748
0.0218227
0.0188161
0.0883533
0.248355
0.127159
0.0685333
0.0459067
0.0352604
0.027354
0.0229992
0.0185472
0.0163094
0.086605
0.247636
0.0992109
0.0612024
0.0434601
0.0341043
0.0253565
0.021695
0.0176471
0.015727
0.0849618
0.239242
0.0952585
0.0559017
0.0370085
0.0301995
0.022733
0.0193323
0.0151755
0.0139948
0.0831128
0.228984
0.0785142
0.051793
0.0361713
0.0281153
0.0205687
0.0183106
0.014464
0.0128138
0.0812018
0.212938
0.0777437
0.0474376
0.0325855
0.0267472
0.0196327
0.0163131
0.0133776
0.0121666
0.0798322
0.201048
0.0709901
0.0446683
0.0298889
0.0236147
0.0181183
0.0158153
0.0127111
0.0111609
0.078448
0.188674
0.0679757
0.0415377
0.0292636
0.0230781
0.0167923
0.0142064
0.0120705
0.0110364
0.0771011
0.18239
0.062086
0.038446
0.0261502
0.0211992
0.0163605
0.0139043
0.0118063
0.0105404
0.0751096
0.172553
0.062429
0.0377971
0.0254447
0.0195589
0.0149477
0.0128696
0.0109951
0.0101407
0.0741988
0.165767
0.0566009
0.0350381
0.0242121
0.0191058
0.0148914
0.0127773
0.0108271
0.00988056
0.00212957
0.00213155
0.00213332
0.00213497
0.00213711
0.00213839
0.00214043
0.00214172
0.0021436
0.00214506
0.00214727
0.00214869
0.00215065
0.0021518
0.00215349
0.00215433
0.00215579
0.00215654
0.00215809
0.00215902
0.002161
0.00216218
0.00216459
0.00216598
0.00427343
0.0045656
0.00455862
0.0045543
0.0045482
0.00454479
0.00453889
0.00453583
0.00453049
0.00452783
0.00452248
0.00451958
0.00451359
0.00451026
0.00450346
0.00449948
0.00449097
0.00448558
0.00447399
0.00446651
0.00445025
0.00443968
0.00441698
0.00440244
0.00435824
0.00629998
0.00457207
0.00456484
0.00455973
0.00455304
0.00454876
0.00454265
0.00453936
0.00453387
0.00453064
0.00452533
0.00452269
0.0045177
0.00451487
0.00450871
0.0045049
0.0044978
0.00449404
0.0044864
0.0044814
0.00447004
0.00446183
0.00444376
0.00443216
0.00439692
0.00629561
0.00458767
0.00458171
0.00457579
0.0045687
0.00456374
0.00455721
0.00455122
0.00454386
0.00453958
0.0045353
0.00453268
0.00452717
0.00452271
0.00451694
0.00451411
0.00450973
0.00450722
0.00450171
0.00449764
0.00448858
0.00448333
0.00447289
0.0044661
0.00444308
0.0062832
0.00460176
0.00459668
0.00459103
0.00458574
0.0045809
0.00457527
0.0045684
0.00456146
0.00455593
0.0045514
0.00454633
0.00453967
0.00453264
0.0045272
0.00452445
0.00452268
0.00451965
0.00451266
0.00450662
0.00450112
0.00449857
0.00449427
0.00449031
0.00447412
0.0062728
0.00461429
0.0046088
0.00460325
0.0045984
0.00459376
0.00458826
0.00458214
0.00457668
0.00457215
0.0045672
0.00456072
0.00455338
0.00454702
0.00454251
0.00453898
0.00453468
0.00452881
0.00452211
0.00451632
0.00451245
0.00451084
0.00450834
0.00450514
0.00449214
0.00627001
0.0046226
0.00461697
0.00461144
0.00460653
0.00460186
0.00459654
0.00459067
0.00458534
0.00458097
0.00457653
0.00457077
0.00456382
0.00455713
0.00455185
0.00454765
0.00454307
0.00453712
0.00453011
0.00452369
0.00451891
0.00451696
0.00451462
0.00451241
0.00450397
0.00626892
0.0046358
0.00463031
0.00462497
0.00462004
0.00461482
0.00460876
0.00460267
0.00459777
0.00459398
0.00458981
0.00458413
0.00457745
0.00457122
0.0045662
0.00456171
0.00455623
0.00454959
0.00454185
0.00453602
0.00453185
0.00453008
0.00452727
0.00452455
0.00451548
0.00627702
0.00470993
0.0047133
0.00471625
0.00471636
0.00471483
0.00470735
0.0046906
0.00467987
0.00467527
0.004674
0.00467384
0.00467358
0.00467268
0.0046695
0.00465884
0.00464537
0.00463723
0.00463336
0.00463192
0.00463125
0.00463032
0.00462833
0.00462357
0.00460925
0.0065701
0.0061747
0.00644704
0.00698791
0.00717679
0.00717768
0.00708085
0.0067336
0.0065178
0.00649277
0.00656185
0.00686363
0.00708916
0.00712906
0.0071104
0.00698752
0.00678114
0.00670864
0.00671236
0.00679069
0.00698752
0.00707503
0.00708175
0.00705547
0.00690127
0.0134687
0.0197265
0.0220064
0.0250574
0.0259773
0.0259093
0.0250286
0.0221881
0.0204682
0.0201939
0.0204524
0.0216449
0.0224848
0.0225897
0.0224462
0.0216384
0.0203148
0.0197702
0.0197137
0.0198356
0.020191
0.020305
0.0202829
0.020103
0.0193439
0.0380936
0.0458342
0.0457853
0.0452079
0.042712
0.0391862
0.0374721
0.0371025
0.0372295
0.0375981
0.0376019
0.0373135
0.0360327
0.0338703
0.0325602
0.0320464
0.031958
0.03199
0.0319986
0.031873
0.0312618
0.0298439
0.0287755
0.0282789
0.0282861
0.0613098
0.0460401
0.0447365
0.043502
0.0421895
0.0409571
0.0398849
0.0388598
0.0378498
0.0368581
0.0360047
0.0351394
0.0343632
0.0335268
0.032777
0.0320667
0.0313229
0.0307463
0.030128
0.0295646
0.0291041
0.0284408
0.0279511
0.027326
0.026789
0.0615236
0.0422651
0.0404549
0.0402504
0.0407222
0.0413091
0.0412765
0.0408371
0.0390177
0.0363298
0.0348595
0.0344116
0.0344082
0.034557
0.0345743
0.0343785
0.0334677
0.0317061
0.0305414
0.030001
0.0298467
0.0298417
0.0298547
0.029805
0.029157
0.0613699
0.0284928
0.0254724
0.021285
0.0199586
0.0199866
0.0210054
0.0232618
0.0241176
0.0241418
0.0237848
0.0221851
0.0206042
0.0201634
0.0202022
0.0206692
0.0213032
0.0214376
0.0213783
0.0209971
0.0199898
0.0193981
0.0192591
0.019283
0.019392
0.0401816
0.0072399
0.00691119
0.0064724
0.00633247
0.00634194
0.00650661
0.00695185
0.00715617
0.00717322
0.0071295
0.00691007
0.00668815
0.00663825
0.00666524
0.00684442
0.00707665
0.00714388
0.00713879
0.00707599
0.00689912
0.00680563
0.00679474
0.00683917
0.00691667
0.0144028
0.00473316
0.00472284
0.00470655
0.00469686
0.00469374
0.0046937
0.00469478
0.00469503
0.00469421
0.00469002
0.00467695
0.00466517
0.00465918
0.00465693
0.00465633
0.00465578
0.00465456
0.00465118
0.0046408
0.00462863
0.00462171
0.00461908
0.0046187
0.00461926
0.00665198
0.00463617
0.00463015
0.00462436
0.0046193
0.00461441
0.00460901
0.00460343
0.00459853
0.00459425
0.00458949
0.00458349
0.00457691
0.00457114
0.00456669
0.00456269
0.00455742
0.00455064
0.00454241
0.0045359
0.00453117
0.00452919
0.00452656
0.00452411
0.00451587
0.00627889
0.00462276
0.00461719
0.00461156
0.00460645
0.00460162
0.00459624
0.00459041
0.00458521
0.00458107
0.00457685
0.00457117
0.00456414
0.0045573
0.00455196
0.00454781
0.00454334
0.00453745
0.00453037
0.00452382
0.00451889
0.00451686
0.0045145
0.0045123
0.0045039
0.00626882
0.0046142
0.00460877
0.00460326
0.00459841
0.00459378
0.00458827
0.00458209
0.00457657
0.00457207
0.00456726
0.00456095
0.00455373
0.00454737
0.0045428
0.00453919
0.00453485
0.00452892
0.00452213
0.0045162
0.00451219
0.00451053
0.0045081
0.00450506
0.00449264
0.00626987
0.00460155
0.00459636
0.00459078
0.0045857
0.00458109
0.00457554
0.00456861
0.00456164
0.00455616
0.00455163
0.0045464
0.00453956
0.00453261
0.00452751
0.00452502
0.00452316
0.00451965
0.00451239
0.00450634
0.00450108
0.00449867
0.00449466
0.00449083
0.00447499
0.00627295
0.00458808
0.00458195
0.00457599
0.00456858
0.00456356
0.00455739
0.00455145
0.00454407
0.00453994
0.00453562
0.00453273
0.004527
0.00452248
0.00451675
0.00451389
0.00450971
0.0045073
0.00450201
0.00449789
0.0044887
0.00448346
0.00447317
0.00446652
0.00444381
0.00628307
0.00457148
0.0045644
0.00456002
0.00455288
0.00454849
0.00454287
0.00453963
0.00453379
0.00453048
0.00452525
0.00452269
0.00451768
0.0045149
0.00450895
0.00450537
0.00449805
0.00449415
0.00448631
0.00448137
0.0044703
0.0044622
0.00444409
0.00443223
0.00439671
0.0062958
0.00456564
0.00455868
0.00455436
0.00454824
0.00454482
0.0045389
0.00453582
0.00453046
0.00452779
0.00452243
0.00451953
0.00451354
0.00451021
0.00450339
0.00449939
0.00449085
0.00448543
0.0044738
0.00446633
0.00445012
0.0044396
0.00441701
0.00440255
0.00435865
0.00630026
0.00212959
0.00213156
0.00213334
0.00213497
0.00213713
0.00213837
0.00214038
0.00214168
0.00214363
0.0021451
0.00214733
0.00214872
0.00215064
0.00215173
0.00215339
0.00215421
0.0021557
0.00215648
0.00215809
0.00215904
0.00216108
0.00216227
0.0021647
0.00216612
0.00427395
)
;

boundaryField
{
    inlet
    {
        type            omegaWallFunction;
        value           nonuniform List<scalar> 
15
(
0.00493026
0.00496032
0.00498618
0.00500831
0.00502566
0.00503845
0.00504618
0.00504878
0.0050462
0.0050385
0.0050257
0.00500834
0.0049862
0.00496034
0.00493026
)
;
        Cmu             0.09;
        kappa           0.41;
        E               9.8;
        beta1           0.075;
    }
    outlet
    {
        type            omegaWallFunction;
        value           nonuniform List<scalar> 
25
(
0.00427343
0.00629998
0.00629561
0.0062832
0.0062728
0.00627001
0.00626892
0.00627702
0.0065701
0.0134687
0.0380936
0.0613098
0.0615236
0.0613699
0.0401816
0.0144028
0.00665198
0.00627889
0.00626882
0.00626987
0.00627295
0.00628307
0.0062958
0.00630026
0.00427395
)
;
        Cmu             0.09;
        kappa           0.41;
        E               9.8;
        beta1           0.075;
    }
    top
    {
        type            omegaWallFunction;
        value           nonuniform List<scalar> 
40
(
0.00456501
0.00457483
0.00459557
0.00461181
0.00462358
0.00463233
0.00463523
0.00463569
0.00463021
0.00462081
0.00460684
0.00458934
0.00456741
0.00454174
0.00451308
0.00212959
0.00213156
0.00213334
0.00213497
0.00213713
0.00213837
0.00214038
0.00214168
0.00214363
0.0021451
0.00214733
0.00214872
0.00215064
0.00215173
0.00215339
0.00215421
0.0021557
0.00215648
0.00215809
0.00215904
0.00216108
0.00216227
0.0021647
0.00216612
0.00427395
)
;
        Cmu             0.09;
        kappa           0.41;
        E               9.8;
        beta1           0.075;
    }
    bottom
    {
        type            omegaWallFunction;
        value           nonuniform List<scalar> 
40
(
0.00456507
0.00457476
0.0045955
0.00461176
0.00462358
0.0046323
0.00463517
0.00463563
0.00463021
0.00462083
0.00460685
0.00458933
0.00456746
0.00454183
0.00451311
0.00212957
0.00213155
0.00213332
0.00213497
0.00213711
0.00213839
0.00214043
0.00214172
0.0021436
0.00214506
0.00214727
0.00214869
0.00215065
0.0021518
0.00215349
0.00215433
0.00215579
0.00215654
0.00215809
0.00215902
0.002161
0.00216218
0.00216459
0.00216598
0.00427343
)
;
        Cmu             0.09;
        kappa           0.41;
        E               9.8;
        beta1           0.075;
    }
    cylinder
    {
        type            omegaWallFunction;
        value           nonuniform List<scalar> 
70
(
0.0978685
0.0958579
0.0939179
0.0919496
0.0901418
0.0883533
0.086605
0.0849618
0.0831128
0.0812018
0.0798322
0.078448
0.0771011
0.0751096
0.0741988
0.519337
0.559003
0.583351
0.590828
0.670891
0.808926
0.959664
1.0819
1.15671
1.18876
1.18906
1.17205
1.1386
1.09073
1.05061
1.01237
0.973725
0.926811
0.875925
0.799231
0.752227
0.701702
0.662851
0.584112
0.265636
0.265372
0.0949205
0.0929701
0.0912473
0.0896461
0.0877585
0.0860841
0.0842952
0.0828723
0.0810611
0.0798655
0.0778561
0.0768695
0.0749043
0.0740863
0.0722883
0.0716117
0.0700788
0.0695559
0.0683541
0.0679442
0.0666651
0.0647667
0.0657882
0.0670791
0.06851
0.0691449
0.0706574
0.071641
0.072785
)
;
        Cmu             0.09;
        kappa           0.41;
        E               9.8;
        beta1           0.075;
    }
    sides
    {
        type            empty;
    }
}


// ************************************************************************* //
