/*--------------------------------*- C++ -*----------------------------------*\
| =========                 |                                                 |
| \\      /  F ield         | OpenFOAM: The Open Source CFD Toolbox           |
|  \\    /   O peration     | Version:  2.3.1                                 |
|   \\  /    A nd           | Web:      www.OpenFOAM.org                      |
|    \\/     M anipulation  |                                                 |
\*---------------------------------------------------------------------------*/
FoamFile
{
    version     2.0;
    format      ascii;
    class       volScalarField;
    location    "1000";
    object      p;
}
// * * * * * * * * * * * * * * * * * * * * * * * * * * * * * * * * * * * * * //

dimensions      [0 2 -2 0 0 0 0];

internalField   nonuniform List<scalar> 
4825
(
1.06718
1.06925
1.07251
1.07769
1.08067
1.0827
1.0854
1.08675
1.08971
1.09528
1.09886
1.10692
1.11532
1.11947
1.12769
1.13314
1.13829
1.14916
1.16192
1.17056
1.18364
1.20052
1.21661
1.2385
1.25359
1.28424
1.30375
1.31716
1.34923
1.37512
1.40706
1.43461
1.47922
1.50812
1.54442
1.62391
1.65547
1.69328
1.78669
1.84722
1.93823
2.02598
2.15671
2.26979
2.43629
2.62509
2.75296
2.97613
3.0748
3.19213
1.0955
1.10338
1.11226
1.12212
1.13027
1.13839
1.14623
1.15277
1.16005
1.16893
1.17599
1.18588
1.19696
1.20577
1.22132
1.23487
1.24854
1.26806
1.28544
1.30469
1.32785
1.35259
1.37693
1.40425
1.43217
1.4648
1.50126
1.55086
1.59179
1.6417
1.71025
1.75783
1.84268
1.92373
2.00363
2.11082
2.22088
2.35419
2.51663
2.6673
2.88401
3.1097
3.38617
3.73498
4.07095
4.56445
5.09677
5.76815
6.45142
7.36793
1.151
1.16258
1.17553
1.18943
1.202
1.21302
1.22392
1.23459
1.24459
1.2584
1.27092
1.28393
1.30342
1.31925
1.33995
1.36151
1.38203
1.40956
1.43312
1.46606
1.49658
1.53295
1.574
1.61475
1.66494
1.72206
1.78131
1.84305
1.92343
1.99537
2.09778
2.19148
2.30342
2.4417
2.56778
2.73809
2.92321
3.13015
3.39156
3.65239
3.97565
4.36096
4.79951
5.32672
5.92722
6.70105
7.53119
8.64711
9.92414
11.5243
1.23123
1.24388
1.25823
1.27308
1.28729
1.30108
1.3137
1.32957
1.34442
1.35999
1.38157
1.39915
1.42349
1.45052
1.47271
1.50804
1.53808
1.57484
1.61549
1.65537
1.70585
1.75732
1.81789
1.87883
1.95395
2.03228
2.1119
2.20817
2.32343
2.43516
2.56926
2.71757
2.87037
3.07022
3.25541
3.49113
3.75351
4.04925
4.4091
4.78597
5.22164
5.75757
6.3768
7.09508
7.90325
8.91914
10.0635
11.5051
13.1006
15.174
1.32605
1.33758
1.35036
1.36435
1.37948
1.39571
1.41167
1.42936
1.45024
1.47056
1.4962
1.5231
1.55093
1.58802
1.62207
1.66253
1.70737
1.75258
1.80821
1.8656
1.92924
1.99483
2.07652
2.1593
2.2488
2.35819
2.46323
2.59076
2.73065
2.88449
3.05004
3.2461
3.44566
3.6942
3.93845
4.21921
4.56572
4.94633
5.39098
5.85877
6.4324
7.08167
7.82973
8.71491
9.68966
10.919
12.239
13.9113
15.7767
18.1685
1.41814
1.42733
1.43827
1.45008
1.46554
1.48252
1.50107
1.52235
1.54682
1.57254
1.60342
1.6376
1.67291
1.71565
1.7608
1.80825
1.8657
1.9244
1.98932
2.0623
2.14186
2.22676
2.31589
2.42304
2.5385
2.67024
2.80187
2.947
3.12964
3.31239
3.50951
3.74529
4.0029
4.28077
4.59124
4.94822
5.35825
5.79582
6.31994
6.87712
7.53405
8.30777
9.12439
10.1888
11.2663
12.6493
14.2112
15.9792
18.1705
20.6148
1.48214
1.48718
1.49565
1.50591
1.52013
1.53837
1.56038
1.58372
1.60979
1.64117
1.67576
1.71338
1.75666
1.8015
1.85393
1.91135
1.97337
2.04137
2.11492
2.1981
2.28361
2.38035
2.49153
2.60723
2.7312
2.87272
3.0327
3.19783
3.39466
3.58785
3.81593
4.0856
4.36173
4.67507
5.01095
5.408
5.84918
6.34093
6.90154
7.50162
8.17489
9.0377
9.95667
10.9769
12.2152
13.5533
15.1761
16.9915
19.1612
21.6781
1.49055
1.49364
1.50199
1.5131
1.52603
1.54533
1.56844
1.5922
1.61964
1.65193
1.68863
1.72814
1.77271
1.82148
1.87468
1.93132
1.99758
2.0687
2.14536
2.2319
2.32264
2.42005
2.53131
2.65984
2.79074
2.93275
3.09724
3.26976
3.45853
3.6911
3.92166
4.17904
4.48905
4.80084
5.1618
5.56369
6.01002
6.5441
7.11132
7.74162
8.44007
9.29623
10.2977
11.3199
12.6092
14.0435
15.6929
17.6243
19.8448
22.535
1.43449
1.44049
1.45174
1.46391
1.4771
1.49604
1.51777
1.5397
1.56745
1.59655
1.63163
1.67033
1.71152
1.75869
1.8073
1.86192
1.92564
1.98922
2.05802
2.13984
2.2324
2.32489
2.43057
2.5468
2.66838
2.81344
2.95873
3.12308
3.31738
3.51813
3.72968
3.99121
4.27397
4.57551
4.92513
5.30332
5.75657
6.20695
6.74039
7.39635
8.08697
8.88273
9.81145
10.8174
12.0204
13.4031
14.9042
16.804
18.9468
21.3783
1.32913
1.34049
1.35654
1.37089
1.38537
1.40209
1.42151
1.44084
1.46435
1.49253
1.52092
1.55229
1.58971
1.62851
1.67197
1.72019
1.76899
1.82831
1.88978
1.96036
2.0357
2.11177
2.20864
2.31076
2.41777
2.53793
2.67385
2.81641
2.98471
3.15805
3.35759
3.58933
3.81942
4.11922
4.40738
4.73858
5.15971
5.57707
6.07353
6.6463
7.26961
8.03527
8.82646
9.84321
10.9121
12.2726
13.7308
15.583
17.6346
20.0663
1.20302
1.2184
1.23708
1.25304
1.26901
1.28463
1.30155
1.31849
1.33664
1.35993
1.38178
1.40643
1.43666
1.46534
1.50081
1.53649
1.57738
1.62379
1.66999
1.72775
1.78427
1.8508
1.92021
1.99763
2.08636
2.18136
2.28699
2.3972
2.5335
2.67154
2.83478
3.00772
3.20703
3.4392
3.6807
3.95691
4.28866
4.63767
5.06079
5.52424
6.06434
6.69923
7.37
8.2438
9.20091
10.3406
11.6447
13.2665
15.0646
17.3669
1.08467
1.10123
1.12075
1.13752
1.15235
1.16639
1.18108
1.19381
1.20885
1.22583
1.23986
1.26234
1.28143
1.30122
1.33019
1.35433
1.38507
1.41436
1.4521
1.49308
1.53169
1.58281
1.62955
1.69163
1.75156
1.82387
1.89999
1.98275
2.08266
2.18665
2.30727
2.43611
2.58104
2.7612
2.94196
3.15472
3.41168
3.66451
4.00962
4.35983
4.79689
5.27543
5.83989
6.52055
7.28471
8.23211
9.33144
10.6396
12.2158
14.0836
0.989939
1.00458
1.02186
1.03672
1.04971
1.06167
1.07228
1.0831
1.0943
1.10394
1.11648
1.13031
1.14092
1.15822
1.17252
1.18972
1.21143
1.22869
1.25464
1.27841
1.30979
1.3381
1.37008
1.40698
1.44196
1.49154
1.53473
1.59144
1.65432
1.72184
1.80137
1.88806
1.97867
2.10205
2.21494
2.36581
2.52782
2.70291
2.93569
3.16679
3.46926
3.79689
4.19596
4.66368
5.19838
5.8861
6.65104
7.64436
8.7822
10.2709
0.925938
0.936255
0.948378
0.958984
0.968874
0.977819
0.984695
0.991691
0.998723
1.00454
1.01282
1.01968
1.02739
1.03884
1.04576
1.05694
1.06935
1.07656
1.09077
1.10511
1.1194
1.13929
1.15786
1.17706
1.20406
1.222
1.24881
1.28433
1.30935
1.34647
1.3913
1.43711
1.48426
1.55253
1.61373
1.69814
1.78727
1.88276
2.02338
2.13099
2.3311
2.50812
2.7365
3.00063
3.31825
3.66953
4.12431
4.65896
5.17708
5.75966
0.894596
0.897309
0.90105
0.904506
0.908088
0.911059
0.914006
0.920442
0.923372
0.923183
0.927747
0.92987
0.931707
0.937616
0.940242
0.944834
0.952265
0.962783
0.967134
0.974079
0.981682
0.983087
0.995429
0.998027
1.00635
1.01293
1.01549
1.0262
1.03572
1.04682
1.05829
1.07336
1.08903
1.11046
1.11554
1.16036
1.17119
1.19102
1.24993
1.25193
1.32301
1.34696
1.43428
1.46644
1.55782
1.62809
1.69145
1.7049
1.69207
1.50543
0.176683
0.193084
0.200621
0.214569
0.224815
0.237362
0.247969
0.259444
0.27182
0.284238
0.29693
0.310542
0.32382
0.337917
0.353667
0.3683
0.381881
0.396884
0.41236
0.425632
0.43839
0.450315
0.461397
0.47266
0.484433
0.496431
0.511272
0.518008
0.511929
0.496769
0.468058
0.416623
0.336339
0.231187
0.101105
-0.0496042
-0.180575
-0.338031
-0.521523
-0.69906
-0.918819
-1.06879
-1.21021
-1.32113
-1.47211
-1.69067
-1.93829
-2.60581
-3.81029
-6.54133
0.21841
0.238022
0.240543
0.253932
0.260982
0.27102
0.280499
0.290625
0.30132
0.311999
0.322414
0.331289
0.340067
0.348998
0.356846
0.364435
0.37388
0.381089
0.385482
0.390478
0.393564
0.394342
0.392975
0.387973
0.379486
0.36642
0.346815
0.31787
0.280774
0.235853
0.17528
0.105505
0.0157473
-0.0916745
-0.220174
-0.367464
-0.538411
-0.736518
-0.954945
-1.21294
-1.51039
-1.83401
-2.19066
-2.65821
-3.16222
-3.78399
-4.52556
-5.79117
-7.60097
-10.648
0.259417
0.276063
0.275475
0.288561
0.293443
0.301952
0.309559
0.316635
0.323887
0.329245
0.334496
0.338123
0.342002
0.344828
0.346594
0.347595
0.346753
0.343578
0.338418
0.330814
0.319579
0.305443
0.286354
0.262861
0.233243
0.196885
0.152794
0.100347
0.0386296
-0.0344261
-0.123722
-0.232994
-0.364774
-0.516453
-0.691155
-0.895189
-1.12808
-1.37661
-1.68035
-2.01856
-2.38812
-2.83314
-3.35452
-3.97406
-4.71708
-5.72561
-6.90818
-8.64717
-10.8838
-14.1581
0.299063
0.310317
0.311053
0.319067
0.323081
0.32738
0.331201
0.333931
0.336091
0.337002
0.337051
0.335796
0.333349
0.328543
0.321952
0.31336
0.301823
0.287667
0.270637
0.249344
0.224158
0.194243
0.158539
0.116965
0.067807
0.0108953
-0.0556865
-0.132922
-0.222722
-0.328875
-0.45172
-0.593902
-0.75677
-0.942879
-1.15631
-1.39512
-1.66869
-1.97351
-2.35134
-2.7947
-3.31405
-3.92171
-4.59267
-5.42796
-6.39351
-7.63685
-9.11261
-11.0994
-13.5446
-16.995
0.336662
0.346252
0.345855
0.351139
0.352201
0.352894
0.352692
0.351004
0.348263
0.343882
0.338138
0.330318
0.320377
0.308121
0.293487
0.275778
0.255066
0.230643
0.202086
0.168666
0.130431
0.0858281
0.0347439
-0.0241629
-0.0916631
-0.169074
-0.257867
-0.359229
-0.475654
-0.608024
-0.758926
-0.930742
-1.1266
-1.34736
-1.60477
-1.89662
-2.24249
-2.64467
-3.09706
-3.59938
-4.16608
-4.8357
-5.60747
-6.58838
-7.711
-9.14119
-10.8273
-13.0545
-15.7011
-19.299
0.38407
0.390339
0.389311
0.390624
0.389489
0.386746
0.382942
0.376901
0.369466
0.359712
0.348365
0.334242
0.318107
0.299131
0.276999
0.251385
0.22207
0.188531
0.150166
0.106435
0.0569247
0.000248607
-0.0635837
-0.136244
-0.218194
-0.311246
-0.416425
-0.535175
-0.670606
-0.823165
-0.996551
-1.19247
-1.41664
-1.66874
-1.9619
-2.28816
-2.66237
-3.08057
-3.55755
-4.10734
-4.7458
-5.52696
-6.41303
-7.50965
-8.745
-10.3346
-12.12
-14.4958
-17.0634
-20.9408
0.446953
0.449723
0.448053
0.44621
0.442561
0.436774
0.430056
0.420438
0.41014
0.396579
0.381887
0.364008
0.34387
0.320592
0.294018
0.26383
0.22953
0.19062
0.146476
0.0968588
0.0408167
-0.0223045
-0.0932131
-0.173037
-0.262893
-0.363978
-0.477847
-0.605673
-0.750625
-0.913036
-1.09769
-1.30572
-1.54309
-1.80812
-2.11363
-2.45592
-2.85016
-3.30506
-3.82975
-4.4465
-5.14703
-5.9681
-6.89142
-8.02762
-9.28366
-10.936
-12.6327
-15.2909
-17.6126
-22.0714
0.528528
0.525531
0.524503
0.517142
0.513978
0.503565
0.497241
0.484162
0.473575
0.457653
0.441846
0.42223
0.40073
0.376005
0.348046
0.31657
0.280866
0.240827
0.195505
0.145038
0.0878995
0.0242116
-0.0475674
-0.127981
-0.218405
-0.319664
-0.433844
-0.561931
-0.706305
-0.868649
-1.05328
-1.25968
-1.49562
-1.76034
-2.06582
-2.41027
-2.80872
-3.26351
-3.78116
-4.38281
-5.0484
-5.86444
-6.7407
-7.94006
-9.13156
-10.9469
-12.5373
-15.517
-17.3235
-22.554
0.625479
0.615481
0.616412
0.602899
0.602932
0.587391
0.584076
0.56753
0.55918
0.541969
0.527622
0.508565
0.488247
0.465074
0.438904
0.409706
0.376564
0.339685
0.298223
0.251609
0.199369
0.140486
0.0746092
0.000340416
-0.0830116
-0.176569
-0.282233
-0.401287
-0.535628
-0.686709
-0.85774
-1.04919
-1.26967
-1.51479
-1.80105
-2.11869
-2.48587
-2.90663
-3.37553
-3.96004
-4.58465
-5.40837
-6.27448
-7.44424
-8.54652
-10.4155
-11.7384
-14.7886
-16.42
-21.8973
0.731123
0.715189
0.716108
0.69991
0.699391
0.683911
0.679623
0.665596
0.656365
0.642889
0.629252
0.613781
0.596412
0.577061
0.555292
0.530927
0.50341
0.472541
0.437913
0.398832
0.355139
0.305844
0.250511
0.188377
0.118126
0.0395283
-0.049328
-0.149382
-0.261763
-0.38971
-0.533765
-0.698958
-0.886557
-1.09756
-1.34289
-1.62097
-1.94462
-2.32347
-2.75072
-3.27209
-3.84445
-4.55782
-5.35214
-6.32881
-7.4015
-8.97614
-10.3739
-13.0988
-14.9967
-19.7232
0.832467
0.813105
0.812794
0.797115
0.794804
0.782669
0.777031
0.767547
0.758775
0.749171
0.738526
0.726987
0.714117
0.700052
0.684088
0.666577
0.646697
0.624487
0.599434
0.570981
0.539
0.502753
0.461481
0.415223
0.362232
0.302315
0.234413
0.156746
0.0700483
-0.0301886
-0.143515
-0.272344
-0.421864
-0.587763
-0.785337
-1.01128
-1.26813
-1.57961
-1.91984
-2.33853
-2.81086
-3.38333
-4.09875
-4.92782
-5.9483
-7.28923
-8.65273
-10.9348
-12.9302
-16.8551
0.92243
0.902071
0.900378
0.886795
0.882728
0.873885
0.867905
0.861443
0.854891
0.848252
0.841156
0.833596
0.825192
0.816089
0.80586
0.794621
0.781925
0.767858
0.751987
0.734145
0.713896
0.691153
0.664812
0.635076
0.601389
0.561511
0.517991
0.465341
0.407425
0.338747
0.259052
0.174638
0.0681297
-0.0491832
-0.187086
-0.353766
-0.530393
-0.759695
-1.01712
-1.33349
-1.71666
-2.1558
-2.72141
-3.37803
-4.17555
-5.22795
-6.35804
-8.18813
-10.148
-13.3153
0.992405
0.974877
0.971727
0.962094
0.957322
0.95123
0.946425
0.941772
0.93748
0.933606
0.929788
0.925937
0.922018
0.917527
0.912414
0.906911
0.900217
0.893256
0.885273
0.876427
0.86633
0.855052
0.842366
0.826964
0.810905
0.790114
0.767491
0.740482
0.706817
0.671375
0.623397
0.574999
0.511776
0.437741
0.35702
0.250841
0.138065
-0.00753587
-0.181349
-0.378742
-0.638711
-0.935918
-1.31003
-1.78414
-2.34304
-3.15708
-4.05116
-5.42731
-7.04546
-9.53242
1.03976
1.0289
1.02506
1.01895
1.01439
1.01065
1.00712
1.00455
1.00242
1.00092
1.00007
0.999727
0.999531
0.999477
0.998848
0.998189
0.997163
0.995674
0.994187
0.992491
0.990937
0.987802
0.986305
0.982542
0.980048
0.976456
0.968102
0.963746
0.949376
0.941008
0.923863
0.901881
0.881894
0.844869
0.813098
0.764229
0.706737
0.646067
0.547702
0.454257
0.31485
0.148886
-0.0516648
-0.350335
-0.664776
-1.16615
-1.70302
-2.55617
-3.66643
-5.33963
1.06404
1.05948
1.05738
1.0569
1.05568
1.05328
1.05158
1.05071
1.05084
1.05129
1.05354
1.05992
1.06517
1.06987
1.07315
1.07339
1.07487
1.07914
1.0835
1.08692
1.09392
1.09938
1.10738
1.11951
1.12821
1.14886
1.1535
1.1588
1.17042
1.17788
1.1873
1.19432
1.20768
1.19829
1.20676
1.22662
1.20756
1.20782
1.20359
1.18729
1.17293
1.12715
1.10609
1.01196
0.968377
0.783905
0.616512
0.262559
-0.224573
-1.06996
-2.55071
-0.363645
0.11772
0.109531
-0.276871
-0.625397
-0.815114
-0.845619
-0.676227
-0.478512
-0.277703
-0.0769127
0.124605
0.286566
0.435703
0.548275
0.611037
0.64906
0.668944
0.656228
0.632366
0.609383
0.58719
0.569208
0.55477
0.537333
0.519332
0.50102
0.483155
0.463244
0.442002
0.420113
0.3995
0.378915
0.357584
0.337322
0.319399
0.302913
0.287202
0.271657
0.256222
0.240007
0.226526
0.21571
0.203143
0.189552
0.177914
0.166506
0.155211
0.144889
0.650629
2.43039
2.46525
1.83073
0.925891
0.170034
-0.317154
-0.459261
-0.380419
-0.240725
-0.0678065
0.137446
0.32201
0.469195
0.583321
0.692673
0.763459
0.788309
0.797615
0.795614
0.77446
0.731773
0.693209
0.663186
0.638122
0.611883
0.582875
0.556592
0.537015
0.512594
0.486344
0.460427
0.434133
0.407319
0.382941
0.359223
0.335505
0.31359
0.293865
0.276221
0.259187
0.242372
0.226459
0.212502
0.199616
0.187048
0.175987
0.165589
0.156299
0.146585
4.40319
5.64865
5.1208
3.83821
2.39674
1.08687
0.270084
-0.0725607
-0.15197
-0.0693367
0.0706187
0.227649
0.399785
0.575743
0.722321
0.835061
0.913646
0.975539
1.00413
0.989491
0.940979
0.895112
0.855775
0.807024
0.760529
0.717433
0.676845
0.640308
0.61135
0.579383
0.549551
0.520341
0.489143
0.454992
0.422018
0.391762
0.364044
0.338473
0.315051
0.292877
0.271881
0.252916
0.235259
0.218233
0.203559
0.190588
0.178367
0.167326
0.157542
0.14629
8.61401
9.50612
8.28326
6.07575
3.88028
2.10956
0.797703
0.159754
-0.00395433
0.0262259
0.152016
0.351899
0.5745
0.745327
0.900136
1.02578
1.13874
1.20306
1.20738
1.21557
1.2045
1.14266
1.05088
0.95643
0.883099
0.827353
0.770421
0.730111
0.700419
0.664123
0.628854
0.591075
0.552222
0.511862
0.471982
0.433916
0.39791
0.364124
0.334781
0.308657
0.284223
0.261309
0.240355
0.222157
0.205132
0.188833
0.175231
0.163497
0.151651
0.140109
12.959
13.1607
11.5779
9.14797
5.63603
2.88784
1.02506
0.156014
-0.0138805
0.0393324
0.209222
0.445936
0.655528
0.840437
1.06175
1.2374
1.35612
1.44248
1.5071
1.50409
1.43947
1.39346
1.32234
1.1886
1.04821
0.946419
0.885598
0.847422
0.798007
0.753577
0.715866
0.67914
0.633678
0.581732
0.52999
0.48004
0.43369
0.394439
0.361133
0.328159
0.29744
0.271614
0.246339
0.221899
0.201393
0.18376
0.167777
0.153142
0.139678
0.128757
17.8122
17.0708
14.5086
10.6618
7.00313
3.67428
0.684884
-0.313053
-0.437008
-0.28799
0.0199384
0.371033
0.7308
1.03638
1.23839
1.4119
1.58461
1.71915
1.79867
1.84497
1.86666
1.76112
1.56836
1.4119
1.27772
1.1224
1.02641
0.975291
0.931321
0.876299
0.825622
0.781651
0.719737
0.66077
0.608272
0.550399
0.485398
0.425233
0.376763
0.340156
0.310665
0.276998
0.24763
0.22173
0.19567
0.171796
0.152908
0.137644
0.125107
0.112053
18.8654
18.5498
15.8384
11.7116
6.4003
1.8547
-0.659272
-1.78884
-1.77011
-1.20537
-0.621282
-0.0436514
0.486091
0.917158
1.29599
1.56364
1.71695
1.91499
2.07721
2.16148
2.15329
2.15317
2.04876
1.72461
1.45918
1.29831
1.11339
0.998109
0.977131
0.975262
0.950457
0.884207
0.847956
0.800029
0.700358
0.610317
0.540799
0.472714
0.409825
0.36374
0.322465
0.289756
0.257299
0.213609
0.182109
0.154146
0.129751
0.112172
0.102958
0.0931697
16.6443
16.9484
14.368
10.0616
2.97764
-2.20494
-7.03804
-6.96708
-4.88028
-3.15588
-1.9773
-0.991451
-0.183791
0.459183
0.981684
1.44267
1.80493
2.09993
2.26149
2.41948
2.65262
2.60314
2.35615
2.21383
1.74858
1.14869
1.02386
1.0459
1.01473
1.02186
1.0739
1.11544
1.05289
0.901492
0.818594
0.720214
0.583222
0.490822
0.421072
0.371155
0.33873
0.297265
0.246426
0.217786
0.172354
0.131049
0.070356
0.0498945
0.0592231
0.049978
11.4092
12.4026
9.18113
4.61052
-1.89364
-9.87555
-16.3006
-16.0367
-12.0308
-7.67204
-4.67289
-2.69211
-1.34224
-0.374111
0.295507
0.774622
1.14352
1.45542
1.86975
2.1002
2.14023
2.19869
2.19999
1.94478
2.09591
1.50388
0.714881
0.666954
0.867211
1.0022
1.08241
1.08958
1.16446
1.2413
1.07741
0.865616
0.673168
0.420481
0.334159
0.339271
0.311781
0.312493
0.320951
0.226956
0.194269
0.141747
0.113816
0.104749
0.0678859
0.00544227
2.00798
4.63638
1.86938
-3.54495
-10.1272
-21.7685
-28.6001
-28.9717
-21.1596
-14.3306
-9.02611
-5.92857
-3.61471
-2.17408
-1.21387
-0.616268
-0.209972
0.092217
0.21611
0.293318
0.528028
0.717555
0.54815
0.330064
-0.523078
-1.10221
-0.975662
-0.0723424
0.689932
1.29984
1.6952
1.71022
1.2901
1.17523
1.04187
0.759656
0.673799
0.61831
0.203512
0.187547
0.280529
0.0847992
0.0149139
0.223924
0.0635565
-0.0191175
-0.232754
-0.382235
-0.137832
-0.114816
-10.0803
-4.9991
-5.99809
-11.0779
-17.2635
-29.6724
-40.8097
-44.1058
-31.6839
-21.3787
-14.725
-9.45401
-6.33064
-4.56729
-3.43865
-2.87004
-3.10444
-2.90112
-2.57768
-2.40728
-2.50378
-3.37744
-5.29206
-7.49584
-9.55604
-10.2283
-9.57231
-7.11714
-4.88844
-2.21157
0.245592
0.66799
0.809183
0.77901
0.222467
-0.452945
-0.894981
-0.691355
-0.90898
-0.126799
0.794646
0.89074
0.45938
0.28258
-0.0220053
0.0495328
0.259266
0.242567
0.121699
-0.252668
-21.7916
-13.753
-11.8435
-14.7727
-18.9882
-29.5022
-42.5414
-45.5205
-35.6623
-25.8276
-18.2701
-13.1485
-9.58527
-7.35741
-6.7992
-7.41476
-9.51151
-9.32257
-8.19301
-7.08229
-6.70957
-6.94364
-8.28002
-11.0626
-15.5879
-20.1308
-18.8781
-13.6069
-8.79208
-5.31544
-3.69629
-3.87781
-2.69742
-2.33833
-3.15993
-4.27151
-5.76595
-7.01085
-6.24639
-3.45852
-1.71653
-1.47523
-0.235677
-1.01265
-1.66932
-1.7371
-2.2835
-1.14296
-0.357575
0.347374
-30.1452
-19.4607
-14.737
-15.7929
-18.1374
-23.8986
-33.3585
-33.7618
-28.5611
-21.9847
-16.5242
-12.4484
-10.345
-10.7708
-11.042
-13.7012
-19.524
-22.4869
-20.4741
-16.8015
-13.7109
-11.5743
-10.3174
-10.1545
-11.3434
-12.81
-12.2363
-11.0695
-9.60525
-8.26716
-7.53067
-7.95466
-7.73996
-7.50189
-6.4377
-5.3628
-4.81603
-4.72727
-4.471
-3.71749
-2.95453
-2.48911
-2.09054
-1.82113
-1.34358
-1.13165
-0.957149
-0.797075
-0.623973
-0.626377
-33.7624
-21.6041
-15.8488
-13.8686
-14.307
-16.6524
-21.5955
-20.7482
-17.9838
-13.9962
-10.9272
-9.3143
-9.17308
-10.1141
-12.7043
-18.2354
-27.1741
-32.4558
-28.6612
-20.792
-14.3515
-10.3778
-7.02792
-4.5692
-5.29921
-5.37703
-4.40307
-4.115
-4.5221
-6.06649
-7.94435
-11.2658
-12.7137
-9.19007
-5.44653
-3.04868
-2.36479
-1.83142
-1.21572
-2.12712
-3.04713
-3.61193
-4.62338
-2.7273
-1.2737
-0.792644
-0.0680571
-0.607077
-0.6636
-0.643454
-33.2602
-21.4677
-15.1861
-11.5902
-10.1966
-9.65948
-10.8198
-9.8827
-7.71224
-5.55914
-4.10857
-3.91227
-4.85447
-7.30016
-10.9181
-14.8978
-20.5706
-22.7954
-19.1692
-13.7039
-9.30449
-5.83527
-3.103
-1.41672
-0.3764
-0.358239
-0.350798
-0.505218
-0.875559
-1.94262
-2.76144
-2.98463
-4.09697
-3.22392
-1.87113
-0.0847909
1.16589
0.813643
0.941716
0.361084
-0.0627491
-0.0117526
0.0314593
0.204619
0.444342
0.30971
-0.0596017
-0.20799
-0.425435
-0.345665
-30.2711
-20.0417
-13.4866
-9.41815
-6.92928
-5.18969
-3.98115
-2.43886
-1.11303
0.0572832
0.476847
0.161404
-0.478426
-1.2957
-2.70861
-4.54746
-5.95488
-8.30611
-7.70068
-5.22876
-2.47697
-1.01949
-0.0110559
0.678467
0.977129
1.17816
1.0897
1.12425
1.21056
1.09321
0.62206
0.878816
0.379819
0.283833
0.551814
0.87211
0.899929
0.612917
0.550114
0.421529
0.112254
0.271563
-0.0963892
-0.442738
-0.242391
-0.262948
-0.148381
0.0321063
-0.0592544
-0.0495037
-26.6525
-17.5783
-11.6528
-7.72004
-4.8229
-2.68343
-1.01792
0.477685
1.6814
2.33217
2.56021
2.62632
2.60664
2.47458
2.24518
0.999864
0.0760942
-0.647506
-0.574431
-0.100822
0.407301
0.861399
1.1817
1.43708
1.68217
1.79974
1.88546
2.07574
2.01103
1.69604
1.41362
1.08625
0.640555
0.552907
0.588359
0.591779
0.526425
0.523615
0.529973
0.410047
0.313689
0.205556
0.103799
0.13763
0.123421
0.130854
0.0946488
0.0419672
0.0505682
0.0251548
-23.0843
-15.4407
-10.121
-6.36032
-3.58011
-1.40672
0.302923
1.73085
2.81177
3.49286
3.87838
4.03116
4.16979
4.25635
3.93694
3.67337
3.00987
1.79513
1.09452
1.08413
1.15353
1.17179
1.28907
1.41369
1.51641
1.60777
1.64245
1.54164
1.41735
1.3255
1.10916
0.852672
0.694555
0.616796
0.567383
0.556253
0.558138
0.496213
0.407897
0.348342
0.273593
0.213011
0.169532
0.117595
0.0968226
0.0809224
0.0711056
0.061482
0.0376352
0.0180225
-20.1241
-13.6065
-9.08141
-5.57541
-2.9577
-0.855564
0.790521
2.00683
2.95063
3.61977
4.03847
4.27105
4.27893
4.14273
4.0829
3.3775
2.24749
1.59141
1.34284
1.25897
1.2553
1.29073
1.31644
1.35237
1.38893
1.3933
1.36629
1.32821
1.23989
1.07658
0.922967
0.806661
0.702772
0.616654
0.56214
0.517055
0.453196
0.407844
0.362974
0.298307
0.25383
0.211077
0.167726
0.137175
0.121632
0.106814
0.0946866
0.0909162
0.0788183
0.070702
-17.9194
-12.4231
-8.32011
-5.13924
-2.70371
-0.838642
0.666524
1.83076
2.63844
3.16126
3.46178
3.65778
3.76547
3.55575
2.94978
2.41436
2.03857
1.80104
1.53125
1.32201
1.20818
1.18441
1.19189
1.19509
1.17983
1.14021
1.10428
1.04886
0.958809
0.862087
0.766675
0.667213
0.588338
0.533235
0.48667
0.436491
0.392761
0.351045
0.314408
0.276073
0.237161
0.202747
0.174459
0.151253
0.13431
0.122382
0.11091
0.0979003
0.0849559
0.072962
-16.1747
-11.5923
-7.98165
-5.04353
-2.76426
-0.984368
0.317975
1.31956
2.04315
2.54316
2.84147
2.92815
2.82086
2.60056
2.31408
2.03784
1.65235
1.32619
1.1667
1.11984
1.11016
1.06613
1.02516
0.987869
0.968765
0.946967
0.893077
0.83357
0.776696
0.706832
0.63216
0.567303
0.510402
0.460816
0.417495
0.379792
0.345407
0.309307
0.274454
0.244034
0.216504
0.19152
0.170755
0.154037
0.139916
0.126718
0.114283
0.104121
0.0933143
0.0842454
-15.2222
-11.0453
-7.83998
-5.19319
-3.13243
-1.46437
-0.218917
0.71709
1.36968
1.76119
1.98296
2.0996
2.11381
1.964
1.71105
1.39936
1.1953
1.07178
0.98902
0.900266
0.863557
0.847619
0.837635
0.831466
0.800374
0.760134
0.72906
0.684251
0.628403
0.571638
0.519556
0.473553
0.433258
0.39637
0.359613
0.326921
0.29821
0.272363
0.246106
0.22164
0.199856
0.180911
0.164753
0.150175
0.137384
0.127331
0.117767
0.107692
0.0986517
0.0921159
-14.6183
-10.9446
-7.92243
-5.37945
-3.46068
-1.8958
-0.761286
0.081694
0.696698
1.11225
1.34697
1.43091
1.40186
1.2812
1.12249
1.01546
0.923812
0.819801
0.762449
0.749756
0.717148
0.691882
0.674474
0.66242
0.64597
0.619902
0.582841
0.542739
0.506864
0.471567
0.434805
0.39909
0.36683
0.337322
0.310157
0.285165
0.261264
0.239198
0.219203
0.200907
0.18407
0.168237
0.154634
0.143774
0.133761
0.123747
0.115124
0.107935
0.100741
0.0937727
-14.3142
-10.86
-8.04383
-5.59935
-3.72987
-2.23973
-1.19897
-0.37471
0.217972
0.574793
0.778714
0.847528
0.86115
0.837355
0.76912
0.682368
0.607425
0.591432
0.59612
0.58367
0.581107
0.584215
0.579353
0.56337
0.535455
0.508773
0.484893
0.455577
0.421914
0.391792
0.367183
0.341776
0.315803
0.29312
0.271838
0.251399
0.23316
0.216492
0.20021
0.184975
0.171499
0.159297
0.148312
0.137718
0.128379
0.11983
0.112306
0.105705
0.099547
0.0946191
-14.5281
-11.1094
-8.31089
-5.97718
-4.11958
-2.62423
-1.6252
-0.868562
-0.322829
0.0972977
0.315851
0.426629
0.46393
0.451769
0.42687
0.410053
0.409386
0.402047
0.422335
0.443044
0.448327
0.455255
0.456485
0.454811
0.446072
0.427291
0.405651
0.381658
0.357807
0.336151
0.31721
0.298369
0.279007
0.261026
0.244421
0.22955
0.215324
0.20108
0.188341
0.176266
0.165921
0.156756
0.148012
0.140119
0.132921
0.12411
0.115813
0.109166
0.101844
0.0972661
-15.2569
-12.1655
-9.49141
-7.29277
-5.54354
-4.04038
-2.92791
-2.02209
-1.43971
-0.94025
-0.582958
-0.276588
-0.0597034
0.0696481
0.138576
0.17318
0.203744
0.210889
0.219615
0.24229
0.258538
0.273646
0.290871
0.303752
0.316213
0.324376
0.32524
0.320077
0.31093
0.299334
0.286239
0.27491
0.264432
0.252748
0.241109
0.229434
0.218981
0.209417
0.199385
0.188405
0.178621
0.169406
0.161255
0.154121
0.148205
0.140614
0.134863
0.127305
0.119715
0.112874
-16.7253
-13.6639
-11.0018
-8.7655
-6.98256
-5.47694
-4.33712
-3.35398
-2.65666
-2.00956
-1.53199
-1.17994
-0.918159
-0.693105
-0.514965
-0.370473
-0.245735
-0.155562
-0.0868196
-0.02673
0.0265927
0.074138
0.113975
0.144471
0.169871
0.188923
0.204517
0.216384
0.224626
0.231495
0.233572
0.232094
0.230255
0.228052
0.22408
0.220474
0.214314
0.208248
0.203181
0.197144
0.190587
0.184108
0.177124
0.171258
0.165726
0.159908
0.155559
0.149297
0.143729
0.137629
-18.555
-15.3817
-12.705
-10.4613
-8.64129
-7.04061
-5.82526
-4.72521
-3.86665
-3.11511
-2.54315
-2.06034
-1.6909
-1.3856
-1.14196
-0.940435
-0.767874
-0.619157
-0.486902
-0.373981
-0.279815
-0.199827
-0.128115
-0.0681169
-0.0182272
0.0237443
0.0582263
0.0878703
0.111977
0.131675
0.148099
0.160953
0.17034
0.178
0.183154
0.186978
0.189382
0.19055
0.190723
0.191521
0.189549
0.1877
0.184136
0.180941
0.17721
0.172832
0.169416
0.164878
0.161682
0.157582
-20.37
-16.9408
-14.2316
-11.8344
-10.0298
-8.36516
-7.09441
-5.93974
-5.0501
-4.24522
-3.60695
-3.03948
-2.57725
-2.17076
-1.83229
-1.54501
-1.30342
-1.09823
-0.92086
-0.768276
-0.633908
-0.518455
-0.417404
-0.328491
-0.251456
-0.183887
-0.125647
-0.0750356
-0.031367
0.00610378
0.0379882
0.0655085
0.0887534
0.108376
0.125214
0.138432
0.150134
0.16004
0.166764
0.172375
0.176967
0.180549
0.182134
0.182669
0.182071
0.181068
0.179444
0.177575
0.174752
0.173045
-22.0423
-18.2672
-15.6613
-13.1454
-11.2698
-9.48946
-8.18502
-6.93336
-5.98156
-5.10215
-4.40743
-3.78838
-3.28132
-2.83301
-2.45304
-2.1176
-1.82617
-1.57042
-1.34727
-1.15173
-0.979639
-0.828707
-0.695869
-0.578689
-0.475878
-0.385225
-0.305628
-0.235775
-0.174114
-0.120233
-0.0728493
-0.0315694
0.00467359
0.0359819
0.0633289
0.0870435
0.107424
0.124994
0.139777
0.152237
0.162508
0.171309
0.178204
0.183618
0.187248
0.189902
0.190925
0.190722
0.189716
0.187516
-23.65
-19.3425
-16.7908
-14.0176
-12.1814
-10.342
-9.01029
-7.73725
-6.76016
-5.83271
-5.08134
-4.39803
-3.82866
-3.32642
-2.8997
-2.52573
-2.20258
-1.91565
-1.6646
-1.44307
-1.24585
-1.07252
-0.918435
-0.781248
-0.659156
-0.55091
-0.454223
-0.368744
-0.292368
-0.224727
-0.164437
-0.111111
-0.0635977
-0.0217824
0.0151766
0.0479573
0.0765069
0.101719
0.123318
0.142592
0.158654
0.172952
0.184424
0.194305
0.201624
0.207605
0.211413
0.213609
0.214587
0.212756
-24.8105
-19.6181
-17.4855
-14.3893
-12.6786
-10.6764
-9.37097
-8.01123
-7.0444
-6.09592
-5.35376
-4.6772
-4.09713
-3.58773
-3.13774
-2.74223
-2.39719
-2.09282
-1.82441
-1.58805
-1.37663
-1.18986
-1.0229
-0.874567
-0.742038
-0.624296
-0.518253
-0.423998
-0.33935
-0.26369
-0.196248
-0.135801
-0.082003
-0.03384
0.00897466
0.0470659
0.0808947
0.111069
0.137219
0.16089
0.180552
0.198683
0.213102
0.226443
0.236362
0.245157
0.251163
0.255486
0.257986
0.257391
-25.23
-19.2219
-17.4231
-14.042
-12.5775
-10.5103
-9.30449
-7.93972
-6.97375
-6.02088
-5.27336
-4.59454
-4.02227
-3.52284
-3.08462
-2.69921
-2.35859
-2.05828
-1.79138
-1.55622
-1.3465
-1.15994
-0.9938
-0.845472
-0.712335
-0.593585
-0.486637
-0.391063
-0.30541
-0.228449
-0.159661
-0.0979009
-0.0425838
0.00695113
0.0514212
0.0908769
0.126316
0.157828
0.185673
0.211024
0.232097
0.252712
0.267328
0.284249
0.293479
0.306913
0.311955
0.321352
0.323255
0.327224
-24.3355
-18.4812
-16.6135
-13.346
-11.7796
-9.84109
-8.60261
-7.37911
-6.444
-5.57616
-4.86684
-4.23158
-3.6814
-3.20833
-2.79184
-2.42907
-2.11065
-1.83066
-1.57832
-1.35805
-1.1611
-0.986719
-0.831442
-0.692951
-0.568904
-0.457789
-0.358636
-0.269604
-0.190131
-0.118516
-0.054531
0.00309837
0.0547966
0.100913
0.142688
0.179674
0.213249
0.242852
0.269495
0.293498
0.313649
0.334393
0.347922
0.366765
0.374315
0.39126
0.394217
0.408612
0.409029
0.419541
-22.0135
-16.9567
-14.8693
-12.0403
-10.4113
-8.76876
-7.48097
-6.42076
-5.49974
-4.74973
-4.09182
-3.54032
-3.06066
-2.64861
-2.28007
-1.96069
-1.68058
-1.43132
-1.21174
-1.02296
-0.852889
-0.702616
-0.567723
-0.448095
-0.341445
-0.245957
-0.160988
-0.0844846
-0.0161326
0.0453499
0.100332
0.149729
0.193938
0.233533
0.269146
0.300985
0.329609
0.35522
0.378267
0.398801
0.417235
0.434557
0.447955
0.464747
0.472245
0.489989
0.492332
0.510496
0.510067
0.527358
-19.1066
-14.9303
-12.5451
-10.1759
-8.56417
-7.19517
-6.04163
-5.1634
-4.35293
-3.71291
-3.15099
-2.68678
-2.27585
-1.92982
-1.62377
-1.36549
-1.13579
-0.937368
-0.76511
-0.60785
-0.469609
-0.34901
-0.240254
-0.145436
-0.0599792
0.0154534
0.0826282
0.143007
0.19638
0.244226
0.286755
0.324764
0.358764
0.389099
0.416419
0.440743
0.462727
0.48245
0.500252
0.516402
0.531101
0.544368
0.556403
0.568717
0.576584
0.591634
0.594327
0.613518
0.612997
0.635249
-15.5405
-12.1828
-9.89904
-7.96128
-6.53947
-5.35748
-4.41581
-3.68155
-3.02654
-2.54374
-2.10326
-1.75071
-1.43028
-1.1689
-0.938353
-0.742974
-0.569646
-0.420332
-0.292289
-0.175839
-0.0764046
0.0109299
0.0900409
0.157776
0.220828
0.274933
0.323787
0.366716
0.404432
0.43844
0.46819
0.495056
0.518771
0.539902
0.55894
0.575794
0.591196
0.604994
0.617719
0.629298
0.639995
0.649909
0.659314
0.668207
0.676193
0.687384
0.691505
0.709016
0.709075
0.733057
-11.6206
-8.79672
-6.91122
-5.41417
-4.32671
-3.43811
-2.74611
-2.19802
-1.73493
-1.39812
-1.06661
-0.82962
-0.612963
-0.437482
-0.282859
-0.155241
-0.0360012
0.0612136
0.146361
0.223742
0.286666
0.346957
0.395914
0.441197
0.480634
0.51366
0.545197
0.570728
0.594112
0.6148
0.632302
0.648516
0.662186
0.674573
0.685718
0.695815
0.705187
0.713764
0.721594
0.729019
0.736051
0.742645
0.749313
0.755684
0.762449
0.769828
0.775334
0.78822
0.789813
0.810992
-7.41444
-5.37337
-3.97945
-2.90696
-2.19047
-1.56979
-1.16984
-0.813037
-0.55502
-0.342637
-0.148702
-0.0141765
0.120249
0.214882
0.304296
0.374154
0.440197
0.490474
0.540131
0.578507
0.611816
0.64432
0.66683
0.691165
0.707165
0.72324
0.736838
0.746128
0.757549
0.765181
0.77276
0.778976
0.783948
0.789013
0.793351
0.797055
0.80118
0.805398
0.808674
0.812197
0.815782
0.81904
0.822176
0.825693
0.829834
0.834152
0.839449
0.846988
0.850718
0.864966
-2.93359
-1.81424
-1.10252
-0.586969
-0.233806
0.0449075
0.198449
0.373072
0.446065
0.548106
0.603563
0.656835
0.712665
0.729032
0.773765
0.787934
0.810386
0.823523
0.839561
0.84775
0.858718
0.865008
0.871513
0.877244
0.877469
0.884488
0.885981
0.889286
0.889193
0.891019
0.88981
0.887764
0.885752
0.878533
0.87665
0.875532
0.876393
0.876518
0.876284
0.877379
0.877887
0.879319
0.879546
0.876213
0.875667
0.877688
0.880269
0.883221
0.886262
0.892154
3.12916
2.81628
2.32809
1.59342
0.601897
-0.975186
-3.02039
-8.35179
-9.53367
-27.096
8.10153
8.27534
8.43245
8.48908
8.43425
7.94747
7.11192
4.03788
3.14506
-9.19817
12.9693
13.6637
14.3515
15.0634
15.8089
16.2629
16.5397
15.6816
15.5866
7.7145
16.9775
18.1171
19.3316
20.6873
22.1754
23.6164
25.0478
25.6779
26.5408
22.0131
20.3035
21.8367
23.5459
25.4775
27.5722
29.7124
31.9714
33.9466
36.0023
34.8809
23.0197
24.846
26.8774
29.0962
31.6549
34.3417
37.2885
40.1363
42.9014
43.427
24.1656
26.1197
28.358
30.8442
33.6096
36.6225
39.8444
43.1601
46.1898
48.4011
24.9197
27.0138
29.3354
31.8969
34.7326
37.8599
41.2819
44.7124
48.2573
50.9068
23.8813
25.7924
27.9799
30.4535
33.1004
36.0628
39.1987
42.3799
45.1466
47.0701
22.4497
24.1259
26.1043
28.218
30.6925
33.22
36.1423
38.6324
41.1287
40.8338
19.4152
20.8749
22.4709
24.2575
26.151
28.1353
30.0947
31.7444
33.3482
31.1338
15.7775
16.7815
17.8237
18.9394
20.156
21.2966
22.3072
22.6498
22.8955
17.3666
11.5081
12.0647
12.5701
13.047
13.5284
13.7102
13.5591
11.8233
11.2486
1.1261
6.26811
6.27253
6.16603
5.94468
5.55755
4.63298
3.24421
-0.680764
-1.77669
-16.6754
1.10911
0.569567
-0.189275
-1.20675
-2.51572
-4.61169
-7.07834
-13.9366
-15.5814
-36.3216
-9.95684
-12.4644
-15.6156
-19.2843
-23.3893
-27.7803
-32.433
-37.9349
-38.6624
-37.9555
-14.0517
-16.3984
-19.0958
-22.3173
-25.8125
-29.5087
-32.3425
-36.5097
-32.5822
-36.1083
-17.4822
-19.8825
-22.5511
-25.523
-28.918
-33.1162
-34.5364
-42.6654
-36.2422
-46.6218
-20.3727
-22.8179
-25.5568
-28.8146
-31.9499
-37.9069
-38.1604
-51.0466
-43.4963
-66.6132
-22.7871
-25.446
-28.1975
-32.4313
-34.9008
-43.0048
-42.3444
-59.8709
-52.4849
-83.7715
-24.4161
-27.4575
-29.9958
-35.2033
-37.2124
-47.1643
-46.539
-66.7068
-60.6507
-99.0575
-24.9694
-28.7279
-30.7849
-37.0525
-38.6428
-50.002
-49.7638
-71.3914
-68.1009
-108.707
-24.3381
-29.2076
-30.246
-37.9858
-38.4732
-51.5548
-50.7089
-74.0944
-71.4552
-115.073
-23.0581
-28.6079
-28.7144
-37.8686
-36.6354
-52.0482
-49.028
-75.2488
-71.1901
-116.616
-21.6121
-26.0945
-27.2148
-35.0759
-34.5841
-49.4242
-46.4191
-72.8026
-68.2647
-114.042
-19.3172
-22.5984
-24.7652
-30.641
-31.7448
-44.0571
-42.576
-66.7966
-62.3508
-107.061
-16.0414
-18.4202
-20.924
-25.1094
-27.624
-36.8301
-37.348
-58.0434
-55.3955
-96.0238
-11.9372
-13.7588
-16.0688
-19.0549
-22.0411
-28.7337
-30.5764
-47.1521
-45.3203
-81.3855
-7.10625
-8.47772
-10.2462
-12.4393
-15.0675
-19.6623
-22.2699
-34.5827
-34.6836
-64.3246
-2.12235
-2.97179
-4.09754
-5.57352
-7.44283
-10.3718
-13.0131
-21.8051
-22.3479
-45.7138
-41.9556
-40.1226
-40.3
-33.6076
-27.4274
-22.0045
-16.886
-12.4402
-8.88579
-6.14699
-43.0437
-40.9411
-42.2888
-35.3884
-27.9023
-20.922
-14.8729
-9.74204
-5.80376
-2.85253
-42.6597
-43.211
-43.2575
-38.2554
-28.8118
-19.7436
-12.4051
-6.5167
-2.14064
0.996908
-42.4594
-43.9533
-45.638
-42.5138
-30.1288
-18.6526
-9.84555
-2.96758
1.83744
5.1726
-42.1605
-44.4341
-49.4242
-45.1422
-31.5258
-17.8839
-6.82955
0.768181
6.00372
9.54303
-40.0331
-43.1437
-49.003
-45.761
-32.1994
-16.7486
-3.22709
5.19896
10.7577
14.472
-36.6967
-40.0691
-45.962
-43.7982
-31.7728
-17.0074
-3.26658
5.46718
11.5185
15.5681
-32.4395
-36.2523
-41.5583
-40.421
-31.9751
-20.0777
-8.26427
0.548794
7.34888
12.2949
-30.0366
-33.4423
-38.5102
-38.9839
-34.4648
-25.6513
-16.1823
-7.36533
0.266189
6.12813
-29.9353
-32.7267
-37.7996
-40.6231
-39.8507
-34.7
-27.8206
-19.6174
-11.335
-4.70207
-32.2808
-33.9747
-39.535
-44.528
-47.6785
-47.3408
-43.3559
-35.9981
-27.0312
-18.9453
-35.8208
-36.2497
-42.5708
-49.4068
-57.0151
-61.0709
-60.3261
-54.267
-44.0617
-33.4878
-38.5869
-37.9206
-45.0414
-53.2878
-64.2832
-71.3651
-72.5438
-67.4852
-56.7808
-44.2309
-39.2579
-37.5675
-45.2583
-53.8487
-65.7772
-74.0609
-76.5787
-72.5443
-61.9252
-48.8906
-37.1627
-34.8117
-42.0359
-50.1334
-60.6581
-68.9291
-72.2278
-69.2906
-59.7935
-47.761
-32.2978
-29.5287
-36.0035
-41.9132
-51.2025
-58.5361
-62.408
-60.7994
-52.7725
-42.8603
-26.9183
-23.0549
-29.2923
-32.834
-40.9745
-47.4184
-51.4964
-50.687
-44.2083
-36.745
-21.7958
-17.5878
-22.5266
-25.3159
-32.142
-38.3224
-42.2186
-41.053
-36.3617
-30.7876
-18.2764
-13.7644
-17.3427
-20.1034
-25.6954
-31.8495
-34.3885
-33.4989
-30.3246
-26.2106
-16.0968
-11.1725
-14.4231
-16.4998
-22.2841
-26.6071
-28.3456
-28.028
-25.5257
-22.6137
-15.2508
-9.92087
-12.5517
-15.2224
-19.7693
-23.0567
-24.3117
-23.8966
-22.1581
-20.0227
-15.5657
-11.1575
-12.4912
-15.3407
-18.4598
-20.7713
-21.8142
-21.3665
-19.9552
-18.2926
-16.5069
-11.6981
-14.5076
-15.9911
-18.3153
-19.8566
-20.3655
-19.8879
-18.6836
-17.1823
-16.5723
-15.9554
-17.1589
-17.5679
-18.8938
-19.7337
-19.8753
-19.2321
-18.1997
-16.8412
-16.1668
-17.1706
-19.6492
-18.7765
-19.7089
-20.1707
-20.0012
-19.2418
-18.1447
-16.8896
-13.9603
-13.829
-21.7051
-20.7538
-21.5783
-21.6674
-21.0313
-20.0763
-18.8072
-17.4961
-25.2581
-20.1203
-29.0854
-25.426
-26.2491
-24.9033
-23.5156
-22.2094
-20.7356
-19.1751
-50.827
-31.4001
-41.626
-31.5815
-32.7959
-29.0742
-27.1188
-25.1133
-23.1614
-21.2743
-74.9568
-44.7977
-54.1765
-38.3709
-39.7563
-33.2386
-31.2168
-27.9289
-25.5162
-23.3835
-96.8432
-57.6079
-65.4838
-45.1223
-46.5744
-37.2363
-35.4437
-30.8226
-28.2354
-25.4479
-113.228
-68.9966
-73.8937
-50.8624
-51.8007
-40.2487
-38.6943
-32.6372
-30.4431
-26.959
-124.904
-76.9055
-80.3467
-54.9242
-55.8336
-42.0574
-41.1402
-33.4096
-31.8037
-27.1802
-131.185
-80.9011
-83.993
-56.1478
-58.2647
-42.0749
-42.731
-33.0663
-32.6378
-26.6468
-133.215
-80.2988
-85.3672
-54.5172
-58.5268
-40.6058
-42.1426
-31.9402
-31.6759
-25.7552
-130.328
-77.4552
-82.6326
-52.4784
-55.5925
-39.1285
-39.1628
-30.6485
-29.0941
-24.3513
-122.201
-71.8811
-76.3134
-48.6802
-49.9788
-36.3348
-34.619
-28.3716
-25.6485
-22.1884
-110.652
-63.5162
-66.8251
-43.2431
-42.3128
-32.0047
-28.9925
-24.3359
-21.3461
-18.79
-94.5963
-53.2108
-55.1183
-36.2944
-33.8297
-26.3273
-22.741
-19.2942
-16.6003
-14.4093
-76.4791
-41.8992
-41.9228
-27.4312
-24.3085
-18.8524
-15.793
-13.2272
-11.1677
-9.5214
-56.1588
-28.77
-28.2086
-17.9338
-14.5847
-11.0248
-8.6799
-6.80008
-5.34737
-4.24062
0.132189
0.124979
0.117878
0.111578
0.105533
0.09818
0.0917132
0.0859349
0.0795959
0.0728226
0.0659898
0.05947
0.053814
0.0490375
0.0450805
0.0408149
0.035608
0.0304178
0.0254714
0.0211695
0.0175994
0.0135647
0.00907644
0.00441392
0.00121599
0.137636
0.129603
0.121639
0.114447
0.106901
0.0989661
0.0916635
0.0845912
0.0781411
0.0726578
0.067378
0.0617452
0.0558374
0.0500268
0.0446534
0.039857
0.0355443
0.0314772
0.0274495
0.0228257
0.0179409
0.0131179
0.00856054
0.00527634
0.00233622
0.137197
0.129185
0.119163
0.109541
0.100579
0.0916947
0.0843215
0.0776911
0.0710975
0.0653327
0.0593058
0.0527368
0.0461156
0.0406569
0.0371148
0.0338848
0.0300196
0.0254952
0.0208745
0.0169227
0.0136467
0.0107257
0.00792162
0.00491193
0.00179295
0.131914
0.124281
0.115419
0.106972
0.0982496
0.0894821
0.0820608
0.075311
0.0690753
0.0643662
0.0597968
0.0548139
0.0500571
0.0454865
0.0405905
0.03566
0.0312549
0.027507
0.0241221
0.0206634
0.0168122
0.0127964
0.00867721
0.00475865
0.00172076
0.121275
0.111634
0.100438
0.0905825
0.0809817
0.0715984
0.0630292
0.0550842
0.0483261
0.043249
0.0381742
0.0328298
0.0282681
0.0245333
0.0214159
0.0185526
0.0155366
0.0129217
0.0105391
0.00856921
0.0068502
0.00528597
0.00391405
0.00248944
0.000727036
0.101291
0.0911099
0.0839862
0.078732
0.072823
0.0665372
0.0604911
0.055047
0.0508792
0.0469856
0.0431888
0.0399897
0.0367845
0.0333437
0.0296192
0.0265179
0.0243217
0.0210914
0.0177636
0.0149434
0.0124666
0.00993148
0.00726152
0.00465424
0.00163357
0.0844371
0.0757432
0.0614087
0.0459048
0.0327201
0.0219766
0.014036
0.00857215
0.00452094
0.00167099
-0.00111439
-0.00382047
-0.00561817
-0.00682986
-0.00754136
-0.00797953
-0.00794114
-0.00765871
-0.0065899
-0.00612898
-0.00531421
-0.00397432
-0.00296604
-0.00231765
-0.00146643
0.0554912
0.0504991
0.0431825
0.0443542
0.0321299
0.0267723
0.0310295
0.0268046
0.0209721
0.0218992
0.0186839
0.0176267
0.0205085
0.0120242
0.0118702
0.0162251
0.0106989
0.0111994
0.0111189
0.00682579
0.00560508
0.00790215
0.00224887
0.000756401
0.000310068
-0.0446333
-0.0566152
-0.0573811
-0.0758983
-0.0790128
-0.0784977
-0.0800242
-0.0755424
-0.0714439
-0.0707518
-0.06099
-0.058599
-0.0578694
-0.0518271
-0.0505805
-0.049606
-0.040568
-0.0336727
-0.0309284
-0.0236512
-0.0212307
-0.016469
-0.0091188
-0.00967738
-0.00872436
0.0222507
0.0851979
-0.0182466
-0.0385881
-0.0122339
-0.0986324
-0.0439041
0.0269945
-0.0405384
0.0346134
0.023408
-0.0489407
0.00642185
-0.0174048
-0.0438661
0.00964559
0.0161273
-0.0149956
0.0296235
0.0112297
-0.0284237
0.0100116
-0.0133332
-0.0217896
-0.00898441
-0.383046
-0.405568
-0.403057
-0.356639
-0.252337
-0.238981
-0.176644
-0.171582
-0.205282
-0.123329
-0.158587
-0.1494
-0.114789
-0.119389
-0.083031
-0.075425
-0.0851118
-0.0702766
-0.0395642
-0.0626652
-0.0453377
-0.0147193
-0.0240949
-0.0152617
-0.0435835
0.257345
-0.108959
-0.271217
-0.523401
-0.494451
-0.230649
-0.114493
0.0938842
0.156289
0.0132989
-0.0308181
-0.171711
-0.275615
-0.150589
-0.0956622
-0.0050138
0.106832
0.08548
0.0399641
-0.0138205
-0.0953729
-0.101642
-0.0703052
-0.0363911
0.0289532
-0.59245
-0.510881
-0.408479
-0.355865
-0.347349
-0.292053
-0.226784
-0.19902
-0.191788
-0.167273
-0.132187
-0.121856
-0.119854
-0.103292
-0.081332
-0.0758841
-0.0778336
-0.0586402
-0.0367865
-0.0370714
-0.033945
-0.00790798
0.0081028
0.00366357
0.00200558
-0.577884
-0.210257
-0.0823645
0.182294
0.191601
-0.0298638
-0.14182
-0.334084
-0.364981
-0.181748
-0.123332
0.0297939
0.15607
0.0566519
0.0136435
-0.0740712
-0.170718
-0.140941
-0.0844163
-0.0231983
0.0637237
0.0789877
0.0575471
0.0178758
-0.0509576
-0.450763
-0.364236
-0.25735
-0.196349
-0.233116
-0.208656
-0.248217
-0.232583
-0.155695
-0.196369
-0.129222
-0.126152
-0.141992
-0.104769
-0.11175
-0.108778
-0.0831941
-0.0694578
-0.0728047
-0.0321987
-0.0433285
-0.0580225
-0.0166379
-0.0200916
0.00921142
-0.0966115
-0.102244
-0.00692903
-0.0327929
-0.0236189
0.0505948
-0.003139
-0.0706461
0.0123831
-0.0647594
-0.0588519
0.025046
-0.0302404
-0.00289259
0.0230468
-0.0250332
-0.0305288
0.0133926
-0.0368162
-0.0185038
0.0284578
-0.0116358
0.0113251
0.0197057
0.00722856
0.00210541
-0.014057
-0.0358318
-0.0477373
-0.0561439
-0.0590498
-0.0563294
-0.0663195
-0.0686144
-0.0667142
-0.0695347
-0.0681476
-0.0606413
-0.0573484
-0.0510985
-0.044826
-0.0443211
-0.0391486
-0.0321609
-0.0307946
-0.0268001
-0.0186055
-0.0129584
-0.00613781
0.000278406
0.00571823
0.010252
0.0164999
0.0103609
0.00939487
0.0107037
0.00787454
0.0114546
0.00755652
0.00268937
0.00756189
0.00800534
0.00246561
0.00404347
0.00360848
0.00206436
0.005232
0.00337503
0.000483266
0.00432096
0.00459728
0.000456047
0.00389643
0.0042572
0.00157372
0.0676971
0.0601864
0.0469147
0.0326291
0.0191638
0.00929448
0.00342197
-0.00100855
-0.00448304
-0.00672584
-0.0101551
-0.0144519
-0.0165832
-0.0162147
-0.01509
-0.0150136
-0.0149224
-0.0142149
-0.0131931
-0.0116329
-0.00868688
-0.00607354
-0.00362963
-0.00184941
-0.00119112
0.0626568
0.0573727
0.0535268
0.0499496
0.0468876
0.0424928
0.0376151
0.0333621
0.0301964
0.0279721
0.0261093
0.0241165
0.0216363
0.0192389
0.0174668
0.0158733
0.0139987
0.012373
0.0107941
0.00888544
0.00666366
0.00595232
0.00434698
0.0010911
0.000718234
0.0784857
0.0723199
0.0651234
0.0559127
0.047339
0.0406847
0.0352267
0.0311451
0.0274067
0.0232299
0.0188595
0.0143611
0.010497
0.00864781
0.00842671
0.00746595
0.0051406
0.00264641
0.000965724
0.000545492
0.00126048
0.00172757
0.001065
0.00140426
0.00124856
0.0866786
0.0811813
0.0767991
0.0712646
0.0656533
0.0600167
0.0536798
0.0481572
0.0442888
0.0412825
0.0383293
0.0354443
0.0324235
0.0291251
0.0257781
0.0224141
0.0194815
0.0171693
0.0150758
0.0131535
0.01081
0.00850904
0.00586218
0.00268591
0.000806998
0.0874888
0.081384
0.0754016
0.0680675
0.0608473
0.0556805
0.0512047
0.0471907
0.043546
0.0393846
0.0348805
0.0302585
0.0256616
0.0225086
0.0205687
0.0185339
0.0159267
0.0129924
0.0108038
0.0092774
0.00755995
0.00503771
0.0028396
0.00289103
0.00192775
0.0878933
0.0833422
0.0794139
0.0743517
0.0692674
0.064395
0.059026
0.0543996
0.0509176
0.0473686
0.0432777
0.0392384
0.0351613
0.031162
0.0278426
0.0250454
0.0224154
0.0200184
0.0174888
0.0146774
0.0110786
0.00706874
0.00445143
0.0031789
0.0016482
0.0866104
0.0786947
0.0756681
0.0717209
0.0662618
0.0622991
0.0589163
0.0547758
0.0501629
0.0453844
0.0409679
0.0366872
0.0330478
0.0305152
0.0277337
0.0242176
0.0205671
0.0176681
0.0157067
0.0133215
0.010327
0.00680172
0.00455461
0.00398152
0.00226256
)
;

boundaryField
{
    inlet
    {
        type            zeroGradient;
    }
    outlet
    {
        type            fixedValue;
        value           uniform 0;
    }
    top
    {
        type            zeroGradient;
    }
    bottom
    {
        type            zeroGradient;
    }
    cylinder
    {
        type            zeroGradient;
    }
    sides
    {
        type            empty;
    }
}


// ************************************************************************* //
