/*--------------------------------*- C++ -*----------------------------------*\
| =========                 |                                                 |
| \\      /  F ield         | OpenFOAM: The Open Source CFD Toolbox           |
|  \\    /   O peration     | Version:  2.3.1                                 |
|   \\  /    A nd           | Web:      www.OpenFOAM.org                      |
|    \\/     M anipulation  |                                                 |
\*---------------------------------------------------------------------------*/
FoamFile
{
    version     2.0;
    format      ascii;
    class       surfaceScalarField;
    location    "1000";
    object      phi;
}
// * * * * * * * * * * * * * * * * * * * * * * * * * * * * * * * * * * * * * //

dimensions      [0 3 -1 0 0 0 0];

internalField   nonuniform List<scalar> 
9555
(
320606
-81771.5
94498.8
308291
-79136.5
91451.9
296374
-76586.7
88503.8
284839
-74122.1
85656.7
273680
-71743.3
82902.5
262889
-69455.8
80246.6
252449
-67240
77679.6
242351
-65094.3
75192.1
232582
-63014.3
72783.4
223126
-60994.2
70450.2
213966
-59040
68200.6
205097
-57151.3
66019.5
196510
-55322.2
63909.3
188204
-53565.3
61871.8
180161
-51864
59907.1
172379
-50220.4
58002.7
164852
-48636.8
56163.1
157565
-47083.5
54371.2
150513
-45593.6
52645.5
143689
-44142.5
50966.6
137081
-42746.5
49354.3
130681
-41375.9
47775.9
124484
-40076.2
46272.5
118481
-38785.4
44789.2
112662
-37571.6
43389.9
107029
-36371.3
42004.5
101569
-35228.8
40689
96294.4
-34144.4
39418.9
91175.6
-33052.1
38170.9
86225.1
-32043.7
36994.2
81424.3
-31031.2
35832
76773
-30074.1
34725.4
72269.5
-29162.3
33665.9
67902.8
-28234.5
32601.2
63681.8
-27420.7
31641.6
59567.8
-26528.3
30642.4
55580.8
-25777.4
29764.3
51716.5
-24976.1
28840.4
47960.7
-24265.7
28021.6
44327.8
-23527
27159.8
40793.1
-22904.3
26439.1
37341.7
-22207.1
25658.4
33973.1
-21677.7
25046.3
30633.5
-21037.2
24376.8
27372.1
-20572.7
23834.1
24138.1
-20012.9
23246.9
20941
-19683.2
22880.3
17762.6
-19194.3
22372.7
14566.8
-19039.5
22235.4
-18680.9
21932.3
11315.4
320661
-69099
308402
-66877.7
296537
-64721.9
285057
-62641.5
273953
-60639.4
263213
-58716.3
252821
-56847.3
242765
-55038.5
233029
-53278.8
223605
-51569.8
214479
-49914.3
205650
-48322.2
197101
-46773.2
188831
-45295
180825
-43857.8
173072
-42467.7
165566
-41130.6
158293
-39811.2
151255
-38555.5
144440
-37327.4
137834
-36140.3
131446
-34987.9
125250
-33880.4
119257
-32791.8
113450
-31765
107831
-30752.5
102388
-29785.3
97112.6
-28869.3
92004.7
-27944.1
87053.4
-27092.4
82256.3
-26234
77613.5
-25431.4
73104.9
-24653.6
68737.3
-23866.9
64503.4
-23186.8
60397.4
-22422.3
56415
-21795
52539.7
-21100.8
48792
-20518
45131.3
-19866.3
41570.5
-19343.5
38095.7
-18732.3
34699.1
-18281.1
31375.6
-17713.7
28132.7
-17329.8
24944.3
-16824.5
21761.4
-16500.2
18670.8
-16103.8
15519
-15887.8
-15532.4
12370.5
320707
-56472.3
308488
-54659.5
296664
-52897.4
285220
-51197.6
274149
-49568.3
263437
-48004
253072
-46482.7
243040
-45006.2
233326
-43564.9
223927
-42170.6
214825
-40812.9
206011
-39508.5
197482
-38243.9
189216
-37028.7
181219
-35860.7
173477
-34726.3
165979
-33632.4
158725
-32557.3
151693
-31522.8
144896
-30530.6
138303
-29547.6
131930
-28614.6
125743
-27693.8
119767
-26815.4
113973
-25971.8
108364
-25143.2
102924
-24345.1
97654.9
-23600.1
92562.9
-22852.1
87611.6
-22141.2
82835
-21457.4
78190.7
-20787
73688.8
-20151.8
69333.1
-19511.2
65102.7
-18956.5
61006.4
-18325.9
57023.1
-17811.7
53151.2
-17228.9
49406.7
-16773.5
45740.9
-16200.4
42196.7
-15799.4
38723.6
-15259.2
35357.2
-14914.7
32069.4
-14425.9
28845.3
-14105.8
25712.1
-13691.3
22582.5
-13370.6
19524.9
-13046.2
16415.2
-12778.1
-12448.5
13331.4
320745
-43883.5
308560
-42474.6
296766
-41104.1
285352
-39783
274306
-38522.1
263617
-37315.6
253273
-36138.5
243261
-34994.4
233567
-33871
224186
-32789
215103
-31730.4
206305
-30709.8
197793
-29732.6
189543
-28778.4
181556
-27874.3
173834
-27003.5
166344
-26143.1
159105
-25317.7
152085
-24503.1
145298
-23743.4
138715
-22965.3
132344
-22243.4
126177
-21526.6
120202
-20840.2
114418
-20188.2
108817
-19542
103389
-18917.3
98120.8
-18331.8
93034.6
-17765.9
88083.1
-17189.7
83308.8
-16683.1
78663.7
-16142
74157.4
-15645.5
69810.7
-15164.5
65544.3
-14690.1
61472.4
-14254
57453.8
-13793.2
53606.2
-13381.3
49835.3
-13002.6
46189.4
-12554.6
42636.9
-12246.8
39196.1
-11818.4
35829.7
-11548.3
32532.3
-11128.5
29340.8
-10914.2
26196.4
-10546.9
23078.6
-10252.8
20043.9
-10011.6
17008
-9742.14
-9504.69
14064.2
320773
-31323
308611
-30312.9
296839
-29331.8
285444
-28387.8
274412
-27490.8
263736
-26639.1
253403
-25805.6
243401
-24992.8
233715
-24185
224338
-23411.4
215259
-22651.9
206466
-21916
197957
-21223.8
189716
-20537.4
181733
-19891.6
174013
-19283.5
166526
-18656
159285
-18077.2
152269
-17486.9
145474
-16948
138896
-16387.2
132519
-15866.4
126358
-15366.2
120371
-14853.2
114581
-14397.7
108981
-13941.7
103548
-13484.5
98293.4
-13077.3
93182.3
-12654.8
88256.3
-12263.7
83452.1
-11878.9
78826.2
-11516
74315.6
-11134.9
69968.8
-10817.6
65713.5
-10434.7
61633.5
-10174.1
57633.1
-9792.69
53794.6
-9542.82
50022.2
-9230.23
46394.5
-8926.84
42848.7
-8701
39422.3
-8392.06
36063
-8188.96
32797
-7862.45
29600.2
-7717.49
26515.6
-7462.3
23458.6
-7195.78
20511.1
-7064.06
17554.8
-6785.86
-6651.5
14701.6
320792
-18782
308644
-18165
296883
-17569.9
285497
-17002.2
274472
-16466.1
263797
-15964.2
253469
-15477
243463
-14987.4
233782
-14503.2
224405
-14034.6
215323
-13570.2
206536
-13128.7
198025
-12713
189783
-12294.8
181809
-11918.2
174074
-11548.2
166601
-11183.1
159350
-10826.4
152340
-10476.1
145548
-10156.2
138968
-9807.32
132601
-9499.74
126438
-9202.83
120461
-8876.44
114676
-8612.36
109070
-8335.69
103641
-8055.98
98382.1
-7818.4
93286.5
-7559.15
88343.9
-7321.14
83560
-7094.95
78917
-6873.01
74422.4
-6640.39
70070.5
-6465.74
65843.4
-6207.6
61742.4
-6073.03
57771.7
-5822
53908.9
-5680.02
50168.8
-5490.14
46524.8
-5282.82
43004.1
-5180.34
39551.6
-4939.59
36225.8
-4863.08
32987.6
-4624.27
29774.2
-4504.1
26752
-4440.12
23702.2
-4145.98
20790.8
-4152.62
17924
-3919.09
-3811.16
15083.7
320805
-6253.48
308664
-6024.55
296908
-5813.23
285527
-5621.31
274507
-5446.46
263834
-5290.8
253502
-5145.26
243495
-4980.52
233812
-4819.94
224435
-4658.13
215351
-4485.96
206565
-4342.63
198048
-4196.21
189810
-4056.62
181836
-3944.39
174099
-3810.78
166626
-3710.59
159375
-3575.58
152367
-3467.64
145573
-3362
138992
-3226.26
132627
-3134.96
126446
-3021.84
120486
-2916.83
114693
-2819.3
109082
-2724.55
103670
-2644.08
98391.8
-2539.99
93312
-2479.3
88357.2
-2366.4
83594.2
-2331.9
78934.6
-2213.41
74460.2
-2165.99
70092.2
-2097.73
65865.1
-1980.51
61769.1
-1977.11
57798.1
-1850.95
53934.9
-1816.82
50186.9
-1742.12
46579.2
-1675.16
43008.8
-1609.91
39620.1
-1550.94
36250
-1492.94
33063.6
-1437.89
29916.4
-1356.94
26809.3
-1333.01
23917.4
-1254.01
20971.5
-1206.74
18200.2
-1147.84
-1051.69
15440.8
320809
6270.5
308674
6110.56
296921
5939.57
285543
5757.53
274526
5570.39
263856
5378.97
253522
5189.2
243519
5021.61
233833
4866.86
224457
4717.22
215376
4595.3
206586
4447.79
198069
4320.2
189834
4178.8
181856
4033.73
174128
3916.59
166640
3777.48
159408
3656.93
152390
3549.62
145594
3434.07
139021
3346.79
132658
3228.35
126476
3160.29
120514
3044.56
114723
2972.52
109112
2886.04
103694
2774.2
98427.2
2726.56
93326
2621.95
88407.4
2552.14
83597.8
2477.74
78976.2
2408.12
74474.6
2335.65
70103.5
2273.34
65904.4
2218.65
61777.4
2149.84
57815.9
2110.63
53969.2
2029.82
50193.9
2033.2
46603.7
1915.02
43036
1957.82
39640.1
1844.97
36293.2
1853.94
33060.6
1794.69
29965.2
1738.49
26808.5
1823.71
23924.3
1630.11
20961.4
1756.18
18170.2
1643.39
1656.12
15462.4
320806
18797.8
308675
18241.9
296926
17687.9
285550
17133.6
274537
16583.6
263871
16044.8
253540
15520.1
243542
15020.1
233859
14549.8
224483
14093.3
215410
13668.1
206614
13243.4
198110
12824.4
189870
12419
181892
12011.6
174173
11636
166685
11264.7
159454
10888.8
152441
10561.9
145646
10229.6
139083
9909.63
132704
9607.61
126548
9316.33
120564
9028.26
114791
8745.68
109184
8493.14
103756
8202.22
98499.7
7982.43
93396.3
7725.4
88475.2
7473.16
83667.9
7285.09
79053.4
7022.64
74545.8
6843.26
70186
6633.15
65990.9
6413.67
61856.9
6283.83
57904.9
6062.65
54042.5
5892.25
50301.1
5774.64
46641.6
5574.46
43155.3
5444.13
39687.6
5312.63
36397
5144.6
33111.8
5079.85
29977.3
4873.06
26939.6
4861.39
23930.1
4639.61
21043.6
4642.64
18203.7
4483.3
4389.15
15470.7
320795
31336.1
308661
30376.5
296914
29434.9
285539
28507.9
274528
27594.9
263864
26708.3
253538
25846.6
243542
25016
233864
24227.8
224489
23468.1
215421
22736.6
206629
22034.8
198129
21324.6
189891
20657
181916
19986.6
174199
19352.8
166723
18740.6
159484
18128.6
152478
17567.2
145687
17021.2
139121
16475.1
132751
15977.7
126592
15475.8
120613
15007.3
114839
14519.8
109236
14095.5
103808
13630.5
98552.2
13238.4
93468.7
12808.9
88525.1
12416.7
83755.8
12054.4
79121.6
11656.8
74631.7
11333.3
70278.6
10986.2
66046.5
10645.8
61954.6
10375.8
57981.4
10035.9
54113.5
9760.14
50381.5
9506.66
46738.5
9217.44
43200.8
8981.79
39773.8
8739.63
36403.9
8514.54
33183.8
8299.96
29949.8
8107
26920.3
7890.93
23828.4
7731.51
20925.9
7545.14
17975
7434.14
7180.2
15184
320776
43893.5
308629
42523.5
296875
41188.4
285498
39885.4
274483
38610
263818
37372.8
253493
36172.1
243495
35013.9
233815
33907.9
224443
32839.8
215370
31810.1
206590
30814.7
198085
29829.6
189851
28890.5
181879
27958.9
174157
27074.8
166685
26212.7
159443
25370.1
152439
24571.8
145658
23801.5
139078
23055.7
132723
22332
126550
21648.7
120592
20966
114805
20306.2
109203
19697.8
103774
19059.6
98518.6
18493.6
93433.7
17893.8
88493.5
17357
83717.8
16830
79079.4
16295.2
74586.9
15825.7
70237.4
15335.8
65996.4
14886.7
61914.3
14457.9
57939
14011.1
54064.4
13634.8
50325.2
13245.8
46680
12862.6
43122.4
12539.4
39678.1
12183.9
36309.5
11883.2
33061.7
11547.7
29829.3
11339.4
26740.4
10979.9
23661.3
10810.6
20662.5
10543.9
17717.6
10379
10077.9
14819.9
320747
56480.2
308575
54694.9
296802
52962.2
285407
51279.5
274378
49639.2
263702
48048.9
253368
46506.4
243360
45021.6
233673
43595.2
224293
42219.8
215214
40889.3
206431
39597.2
197921
38339.5
189688
37123.5
181712
35934.7
173991
34796.2
166523
33680.4
159283
32610.7
152279
31575.7
145496
30584.5
138923
29628.6
132559
28695.7
126398
27809.6
120440
26924.4
114652
26093.9
109063
25287.1
103630
24492.7
98393.6
23730
93292.5
22994.8
88369.8
22279.8
83581.9
21617.9
78951.5
20925.6
74454.8
20322.5
70107
19683.6
65875.9
19117.8
61781.6
18552.2
57816.2
17976.6
53923.2
17527.8
50186.1
16983
46526
16522.6
42974.1
16091.3
39501.2
15656.8
36144.4
15240
32813.9
14878.2
29614.5
14538.8
26413.2
14181.1
23314.6
13909.3
20207.8
13650.7
17170.8
13416
13188.1
14060.7
320709
69104.3
308503
66901.2
296698
64767.4
285274
62703.1
274218
60695.4
263516
58750.6
253157
56865.1
243128
55050.8
233424
53299.6
224025
51618.7
214930
49984.3
206130
48397.3
197604
46865.8
189358
45369
181369
43924.1
173636
42529.2
166148
41168.6
158897
39861.7
151876
38596.8
145076
37384.3
138498
36206.6
132121
35072.5
125958
33972.7
119985
32897.2
114201
31878.1
108609
30879.2
103179
29922.3
97941.8
28967.3
92842.2
28094.5
87922
27200
83146
26393.8
78519.6
25552
74032.3
24809.8
69690.2
24025.7
65465
23342.9
61379.2
22638
57402.9
21952.9
53544.2
21386.4
49793.4
20733.8
46151.7
20164.3
42598.4
19644.6
39140.9
19114.3
35767.1
18613.8
32452.1
18193.2
29227.8
17763.1
26045.7
17363.3
22889.7
17065.2
19805.8
16734.6
16709.4
16512.4
16393.5
13504
320663
81774.1
308416
79148.9
296569
76614.7
285107
74164.5
274015
71787.4
263279
69486.7
252887
67257.2
242833
65104.8
233106
63026.9
223694
61030.9
214582
59096.3
205761
57217.8
197220
55406.6
188954
53635
180950
51928.4
173206
50272.6
165702
48673.2
158445
47118.9
151412
45629.5
144607
44189.2
138022
42791.2
131636
41458.6
125462
40146.6
119470
38889.7
113674
37673.6
108063
36490.9
102621
35363.6
97355.6
34233.1
92256.2
33193.9
87318.5
32137.7
82536.6
31175.8
77903.6
30185
73416.1
29297.3
69065.6
28376.2
64850.2
27558.3
60765.3
26722.9
56787.7
25930.5
52928.8
25245.4
49187.8
24474.7
45517.8
23834.4
41987
23175.4
38497.8
22603.5
35133.7
21977.9
31798.2
21528.7
28534.9
21026.4
25282.7
20615.5
22099.8
20248.1
18850.1
19984.3
15715.7
19646.8
19622.3
12486.9
320608
94499.2
308299
91458
296395
88519.1
284881
85678.5
273739
82929
262956
80269.8
252515
77697.8
242410
75210
232635
72801.9
223182
70484
214035
68243
205187
66065.9
196625
63969.1
188335
61924.5
180309
59954.8
172543
58038.7
165017
56199
157731
54405.1
150674
52686.2
143848
51015.1
137240
49399.1
130849
47850.2
124658
46337.6
118667
44880.6
112865
43475
107251
42105.5
101815
40799.6
96538.8
39508.9
91436.1
38296.6
86494
37079.8
81706
35963.7
77071.8
34819.2
72580.7
33788.4
68224.2
32732.7
63993.7
31788.8
59903
30813.6
55928
29905.5
52095.4
29078
48353.9
28216.3
44696.3
27491.9
41159.3
26712.4
37690.7
26072.1
34326.2
25342.4
31043.9
24811
27843.6
24226.8
24642.6
23816.5
21466.9
23423.8
18203.3
23247.8
14852
22998.1
23049.3
11425
-579.123
-94827.2
95406.3
-1181.23
-91708.4
92310.5
-1745.23
-88750.9
89314.9
-2287.96
-85867.6
86410.4
-2807.07
-83089.5
83608.6
-3308.77
-80398.8
80900.5
-3790.4
-77793.8
78275.4
-4253.94
-75288.4
75752
-4707.55
-72839.3
73293
-5137.92
-70491.7
70922
-5547.72
-68218
68627.8
-5944.25
-66016
66412.5
-6325
-63882.4
64263.2
-6687.49
-61827.6
62190.1
-7034.06
-59839.6
60186.2
-7369.42
-57903.8
58239.2
-7684.24
-56043.7
56358.5
-7981.68
-54252
54549.4
-8267.3
-52509.3
52794.9
-8537.39
-50822.7
51092.8
-8792.15
-49206.5
49461.3
-9032.28
-47633
47873.2
-9256.79
-46124.7
46349.2
-9473.34
-44659.1
44875.7
-9680.05
-43252
43458.7
-9883.67
-41883.5
42087.1
-10084.1
-40567.4
40767.8
-10277.8
-39277.5
39471.2
-10451.9
-38033.3
38207.4
-10590.6
-36836.4
36975.1
-10689.3
-35711.7
35810.4
-10743.2
-34638
34691.9
-10768.2
-33647.1
33672.2
-10788.2
-32687.6
32707.6
-10789.5
-31827.6
31828.9
-10821.8
-31022.7
31055
-10910.1
-30220.9
30309.3
-11013.9
-29506.3
29610
-11180
-28818.8
28984.8
-11461.4
-28166.4
28447.8
-11809.2
-27481.3
27829.2
-12231
-26764.9
27186.6
-12794.7
-26088.8
26652.5
-13317
-25283.6
25806
-13727.6
-24512.9
24923.5
-14000.6
-23622.4
23895.4
-13984.7
-22833.9
22818
-13676.3
-22071
21762.6
-13151.6
-21730.8
21206.1
-21561.9
21071.7
-12661.3
-542.948
-94284.2
-1058.26
-91193.1
-1562.98
-88246.2
-2029.22
-85401.4
-2483.33
-82635.4
-2916.48
-79965.7
-3332.46
-77377.8
-3740.3
-74880.6
-4129.76
-72449.9
-4497.32
-70124.1
-4852.07
-67863.2
-5195.39
-65672.6
-5521.93
-63555.9
-5833.08
-61516.5
-6134.1
-59538.6
-6416.09
-57621.8
-6675.78
-55784
-6929.52
-53998.2
-7173.4
-52265.4
-7397.37
-50598.8
-7611.74
-48992.1
-7814.61
-47430.2
-8005.01
-45934.3
-8189.72
-44474.4
-8362.94
-43078.7
-8529.15
-41717.3
-8684.87
-40411.7
-8823
-39139.3
-8928.12
-37928.2
-8991.47
-36773
-9030.85
-35672.3
-9044.76
-34624.1
-9048.2
-33643.7
-9070.36
-32665.5
-9120.81
-31777.2
-9216.57
-30927
-9362.79
-30074.7
-9563.96
-29305.1
-9832.69
-28550.1
-10184.5
-27814.7
-10574.9
-27090.8
-10979.9
-26360
-11403.8
-25664.8
-11738.4
-24949
-11983.5
-24267.8
-12097.1
-23508.9
-12022.5
-22908.4
-11843.4
-22250.1
-11650.8
-21923.4
-21717.4
-11495.3
-462.383
-93821.8
-891.178
-90764.3
-1307.88
-87829.5
-1709.53
-84999.7
-2103.52
-82241.4
-2479.03
-79590.2
-2845.09
-77011.7
-3202.04
-74523.7
-3530.95
-72121
-3843.27
-69811.8
-4146.71
-67559.8
-4437.35
-65382
-4707.69
-63285.6
-4972.27
-61251.9
-5226.54
-59284.3
-5459.08
-57389.3
-5682.76
-55560.3
-5905.8
-53775.2
-6112.62
-52058.6
-6302.86
-50408.5
-6489.82
-48805.2
-6664.44
-47255.5
-6830.79
-45768
-6989.23
-44316
-7137.25
-42930.7
-7274.15
-41580.4
-7396.4
-40289.4
-7502.5
-39033.2
-7581.12
-37849.6
-7642.81
-36711.3
-7704.02
-35611.1
-7773.52
-34554.6
-7857.89
-33559.3
-7956
-32567.4
-8085.19
-31648
-8239.61
-30772.5
-8403.2
-29911.1
-8583.23
-29125.1
-8777.47
-28355.8
-9001.37
-27590.8
-9241.54
-26850.6
-9465.62
-26135.9
-9704.91
-25425.5
-9925.73
-24728.2
-10100.8
-24092.7
-10207.7
-23402
-10219.6
-22896.6
-10132.6
-22337.1
-10003.5
-22052.5
-21775.5
-9945.39
-393.304
-93428.5
-737.494
-90420.1
-1078.64
-87488.3
-1416.44
-84661.9
-1744.96
-81912.9
-2056.77
-79278.4
-2357.3
-76711.2
-2640.92
-74240
-2901.92
-71860
-3158.38
-69555.3
-3407.82
-67310.3
-3642.86
-65147
-3864.07
-63064.4
-4076.96
-61039
-4275.86
-59085.4
-4460.82
-57204.3
-4643.1
-55378
-4818.83
-53599.5
-4975.46
-51901.9
-5125.03
-50259
-5270.74
-48659.5
-5402.45
-47123.8
-5529.97
-45640.4
-5647.7
-44198.2
-5755.69
-42822.7
-5851.38
-41484.7
-5936.22
-40204.6
-6011.56
-38957.9
-6079.4
-37781.7
-6155.24
-36635.5
-6232.88
-35533.4
-6323.33
-34464.1
-6432.12
-33450.5
-6527.41
-32472.1
-6623.38
-31552
-6734.78
-30661.1
-6855.4
-29790.5
-7019.5
-28961
-7207.44
-28167.9
-7424.79
-27373.4
-7656.76
-26618.7
-7874.39
-25918.3
-8074.12
-25225.8
-8235.02
-24567.3
-8381.4
-23946.3
-8456.36
-23327
-8472.23
-22880.7
-8422.79
-22386.5
-8359.48
-22115.8
-21779.7
-8355.3
-299.939
-93128.6
-578.109
-90141.9
-849.156
-87217.3
-1122.61
-84388.5
-1375.18
-81660.3
-1620.71
-79032.8
-1853.67
-76478.2
-2067.44
-74026.3
-2270.24
-71657.2
-2480.12
-69345.4
-2678.7
-67111.8
-2860.71
-64965
-3038.15
-62886.9
-3204.11
-60873.1
-3355.07
-58934.5
-3507.43
-57052
-3657.08
-55228.4
-3788.28
-53468.3
-3906.95
-51783.3
-4032.21
-50133.7
-4147.27
-48544.4
-4254.3
-47016.8
-4357.17
-45537.6
-4450.68
-44104.7
-4538.98
-42734.4
-4620.84
-41402.8
-4699.71
-40125.7
-4768.35
-38889.3
-4839.72
-37710.4
-4927.7
-36547.5
-5000.16
-35461
-5071.27
-34393
-5161.14
-33360.7
-5247.82
-32385.4
-5353.6
-31446.2
-5493.27
-30521.5
-5634.78
-29649
-5787.58
-28808.2
-5927.93
-28027.5
-6051.18
-27250.2
-6177.08
-26492.8
-6292.04
-25803.3
-6376.43
-25141.4
-6429.14
-24514.6
-6500.19
-23875.2
-6538.15
-23289.1
-6597.03
-22821.8
-6606.78
-22376.8
-6605.67
-22116.9
-21785.9
-6599.43
-216.507
-92912.1
-448.479
-89910
-664.473
-87001.3
-858.759
-84194.2
-1037.81
-81481.3
-1212.94
-78857.7
-1375.29
-76315.9
-1526.37
-73875.2
-1684.54
-71499
-1840.76
-69189.2
-1972.88
-66979.7
-2096.45
-64841.4
-2221.75
-62761.6
-2337.48
-60757.3
-2443.04
-58828.9
-2550.6
-56944.4
-2650.55
-55128.4
-2733.44
-53385.4
-2817.31
-51699.4
-2902.86
-50048.1
-2975.57
-48471.7
-3048.6
-46943.8
-3115.09
-45471.1
-3176.34
-44043.5
-3233.54
-42677.2
-3293.96
-41342.4
-3356.59
-40063.1
-3408.34
-38837.5
-3461.61
-37657.1
-3527.52
-36481.6
-3599.77
-35388.7
-3674.4
-34318.4
-3763.65
-33271.4
-3853.72
-32295.3
-3939.79
-31360.1
-4028.31
-30433
-4096.36
-29580.9
-4155.2
-28749.3
-4234.04
-27948.7
-4323.23
-27161
-4422.8
-26393.2
-4527.98
-25698.1
-4635.27
-25034.1
-4711.19
-24438.6
-4805.98
-23780.4
-4845.31
-23249.8
-4859.08
-22808.1
-4828.32
-22407.5
-4835.6
-22109.7
-21751.2
-4870.39
-140.943
-92771.1
-304.24
-89746.7
-449.01
-86856.5
-573.119
-84070.1
-693.973
-81360.4
-809.444
-78742.2
-908.026
-76217.3
-1012.96
-73770.2
-1122.69
-71389.3
-1208.96
-69103
-1284.71
-66903.9
-1368.17
-64757.9
-1443.67
-62686.1
-1510.98
-60690
-1581.73
-58758.2
-1648.39
-56877.8
-1700.61
-55076.2
-1755.5
-53330.5
-1820.39
-51634.5
-1873.06
-49995.5
-1918.31
-48426.5
-1966.36
-46895.7
-2011.57
-45425.9
-2056.41
-43998.6
-2099.04
-42634.6
-2141.54
-41299.9
-2180.16
-40024.5
-2227.33
-38790.3
-2279.57
-37604.9
-2324.1
-36437.1
-2383.13
-35329.7
-2441.77
-34259.7
-2477.29
-33235.9
-2513.94
-32258.7
-2554.68
-31319.4
-2606.32
-30381.3
-2666.2
-29521.1
-2740.91
-28674.6
-2851.53
-27838.1
-2942.49
-27070
-3014.12
-26321.6
-3044.45
-25667.8
-3079.99
-24998.6
-3110.38
-24408.3
-3115.32
-23775.5
-3052.61
-23312.5
-3057.12
-22803.5
-3049.6
-22415
-3046.05
-22113.2
-21844.6
-2952.6
-93.8704
-92677.3
-161.953
-89678.6
-227.781
-86790.7
-289.452
-84008.4
-351.809
-81298
-404.211
-78689.8
-453.275
-76168.2
-509.172
-73714.3
-543.378
-71355.1
-562.458
-69083.9
-595.665
-66870.7
-628.907
-64724.7
-646.473
-62668.6
-665.771
-60670.7
-693.542
-58730.4
-710.451
-56860.9
-719.165
-55067.5
-738.333
-53311.3
-754.445
-51618.4
-761.496
-49988.4
-773.921
-48414
-785.082
-46884.6
-794.271
-45416.7
-804.288
-43988.6
-820.244
-42618.6
-831.43
-41288.7
-836.115
-40019.8
-867.832
-38758.6
-911.287
-37561.4
-928.842
-36419.5
-941.972
-35316.6
-967.212
-34234.5
-979.496
-33223.6
-1019.64
-32218.5
-1074.19
-31264.9
-1121.19
-30334.3
-1163.71
-29478.5
-1193.75
-28644.6
-1214.16
-27817.7
-1202.33
-27081.8
-1215.67
-26308.3
-1215.95
-25667.5
-1227.92
-24986.6
-1263.46
-24372.7
-1284.82
-23754.2
-1312.5
-23284.8
-1367.77
-22748.3
-1279.48
-22503.3
-1315.93
-22076.8
-21981.5
-1179.03
-25.4923
-92651.8
-8.65613
-89695.4
1.31371
-86800.7
2.7713
-84009.9
11.6249
-81306.9
25.9466
-78704.2
27.5583
-76169.8
44.0965
-73730.9
73.2913
-71384.3
91.6918
-69102.3
105.926
-66884.9
132.16
-64750.9
158.035
-62694.4
175.032
-60687.7
198.059
-58753.4
227.565
-56890.4
247.06
-55087
262.847
-53327.1
287.146
-51642.7
307.663
-50008.9
320.96
-48427.3
336.005
-46899.6
351.968
-45432.6
363.866
-44000.5
370.143
-42624.9
373.347
-41291.9
376.536
-40023
384.112
-38766.2
392.455
-37569.8
401.957
-36429
405.865
-35320.5
393.534
-34222.2
391.359
-33221.4
378.049
-32205.2
375.048
-31261.9
392.084
-30351.4
396.262
-29482.7
385.76
-28634.1
358.607
-27790.5
332.388
-27055.6
285.573
-26261.4
251.09
-25633
227.665
-24963.2
232.62
-24377.7
259.235
-23780.8
320.403
-23346
357.149
-22785
477.404
-22623.6
507.902
-22107.3
-22138.4
664.83
69.8319
-92721.6
132.977
-89758.6
207.302
-86875
283.44
-84086
371.461
-81394.9
452.845
-78785.5
539.19
-76256.2
632.234
-73823.9
709.989
-71462
775.98
-69168.3
858.631
-66967.6
943.378
-64835.7
1013.12
-62764.2
1082.6
-60757.2
1165.18
-58836
1240.08
-56965.3
1304.19
-55151.1
1372.86
-53395.8
1438.78
-51708.6
1497.84
-50068
1559.5
-48489
1617.58
-46957.7
1669.75
-45484.8
1718.52
-44049.3
1772.81
-42679.2
1813.56
-41332.7
1837.88
-40047.3
1886.69
-38815
1938.21
-37621.3
1959.48
-36450.3
1977.19
-35338.2
1995.96
-34240.9
2022.13
-33247.6
2043.51
-32226.6
2048.05
-31266.4
2047.28
-30350.6
2021.92
-29457.4
2005.76
-28617.9
1986.13
-27770.9
1983.41
-27052.9
2035.54
-26313.6
2065.04
-25662.5
2106.77
-25004.9
2099.72
-24370.6
2110.26
-23791.3
2094.31
-23330
2136.95
-22827.7
2153.72
-22640.3
2279.36
-22232.9
-22151.7
2292.58
174.078
-92895.7
318.969
-89903.5
471.109
-87027.1
630.65
-84245.6
781.617
-81545.9
930.307
-78934.2
1090.24
-76416.1
1240.52
-73974.2
1377.76
-71599.3
1518.18
-69308.7
1655.92
-67105.3
1780.64
-64960.4
1900.98
-62884.5
2027.87
-60884.1
2148.27
-58956.4
2256.38
-57073.4
2363.78
-55258.5
2470.73
-53502.7
2572.72
-51810.6
2670.42
-50165.7
2764.68
-48583.2
2852.38
-47045.4
2934.24
-45566.7
3013.65
-44128.7
3094.31
-42759.9
3174.65
-41413
3239.89
-40112.5
3299.16
-38874.3
3357.72
-37679.8
3397.94
-36490.5
3459.31
-35399.6
3518.56
-34300.2
3546.68
-33275.7
3563.18
-32243.1
3577.23
-31280.5
3604.13
-30377.5
3626.31
-29479.5
3665.18
-28656.8
3702.7
-27808.4
3719.78
-27070
3738.2
-26332
3699.33
-25623.7
3683.59
-24989.2
3656.96
-24344
3678.28
-23812.6
3718.43
-23370.2
3796.74
-22906
3832.9
-22676.5
3969.51
-22369.5
-22202.1
4019.98
256.083
-93151.8
514.024
-90161.4
757.193
-87270.3
991.233
-84479.6
1215.74
-81770.4
1440.14
-79158.6
1653.64
-76629.6
1856.34
-74176.9
2066.6
-71809.5
2276.82
-69518.9
2468.54
-67297
2650.25
-65142.1
2838.35
-63072.6
3021.93
-61067.7
3186.12
-59120.6
3343.24
-57230.5
3501.43
-55416.7
3653.85
-53655.1
3801.78
-51958.6
3944.04
-50308
4078.82
-48718
4208.89
-47175.4
4336.28
-45694.1
4458.32
-44250.7
4564.39
-42865.9
4676.72
-41525.4
4792.41
-40228.2
4880.3
-38962.2
4968.39
-37767.9
5049.51
-36571.6
5124.65
-35474.7
5188.26
-34363.8
5222.56
-33310
5282.65
-32303.2
5350.89
-31348.7
5409.11
-30435.7
5436.61
-29507
5438.12
-28658.3
5462.44
-27832.7
5454.95
-27062.5
5474.38
-26351.4
5462.92
-25612.2
5495.92
-25022.2
5531.06
-24379.1
5569.3
-23850.9
5600.63
-23401.5
5626.65
-22932
5585.93
-22635.8
5664.01
-22447.6
-22197.2
5659.1
353.646
-93505.4
704.74
-90512.5
1041.42
-87607
1358.03
-84796.2
1668.83
-82081.2
1964.25
-79454
2238.98
-76904.4
2504.13
-74442.1
2766.64
-72072
3019.8
-69772.1
3266.47
-67543.7
3511.48
-65387.1
3749.75
-63310.9
3972.12
-61290
4184.82
-59333.3
4392.81
-57438.5
4593.93
-55617.8
4785.23
-53846.4
4967.16
-52140.5
5139.77
-50480.6
5305.22
-48883.5
5468.11
-47338.3
5621.95
-45847.9
5770.92
-44399.7
5908.55
-43003.6
6032.67
-41649.5
6169.02
-40364.5
6286.2
-39079.4
6404.69
-37886.4
6524.91
-36691.9
6614.85
-35564.6
6711.59
-34460.5
6800.01
-33398.4
6902.61
-32405.8
6975.45
-31421.5
7009.7
-30470
7057.98
-29555.3
7087.52
-28687.8
7157.46
-27902.7
7186.06
-27091.1
7238.62
-26404
7259.17
-25632.7
7260.79
-25023.8
7245.37
-24363.7
7217.67
-23823.2
7181.08
-23364.9
7190.39
-22941.3
7164.13
-22609.5
7181.72
-22465.2
-22236.8
7221.27
453.996
-93959.4
882.134
-90940.6
1291.12
-88016
1684.44
-85189.5
2063.58
-82460.3
2426.85
-79817.3
2782.23
-77259.7
3126.6
-74786.4
3447.75
-72393.2
3753.81
-70078.1
4057.52
-67847.4
4354.55
-65684.1
4637.41
-63593.7
4909.85
-61562.5
5181.73
-59605.1
5448.14
-57704.9
5699.8
-55869.5
5940.68
-54087.3
6169.5
-52369.3
6391.5
-50702.6
6602.39
-49094.4
6802.79
-47538.7
6994.62
-46039.8
7172.44
-44577.5
7354.93
-43186
7514.08
-41808.6
7669.79
-40520.3
7822.06
-39231.6
7953.81
-38018.2
8096.3
-36834.4
8212.37
-35680.7
8343.49
-34591.7
8464.77
-33519.7
8554.51
-32495.5
8635.77
-31502.8
8699.63
-30533.8
8808.93
-29664.6
8884.14
-28763
8953.8
-27972.3
8980.23
-27117.5
8981.54
-26405.3
8969.09
-25620.3
8953.56
-25008.3
8948.17
-24358.3
8951.81
-23826.8
8924.32
-23337.4
8947.97
-22965
8871.62
-22533.2
8813.41
-22407
-22132.1
8708.72
539.378
1050.62
1538.47
2005.6
2447.74
2877.02
3296.85
3702.54
4092.78
4464.9
4818.03
5153.41
5469
5778.28
6080.21
6378
6671.63
6955.52
7231.72
7495.7
7755.6
7992.78
8225.56
8437.27
8641.18
8837.03
9005.78
9193.01
9345.76
9505.62
9656.89
9790.6
9936.77
10042.5
10181.2
10289.8
10389.5
10466.8
10516.1
10558.4
10592.2
10630.3
10668.4
10686.9
10694.2
10603.7
10519
10358.5
10186.9
9987.16
10251.5
18909.7
-8089.56
12455.7
19001.9
14631.3
19587
16706.4
20743
18672.3
21929.4
20542
23053.7
22341.2
24006.8
24182.6
24811.1
25988.8
25380.4
27828.6
25989.4
29766.5
26509.9
31792.2
26959.2
33933.6
27468.6
36194.2
28048.7
38557.4
28691.8
41034.6
29351.6
43647.4
30094.8
46374
30945.6
49200.8
31865.2
52129.5
32881.6
55148.3
33956.3
58261.2
35094.5
61468.7
36263.6
64767.2
37469.4
68158.8
38695.5
71659.5
39958
75276.9
41258.2
79019
42607.1
82891.6
44000.6
86895.4
45457.5
91031.9
46956.3
95311.2
48515.6
99729.9
50130.8
104294
51794.5
109013
53519.8
113890
55309.9
118923
57156.4
124122
59064
129497
61038
135050
63075.1
140788
65183.7
146720
67360.9
152852
69620.3
159182
71945.3
165730
74352.3
172497
76841.6
179496
79411.6
186741
82069.5
194224
84827.4
87677.4
201953
10689
16582.5
-8361.77
12978.2
16712.7
15214.3
17351
17339.5
18617.7
19396.7
19872.3
21305.2
21145.2
23077.6
22234.4
24829.9
23058.8
26542.7
23667.6
28327.2
24205
30217.1
24619.9
32185.9
24990.4
34223.5
25431.1
36410.8
25861.3
38787.9
26314.8
41295.3
26844.3
43906.9
27483.2
46630
28222.5
49462.3
29032.9
52404.8
29939.1
55442
30919.1
58573.5
31963
61794.2
33042.9
65104
34159.7
68502.8
35296.7
72000.8
36459.9
75607.6
37651.5
79339.5
38875.1
83202.8
40137.3
87198.6
41461.7
91326.1
42828.9
95596.9
44244.7
100010
45717.4
104566
47238.5
109273
48812.9
114139
50444.4
119166
52128.7
124359
53871.3
129725
55672.2
135268
57532.5
140993
59458.2
146909
61444.9
153029
63500.7
159348
65625.6
165878
67822.5
172627
70093.2
179597
72441.7
186800
74866
194254
77373.5
79969.8
201961
10760.5
14111.9
-8289.98
13346.5
14126.7
15834.1
14863.4
18130.9
16320.9
20199.4
17803.8
22102.1
19242.5
23856.4
20480.1
25583.7
21331.5
27282.6
21968.7
28971.5
22516.1
30752.6
22838.8
32653.7
23089.3
34669.1
23415.7
36771.8
23758.6
38991.1
24095.5
41386.9
24448.4
43989.2
24880.9
46762.7
25449.1
49650.1
26145.4
52641.7
26947.5
55722.3
27838.5
58878
28807.3
62107.2
29813.7
65420.9
30846
68817.7
31899.9
72302.2
32975.3
75887.5
34066.2
79597.4
35165.2
83447.6
36287.1
87443
37466.2
91576
38695.9
95849.4
39971.4
100264
41303
104818
42683.8
109521
44110
114378
45587.3
119395
47112.4
124579
48686.6
129937
50314.4
135473
51996.7
141192
53738.8
147098
55539.2
153200
57398.9
159506
59319.7
166022
61306.7
172754
63360.9
179711
65484.7
186895
67681.4
194320
69949.1
72291
201999
10690.9
11541.6
-8120.56
13410.9
11406.7
16157.6
12116.7
18784.6
13693.8
21115.2
15473.2
23071.1
17286.6
24756.7
18794.5
26381.7
19706.5
27963.7
20386.8
29570.4
20909.3
31242.8
21166.4
32994.4
21337.7
34855.8
21554.2
36866.1
21748.4
39065.3
21896.3
41439.5
22074.1
43986
22334.4
46705.6
22729.5
49589.1
23261.9
52628.4
23908.2
55786.2
24680.7
59038
25555.6
62354.1
26497.5
65720.8
27479.4
69139.6
28481.1
72627.6
29487.4
76205.4
30488.3
79886.5
31484.1
83691.5
32482.1
87651.4
33506.4
91769.8
34577.4
96040.6
35700.6
100459
36884.6
105019
38123.9
109723
39405.8
114579
40731.1
119594
42097.4
124774
43507
130126
44962.5
135656
46466.8
141372
48023.1
147277
49633.8
153373
51303.1
159665
53027.4
166165
54807.2
172882
56643
179825
58542.4
187001
60505.3
194413
62537.3
64637.1
202067
10737.9
8736.82
-7933.1
13820.3
8324.22
16860.4
9076.64
19674.4
10879.9
22098.6
13049
24158.5
15226.7
25911
17042.1
27447.3
18170.1
28853.8
18980.3
30244.4
19518.7
31671
19739.9
33247.9
19760.8
35005.3
19796.8
36935.9
19817.8
38998.7
19833.4
41246
19826.9
43742.9
19837.5
46486.4
19986
49454.3
20294
52598.2
20764.2
55863.7
21415.2
59204.1
22215.2
62590.1
23111.5
66008.1
24061.4
69455.6
25033.5
72940.1
26002.9
76489.6
26938.7
80138.7
27835.1
83910.6
28710.2
87831.7
29585.3
91919
30490.1
96179.6
31440.1
100613
32451.1
105200
33537.2
109923
34682.8
114785
35869.1
119794
37087.9
124963
38337.8
130307
39618.9
135832
40941.8
141541
42313.7
147439
43736.4
153534
45207.9
159832
46729.5
166330
48308.9
173033
49939.6
179958
51617.9
187117
53345.9
194517
55137.9
56987.8
202166
9536.09
5772.32
-6571.59
13047
4813.31
17113.2
5010.4
20981.3
7011.84
23898.6
10131.7
25799.9
13325.4
27256.5
15585.4
28549.7
16876.9
29836.5
17693.5
31082.5
18272.7
32350
18472.4
33703.3
18407.5
35175.9
18324.2
36781.5
18212.2
38633.7
17981.3
40802.3
17658.2
43205.1
17434.7
45831.9
17359.2
48762.3
17363.6
51984.6
17541.9
55451.4
17948.5
59119.9
18546.7
62843.3
19388.1
66460.5
20444.3
69944.5
21549.5
73381.4
22566
76851
23469.2
80395.7
24290.4
84061.7
25044.2
87900
25747
91954.4
26435.7
96223.5
27171
100682
27992.8
105305
28913.7
110070
29918.3
114966
30972.8
119992
32061.8
125158
33171.7
130483
34294.1
135991
35433.5
141703
36602.4
147611
37828.2
153708
39111.4
159993
40444.1
166485
41817
173194
43230
180115
44697.5
187261
46200.2
194648
47750.9
49346.9
202289
6196.9
2767.99
-3192.57
9884.42
1125.79
14699.5
195.364
20374.5
1336.82
25410.3
5095.82
28455.7
10280
29618
14423.2
30298.5
16196.4
30962.3
17029.6
31831.8
17403.2
32930.7
17373.5
34023.9
17314.3
35192.4
17155.7
36582.1
16822.5
38227
16336.4
40032.2
15853
42102.4
15364.5
44661.8
14799.8
47706.9
14318.5
51138.5
14110.3
54922.5
14164.5
58919.1
14550.1
62927.3
15379.8
66868.5
16503.1
70660.7
17757.2
74209.8
19016.9
77591
20088
80952
20929.4
84404.7
21591.5
88044.8
22106.8
91920.6
22560
96064.1
23027.4
100510
23546.6
105243
24180.9
110175
24986.3
115202
25946.3
120270
26993.3
125406
28036.2
130673
29026.7
136122
29984.5
141787
30937.4
147706
31909.7
153854
32963.4
160185
34113.1
166681
35320.7
173370
36541.4
180274
37792.7
187421
39054.1
194815
40356.4
41714.6
202447
4434.78
-549.549
-1117.25
7737.02
-2176.44
11610.2
-3677.83
17257
-4309.93
24087.1
-1734.35
29680.8
4686.3
32370.6
11733.4
32884.7
15682.2
32883.1
17031.2
33198.8
17087.5
33631
16941.4
34276.8
16668.4
35233.8
16198.8
36334.3
15722
37498.8
15172
38922.9
14428.8
40771.4
13516.1
42956.7
12614.5
45465.8
11809.3
48700.5
10875.6
53004.9
9860.07
58155.4
9399.66
63515.6
10019.6
68353.8
11664.9
72340.1
13770.9
75691
15666.1
78702.4
17076.5
81627
18004.9
84643.9
18574.6
87900.4
18850.4
91503.9
18956.5
95535.4
18995.9
100036
19045.8
104961
19256.4
110134
19812.9
115393
20687.4
120647
21738.9
125813
22870.9
130967
23871.8
136272
24679.7
141843
25366.5
147715
26038.4
153886
26791.5
160320
27679.2
166938
28702.9
173682
29797.2
180542
30933.1
187614
31981.8
194943
33028
34110.2
202547
4391.33
-4285.34
-655.543
7929.53
-5714.64
11197.1
-6945.37
14955.2
-8068.05
20696.9
-7476.02
27945.6
-2562.42
32493.3
7185.78
34186.6
13988.9
34436
16781.8
34177.1
17346.5
34107.3
17011.1
34463
16312.7
34913.7
15748
35417.6
15218.1
36232.8
14356.7
37384.8
13276.8
38559.9
12341.1
39746.2
11428.1
41520.4
10035.1
44483.2
7912.82
48895.9
5447.36
54901.8
3393.75
62379.9
2541.55
70252.6
3792.2
76465.1
7558.44
79996
12135.2
81999.2
15073.3
83581.5
16422.6
85318.3
16837.8
87557.1
16611.5
90267.3
16246.3
93521.8
15741.5
97754.3
14813.3
103275
13735.3
109706
13382.6
116154
14238.8
121893
15999.9
126884
17879.8
131570
19185.6
136292
19958.1
141438
20220.8
147253
20222.8
153723
20322.3
160555
20847
167392
21865.5
174124
23065.8
180878
24179
187836
25023.8
195177
25687
26382.7
202904
4663.91
-7653.41
-1295.83
7901.45
-8952.18
10806.5
-9850.45
13701.4
-10962.9
17394.9
-11169.5
23615.6
-8783.11
29860.4
940.943
33081.8
10767.5
34195.8
15667.8
34237.6
17304.6
34119.6
17129.1
34109.6
16322.8
34222.6
15635
34789.7
14651.1
35398.4
13748
35504
13171.2
35591.9
12253.2
36776.1
10243.9
39580.5
7230.72
43902.6
3590.77
49550.7
-200.829
56425
-3480.53
64462.8
-5496.22
73618.9
-5363.88
83071.1
-1893.81
89282.7
5923.58
91237.5
13118.4
90569.9
17090.3
89590.5
17817.2
89191.4
17010.6
88789.7
16647.9
88939.6
15591.6
91457.3
12295.7
97676.1
7516.49
106783
4275.65
117079
3942.74
126646
6433.32
133003
11522.7
136815
15373.5
139257
17516.1
141473
18004.6
144981
16715.1
151008
14294.7
159094
12761.4
168008
12951.9
176329
14744.8
183026
17481.2
188890
19159.8
194835
19742
19553.9
201664
5174.18
-10625.3
-2202.27
7883.4
-11661.4
10049
-12016
11993.1
-12907.1
14401
-13577.4
18110.9
-12493
23907.3
-4855.5
28373.9
6300.88
30918.8
13122.9
32298.4
15925
32848
16579.6
32666.4
16504.4
32812.3
15489.1
33084.4
14379
32501.4
14331
31464
14208.6
31506.5
12210.7
34029.5
7720.98
38556.1
2704.08
44313.6
-2166.75
50818.6
-6705.78
57699.9
-10361.8
64600.5
-12396.8
71852.2
-12615.7
80219.1
-10260.6
87022.5
-879.856
90252.3
9888.61
91134.7
16207.9
90443.4
18508.5
88352.5
19101.6
86019.8
18980.6
85433.8
16177.6
89219.6
8509.9
96837.6
-101.507
106773
-5659.5
117880
-7164.04
129551
-5238.16
138042
3031.76
141477
11938.8
142207
16785.8
142229
17982
143062
15883
148912
8443.88
158660
3013.56
169609
2003.35
180301
4052.1
187567
10215.7
192491
14236.1
197285
14947.6
13665.1
203174
5923.97
-13011.1
-3538.2
8059.05
-13796.5
9625.09
-13582
10560.3
-13842.3
11521.8
-14538.8
13044.4
-14015.7
16541.8
-8352.89
20917.7
1925.03
24769
9271.64
27655.2
13038.8
29641.7
14593.1
31023.9
15122.1
31659.7
14853.3
31169.8
14868.9
29673.9
15826.9
28219.4
15663.1
28150.4
12279.6
31079.7
4791.71
36293.9
-2510.13
41930.2
-7803.08
46765.6
-11541.2
50963.8
-14559.9
55028.5
-16461.5
59379.3
-16966.5
63809.5
-14690.8
68066.2
-5136.6
72487
5467.84
75945.5
12749.3
77062.4
17391.6
76548.6
19615.3
76041.2
19488
77135.8
15083
82361.4
3284.34
89507.1
-7247.24
97072.2
-13224.6
104718
-14810.2
112710
-13230
118592
-2849.75
121221
9309.46
122831
15175.9
124774
16039.3
128658
11998.3
136739
363.086
146031
-6278.16
155179
-7144.29
162650
-3419.67
167919
4946.93
173244
8911.27
179427
8764.44
5128.33
187964
7280.99
-14821
-5471.12
8674.46
-15190
9686.23
-14593.8
9828.23
-13984.3
9706.3
-14416.9
9717.36
-14026.7
11343.2
-9978.7
15218
-1949.75
19603
4886.57
23377.6
9264.21
26283.2
11687.5
28702.6
12702.8
30302.2
13253.6
30621.2
14549.9
30489.6
15958.6
30264.7
15887.9
30186.8
12357.6
32554.5
2424.01
37071.1
-7026.7
42208.7
-12940.7
46272.6
-15605.1
48648.5
-16935.8
49981
-17794
51037.5
-18023
52064.3
-15717.6
55296.6
-8368.95
60076.7
687.824
64259.2
8566.73
67596.9
14054
70788.3
16423.9
73733.3
16543
76727
12089.3
80655.7
-644.29
84452.2
-11043.8
88367.9
-17140.3
92423
-18865.3
96400.6
-17207.6
100407
-6855.89
104451
5265.31
108786
10841
113343
11482.5
118203
7137.9
123126
-4559.61
128115
-11267.1
133383
-12412.6
139026
-9062.5
145011
-1038.83
151120
2802.38
157491
2393.34
-1636.45
164256
8789.5
-16246.2
-7364.27
9674.89
-16075.3
10269.2
-15188.1
10176.4
-13891.5
9303.42
-13543.9
8535.96
-13259.3
9182.9
-10625.6
12229.3
-4996.12
16341.2
774.624
20499.3
5106.13
24531.2
7655.54
28239.1
8994.87
31047.8
10444.9
33117.2
12480.5
35414.2
13661.7
38014.9
13287.2
40670.8
9701.58
44046.9
-952.025
47438.8
-10418.6
50585.3
-16087.2
53049.8
-18069.6
53916.6
-17802.6
53024.1
-16901.5
51764.1
-16763
51781.4
-15734.9
55013.5
-11601.1
60261.2
-4559.81
66132.3
2695.58
72180.3
8005.99
78108.6
10495.6
84366.8
10284.8
90950.8
5505.25
96222.7
-5916.19
98983.2
-13804.2
99536
-17693.2
99747.9
-19077.2
100731
-18190.2
105647
-11772.3
113799
-2886.47
122617
2022.44
131454
2645.61
139056
-463.674
143264
-8767.68
146602
-14604.9
150408
-16219.3
156404
-15058.6
165213
-9847.81
174409
-6393.03
183148
-6346.04
-8549.84
190062
10074.8
-17295.2
-9025.76
10538.8
-16539.3
10703.2
-15352.5
11016.3
-14204.7
10396.1
-12923.7
9225.59
-12088.7
9035.61
-10435.7
10997.7
-6958.25
14636.5
-2864.14
19222.1
520.494
24087.5
2790.18
28562
4520.36
32657.2
6349.67
37143.8
7993.91
41983.5
8821.92
47209.2
8061.53
53217.9
3692.96
58448.5
-6182.66
61407.9
-13378
62178.5
-16857.8
62095.8
-17986.9
61803.9
-17510.7
60986.7
-16084.3
59465.9
-15242.2
58455.8
-14724.8
60027
-13172.3
64886.6
-9419.4
71991.1
-4408.91
80230.7
-233.569
89206.1
1520.23
99371.1
119.815
109399
-4522.75
115148
-11665.4
117092
-15748
116487
-17087.8
114781
-17372.1
113348
-16756.9
115833
-14257.4
123601
-10654
134221
-8597.66
145858
-8991.35
157002
-11607.7
163573
-15338.4
166740
-17772.5
169108
-18587.2
172081
-18031.3
178792
-16558.8
188409
-16009.8
198815
-16752.2
-18409.5
208674
10743.1
-17914.8
-10123.5
11148.4
-16944.6
11362.8
-15567
11637.4
-14479.2
11834.2
-13120.6
11341.9
-11596.4
10981.2
-10074.9
12110.4
-8087.45
14998.2
-5751.98
19126
-3607.27
23775.9
-1859.75
28517.9
-221.603
33312.4
1555.15
38265.9
3040.33
43841.7
3246.13
50857.2
1046.05
58599.9
-4049.73
63282.8
-10865.6
64964.3
-15059.5
64393.9
-16287.4
62932.2
-16525.2
61942.9
-16521.4
61827.4
-15968.9
61720.1
-15134.9
61414.1
-14418.9
61919.7
-13677.9
64851
-12350.6
70666.3
-10224.3
78872.9
-8440.18
88836.5
-8443.33
99396.4
-10440.1
108204
-13330.5
112349
-15810.5
113861
-17259.4
114677
-17904.3
115281
-17975.5
116280
-17756.4
119378
-17355.1
125819
-17094.6
134666
-17444.8
144191
-18516.6
152533
-19949.8
158476
-21281.5
162875
-22171.2
166958
-22669.9
171995
-23068.5
178987
-23551
187293
-24316.2
195961
-25419.5
-26504.4
204056
11029
-18217.3
-10726.5
11431.9
-17347.5
12040.9
-16176
12396.6
-14834.9
12929.7
-13653.7
13527.6
-12194.3
14001.4
-10548.7
14932.3
-9018.36
16815.3
-7634.99
19589.4
-6381.37
22919.1
-5189.44
26703.6
-4006.13
31200.1
-2941.4
36625.2
-2384.74
43221.8
-3350.48
50893.6
-6625.76
57541.1
-10697.2
60375.7
-13700.2
60706
-15389.9
60652.5
-16233.8
60757.9
-16630.6
61071.1
-16834.6
61961.3
-16859.1
63406.5
-16580.1
65104.6
-16116.9
67072.9
-15646.1
69941.1
-15218.8
74615.3
-14898.5
81165.4
-14990.3
88490
-15767.9
95033.4
-16983.5
100010
-18306.7
103770
-19571.1
107069
-20558
110421
-21256.7
114193
-21747.7
118601
-22163.6
123837
-22592.1
129902
-23159
136406
-23948.6
142797
-24907.9
148799
-25951.6
154557
-27039.7
160391
-28004.8
166598
-28877.3
173311
-29781.8
180474
-30714.2
187906
-31747.8
195380
-32893.9
-34089.2
202965
11310
-18741
-10786.3
11788.6
-17826.1
12399.5
-16786.9
13086.5
-15521.9
13690.2
-14257.4
14605
-13109.1
15900.5
-11844.2
17455.5
-10573.4
19269.7
-9449.2
21440.8
-8552.41
24128
-7876.62
27480.3
-7358.45
31839.6
-7300.69
37543.9
-8089.09
43860.2
-9666.72
48997.4
-11763
52184.4
-13884.2
54056.5
-15572.2
55451.3
-16784.7
56872
-17654.5
58486
-18244.5
60247
-18595.6
62137.4
-18749.5
64350.9
-18793.7
67050.6
-18816.6
70272.3
-18867.8
74068.5
-19015
78518
-19348
83453.1
-19925.4
88409.9
-20724.7
93137.8
-21711.4
97629.2
-22798.1
101882
-23824.3
106046
-24721.7
110313
-25523.5
114844
-26279.1
119707
-27026.3
124927
-27811.6
130467
-28699.4
136226
-29708
142121
-30803
148095
-31924.9
154099
-33044.2
160257
-34162.8
166666
-35285.6
173339
-36455.1
180310
-37685.6
187548
-38985.3
194989
-40335.5
-41709.9
202610
11209.4
-19386.2
-10564.2
11969.5
-18586.2
12644.2
-17461.7
13533.5
-16411.1
14584.6
-15308.5
15705.4
-14229.9
17134.1
-13272.8
18983
-12422.3
21229.1
-11695.3
23765.5
-11088.8
26697.9
-10809.1
30278.4
-10938.9
34390.8
-11413.1
38651.3
-12349.7
42625.1
-13640.4
45992.3
-15130.2
48796.2
-16688.1
51235.9
-18012
53443.8
-18992.5
55536.8
-19747.6
57656
-20363.6
59897.9
-20837.5
62361.3
-21213
65107.4
-21539.8
68158.2
-21867.3
71561.1
-22270.8
75332.8
-22786.7
79422.7
-23437.9
83725.8
-24228.5
88138.7
-25137.7
92553.1
-26125.8
96892
-27137
101199
-28131
105579
-29102.2
110109
-30052.9
114829
-30999.5
119784
-31981.6
125009
-33036.6
130471
-34160.6
136105
-35342.2
141866
-36564.7
147758
-37816.3
153809
-39095.2
160057
-40411.1
166544
-41772.8
173268
-43178.6
180215
-44632.6
187367
-46137.7
194742
-47709.9
-49319.9
202352
11075
-20138.3
-10322.8
11873.2
-19384.5
12850.9
-18439.4
13832.9
-17393.1
15033.7
-16509.3
16530.4
-15726.6
18238.5
-14981
20111.6
-14295.4
22293
-13876.6
24888.8
-13684.6
27775.4
-13695.7
30908.7
-14072.2
34288
-14792.3
37746.1
-15807.8
41163.8
-17058.1
44390.8
-18357.2
47232.8
-19530.1
49766.3
-20545.4
52197.2
-21423.4
54624.6
-22175.1
57083.5
-22822.5
59652.1
-23406
62404.1
-23965
65386.2
-24521.9
68619.6
-25100.7
72098.4
-25749.6
75815.1
-26503.4
79739.5
-27362.3
83817
-28305.9
87986.6
-29307.2
92207.5
-30346.7
96481.3
-31410.8
100838
-32487.4
105313
-33577.5
109946
-34686
114772
-35825.4
119797
-37006.7
125005
-38244.6
130386
-39541.6
135930
-40886.6
141639
-42273.1
147526
-43703.1
153609
-45178.4
159896
-46698.3
166388
-48264.4
173092
-49882.8
180025
-51565.4
187191
-53304.2
194584
-55102.6
-56945.4
202209
10841.1
-21131.1
-9848.32
11779.5
-20322.9
12897.6
-19557.5
14244.7
-18740.2
15591.9
-17856.5
17110.1
-17244.8
18915.7
-16786.5
21027
-16406.8
23288.4
-16138
25729.6
-16125.8
28505.6
-16471.7
31544
-17110.6
34700.1
-17948.4
37825.5
-18933.2
40791.2
-20023.9
43551.4
-21117.4
46167.8
-22146.5
48717.3
-23095
51237
-23943.1
53803.7
-24741.8
56462.8
-25481.6
59270.1
-26213.4
62242.6
-26937.4
65394.7
-27674
68743.2
-28449.2
72276.9
-29283.3
75969.1
-30195.7
79802.8
-31196
83755.1
-32258.2
87812.4
-33364.5
91970.8
-34505
96232.3
-35672.4
100611
-36866.3
105129
-38095.1
109802
-39359.5
114644
-40667.6
119665
-42027.7
124862
-43441.4
130226
-44905.6
135758
-46418.3
141466
-47981.6
147360
-49596.6
153442
-51260.8
159725
-52980.8
166222
-54761.5
172941
-56602.1
179882
-58506.1
187045
-60467.2
194437
-62494.8
-64589.7
202081
10604.3
-22264.6
-9470.8
11800.3
-21518.9
12949.2
-20706.3
14369.9
-20160.9
15978.3
-19464.9
17691.3
-18957.9
19467.9
-18563
21451.9
-18390.8
23750.9
-18437
26312.4
-18687.3
29013.4
-19172.7
31767.9
-19865.1
34531.3
-20711.7
37289.9
-21691.8
40021.1
-22755.1
42726.1
-23822.4
45398
-24818.4
48034.1
-25731
50693.8
-26602.9
53413.1
-27461
56205
-28273.5
59107.7
-29116
62158.4
-29988.1
65362.5
-30878.1
68717.9
-31804.5
72224.2
-32789.7
75879.6
-33851.1
79671.2
-34987.6
83580.4
-36167.4
87600.7
-37384.9
91736.8
-38641.1
95994.2
-39929.8
100386
-41258.1
104925
-42633.7
109621
-44055.7
114479
-45525.8
119501
-47049.1
124687
-48628.3
130045
-50262.8
135576
-51949.7
141286
-53691.6
147181
-55491.2
153273
-57352.9
159571
-59279.4
166079
-61269.4
172801
-63324
179742
-65446.9
186912
-67637.6
194319
-69901.2
-72240.5
201970
10271.9
-23532.4
-9004.11
11589.2
-22836.1
12921.8
-22039
14423.4
-21662.5
16055.9
-21097.4
17853.2
-20755.2
19778.6
-20488.5
21820.2
-20432.4
24001
-20617.9
26381.1
-21067.4
28909
-21700.6
31529.6
-22485.7
34219.5
-23401.6
36942.9
-24415.2
39625.3
-25437.5
42243.6
-26440.8
44839.5
-27414.3
47467.6
-28359.1
50158
-29293.3
52934.8
-30237.9
55827.7
-31166.4
58825.1
-32113.4
61923.7
-33086.8
65157
-34111.5
68534.8
-35182.3
72056.5
-36311.3
75710.8
-37505.4
79479.1
-38755.8
83360.7
-40049
87367
-41391.2
91498.1
-42772.2
95760.5
-44192.2
100165
-45662.6
104714
-47182.9
109415
-48756
114275
-50386.7
119302
-52075.5
124494
-53820.8
129854
-55622
135386
-57482
141103
-59408.6
147010
-61398.7
153116
-63458.9
159422
-65585.6
165935
-67781.5
172662
-70051.5
179612
-72396.5
186793
-74819.1
194221
-77329
-79926
201906
9837.5
-24834.8
-8535.11
11286.9
-24285.5
12721.3
-23473.4
14336.4
-23277.6
16043.2
-22804.1
17857.5
-22569.5
19757
-22388
21837.4
-22512.8
24121.2
-22901.7
26518.9
-23465
28969.4
-24151.2
31488.2
-25004.4
34044.2
-25957.7
36589.8
-26960.7
39143.3
-27991
41721.5
-29018.9
44333.7
-30026.6
47003.2
-31028.5
49743
-32033.1
52557
-33051.9
55465.7
-34075
58482.1
-35129.8
61611.4
-36216
64877.7
-37377.8
68276.2
-38580.9
71801.6
-39836.7
75447.6
-41151.4
79208.6
-42516.8
83092.4
-43932.9
87100.2
-45399
91230.4
-46902.3
95496.1
-48458
99907.6
-50074.1
104467
-51742.4
109181
-53469.6
114052
-55258.1
119081
-57104.4
124273
-59012.6
129637
-60986.5
135182
-63027
140913
-65139.1
146832
-67318.3
152950
-69576.5
159267
-71902.5
165790
-74304.8
172533
-76794
179502
-79365.5
186708
-82025.5
194164
-84784.5
-87632
201870
9380.77
-26192.8
-8022.76
10959.1
-25863.9
12544.4
-25058.7
14184.3
-24917.5
15899.3
-24519.2
17774.8
-24445
19781.7
-24394.9
21891.8
-24622.9
24062.2
-25072.1
26300.9
-25703.7
28658.4
-26508.7
31099.7
-27445.7
33603.4
-28461.5
36136.1
-29493.4
38685.4
-30540.3
41260.6
-31594.2
43879.8
-32645.8
46555.4
-33704.2
49305
-34782.7
52142.5
-35889.5
55087.6
-37020.1
58138.1
-38180.4
61298.3
-39376.1
64581.2
-40660.8
67984.6
-41984.2
71511.8
-43363.8
75153.1
-44792.8
78913.5
-46277.2
82796.6
-47816
86801.2
-49403.5
90933.8
-51035
95211.4
-52735.6
99634.3
-54497
104204
-56312.4
108927
-58192.2
113802
-60133.3
118834
-62136.8
124037
-64214.7
129417
-66367
134976
-68586
140717
-70880.1
146646
-73246.9
152772
-75702.3
159096
-78226.4
165639
-80848.2
172404
-83559.4
179403
-86364
186646
-89268.5
194126
-92264.4
-95360.4
201854
11205.8
-25117.4
-12281.1
10459.4
-25117.4
10157.9
-24757.2
10000.2
-24759.9
9991.91
-24510.8
10165.9
-24619
10453.9
-24682.9
10880.3
-25049.3
11290.9
-25482.8
11600.4
-26013.2
11776
-26684.3
11804.2
-27474
11735
-28392.3
11604.1
-29362.4
11422.4
-30358.6
11225.6
-31397.4
11034.8
-32454.9
10844
-33513.4
10662.2
-34600.8
10491.4
-35718.7
10326
-36854.8
10181.4
-38035.7
10035.1
-39229.9
9866.14
-40491.8
9680.16
-41798.3
9481.01
-43164.7
9268.55
-44580.3
9041.58
-46050.3
8795.62
-47570
8539.3
-49147.2
8269.32
-50765
7980.78
-52447
7677.45
-54193.6
7360.03
-55995
7025.97
-57858.1
6682.1
-59789.4
6320.02
-61774.7
5933.87
-63828.5
5536.41
-65969.6
5124.94
-68174.5
4696.48
-70451.6
4247.58
-72798
3789.32
-75244
3308.54
-77745.7
2809.65
-80349.3
2289.08
-83038.9
1742.51
-85817.4
1178.66
-88704.7
582.184
-91667.9
-94778.2
9948.83
-24386
-10680.3
9329.22
-24497.8
8890.93
-24319
8589.19
-24458.1
8446.52
-24368.1
8490.44
-24662.9
8606.16
-24798.6
8810.12
-25253.2
9059.42
-25732.1
9344.82
-26298.6
9617.14
-26956.6
9811.91
-27668.7
9910.25
-28490.6
9923.05
-29375.2
9855.93
-30291.5
9732.72
-31274.1
9576.9
-32299.1
9394.02
-33330.5
9214.96
-34421.7
9046.61
-35550.3
8881.71
-36689.9
8734.08
-37888.1
8602.6
-39098.5
8466.26
-40355.5
8323.55
-41655.6
8164.13
-43005.2
7990.87
-44407
7804.54
-45863.9
7598.57
-47364.1
7384.09
-48932.7
7163.56
-50544.5
6925.72
-52209.2
6671.52
-53939.5
6405.87
-55729.3
6120.84
-57573.1
5826.27
-59494.9
5525.9
-61474.3
5201.62
-63504.2
4853.71
-65621.7
4495.16
-67816
4123.92
-70080.4
3733.2
-72407.3
3331.12
-74842
2921.91
-77336.5
2492.45
-79919.8
2041.15
-82587.6
1575.65
-85351.9
1064.71
-88193.8
544.466
-91147.7
-94233.7
8591.29
-23828.5
-9148.77
8198.29
-24104.8
7863.5
-23984.2
7653.88
-24248.5
7571.01
-24285.3
7514.64
-24606.6
7543.86
-24827.8
7621.94
-25331.3
7697.1
-25807.2
7789.75
-26391.3
7890.13
-27057
7981.18
-27759.8
8063.66
-28573.1
8118.7
-29430.3
8135.21
-30308
8113.47
-31252.4
8059.97
-32245.6
7981.72
-33252.3
7873.43
-34313.5
7746.2
-35423.1
7605.73
-36549.4
7465.83
-37748.2
7334.49
-38967.1
7200.55
-40221.5
7065.17
-41520.2
6925.49
-42865.5
6773.07
-44254.6
6614.89
-45705.8
6443.38
-47192.6
6260.53
-48749.9
6071.62
-50355.6
5872.07
-52009.7
5655.91
-53723.3
5433.31
-55506.7
5196.31
-57336.1
4942.47
-59241
4682.89
-61214.8
4421.22
-63242.6
4134.17
-65334.6
3829.63
-67511.5
3515.42
-69766.1
3183.72
-72075.6
2827.57
-74485.8
2466.42
-76975.3
2097.8
-79551.2
1709.24
-82199
1312.54
-84955.2
897.852
-87779.1
468.45
-90718.3
-93765.3
6955.77
-23427.1
-7357.2
6573.58
-23722.6
6260.69
-23671.3
5999.8
-23987.6
5887.53
-24173
5837.3
-24556.3
5852.96
-24843.5
5932.06
-25410.4
6021.75
-25896.9
6131.32
-26500.8
6223.51
-27149.1
6295.05
-27831.3
6348.4
-28626.5
6375.88
-29457.8
6387.93
-30320
6369.08
-31233.6
6329.21
-32205.7
6295.04
-33218.1
6236.39
-34254.8
6163.13
-35349.8
6078.5
-36464.8
5976.07
-37645.7
5871.77
-38862.8
5766.6
-40116.4
5659.25
-41412.8
5554.17
-42760.5
5436.42
-44136.9
5316.82
-45586.1
5190.64
-47066.4
5049.63
-48608.9
4901.17
-50207.1
4749.77
-51858.3
4584.42
-53557.9
4409.22
-55331.5
4227.48
-57154.4
4025.85
-59039.4
3809.96
-60998.9
3598.4
-63031
3374.62
-65110.8
3129.42
-67266.3
2873.91
-69510.6
2613.61
-71815.3
2328.65
-74200.9
2027.05
-76673.7
1719.38
-79243.5
1396.64
-81876.3
1064.55
-84623.2
730.358
-87444.9
388.331
-90376.3
-93377
5474.2
-23131.1
-5770.22
5199.38
-23447.8
5026.38
-23498.3
4884.65
-23845.9
4718.49
-24006.8
4597.34
-24435.2
4559.97
-24806.1
4514.6
-25365
4497.6
-25879.9
4528.79
-26532
4569.62
-27190
4633.99
-27895.7
4689.59
-28682.1
4735.25
-29503.4
4786.07
-30370.9
4807.97
-31255.5
4803.67
-32201.4
4797.4
-33211.9
4763.06
-34220.5
4722.49
-35309.2
4687.6
-36429.9
4628.61
-37586.8
4553.37
-38787.6
4479.22
-40042.2
4392.73
-41326.3
4306.42
-42674.1
4214.77
-44045.2
4118.91
-45490.3
4023.53
-46971
3913.64
-48499
3792.62
-50086.1
3673.41
-51739
3549.47
-53434
3411.75
-55193.8
3273.34
-57016
3126.75
-58892.8
2960.33
-60832.5
2787.08
-62857.7
2618.11
-64941.9
2433.01
-67081.2
2232.34
-69310
2035.09
-71618
1821.63
-73987.4
1588.69
-76440.8
1343.59
-78998.4
1092.93
-81625.6
824.725
-84354.9
561.932
-87182.1
290.791
-90105.1
-93086.2
3821.69
-22942.6
-4010.16
3615.01
-23241.1
3426.68
-23310
3255.2
-23674.4
3185.15
-23936.8
3130.99
-24381
3142.41
-24817.5
3118.09
-25340.7
3116.61
-25878.4
3137.45
-26552.9
3130.44
-27183
3135.88
-27901.1
3136.03
-28682.2
3128.39
-29495.8
3138.92
-30381.4
3153.43
-31270
3170.64
-32218.6
3184.43
-33225.7
3180.26
-34216.3
3172.3
-35301.3
3155.15
-36412.7
3124.16
-37555.8
3086.36
-38749.8
3055.07
-40010.9
3014.31
-41285.6
2965.14
-42625
2916.65
-43996.7
2856.72
-45430.4
2794.82
-46909.1
2733.41
-48437.6
2663.39
-50016.1
2584.02
-51659.7
2503.53
-53353.5
2414.5
-55104.8
2319.86
-56921.3
2227.36
-58800.3
2120.59
-60725.7
1994.39
-62731.5
1870.19
-64817.7
1752.55
-66963.5
1613.37
-69170.8
1469.56
-71474.2
1330.23
-73848.1
1176.31
-76286.9
1007.16
-78829.3
831.187
-81449.6
639.037
-84162.8
430.284
-86973.3
206.86
-89881.7
-92879.3
2160.03
-22887
-2215.64
2009.84
-23090.9
1961.28
-23261.4
1835.44
-23548.5
1765.74
-23867.1
1700.28
-24315.6
1657.39
-24774.6
1609.05
-25292.4
1622.83
-25892.2
1652.48
-26582.5
1683.94
-27214.4
1733.32
-27950.5
1770.27
-28719.2
1795.31
-29520.8
1808.4
-30394.5
1810.83
-31272.4
1810.93
-32218.7
1812.33
-33227.1
1831.68
-34235.6
1848.7
-35318.3
1848.03
-36412.1
1852.25
-37560
1846.97
-38744.5
1828.13
-39992.1
1808.41
-41265.9
1782.48
-42599.1
1756.45
-43970.7
1725.28
-45399.2
1689.42
-46873.2
1658.29
-48406.4
1624.4
-49982.2
1580.24
-51615.5
1533.19
-53306.5
1485.69
-55057.3
1426.96
-56862.6
1371.74
-58745.1
1320.55
-60674.5
1253.69
-62664.7
1169.44
-64733.4
1094.63
-66888.7
1017.01
-69093.1
920.568
-71377.8
831.025
-73758.5
746.406
-76202.2
643.74
-78726.6
534.335
-81340.2
421.924
-84050.4
284.508
-86835.9
129.634
-89726.8
-92749.7
572.727
-22957.2
-502.507
386.794
-22905
380.122
-23254.7
305.082
-23473.5
326.527
-23888.5
299.917
-24289
311.61
-24786.3
297.113
-25277.9
286.321
-25881.4
238.287
-26534.5
233.207
-27209.4
242.486
-27959.8
241.735
-28718.4
268.082
-29547.2
298.93
-30425.3
338.705
-31312.2
361.7
-32241.7
361.576
-33226.9
376.34
-34250.4
382.588
-35324.6
393.586
-36423.1
433.576
-37600
463.478
-38774.4
469.426
-39998
481.753
-41278.2
495.514
-42612.8
505.425
-43980.6
517.486
-45411.2
525.859
-46881.6
529.872
-48410.4
532.28
-49984.6
533.972
-51617.2
532.521
-53305
532.002
-55056.8
524.661
-56855.2
509.782
-58730.2
503.007
-60667.7
502.771
-62664.4
486.184
-64716.8
457.522
-66860
439.586
-69075.2
409.829
-71348
363.57
-73712.3
326.531
-76165.2
286.278
-78686.4
239.38
-81293.3
192.165
-84003.2
137.849
-86781.6
80.3205
-89669.3
-92669.3
-1119.34
-23050.2
1212.29
-1110.58
-22913.8
-1141.87
-23223.4
-1154.26
-23461.1
-1158.81
-23884
-1170.64
-24277.1
-1203.41
-24753.6
-1162.19
-25319.1
-1139.34
-25904.3
-1111.36
-26562.5
-1077.1
-27243.6
-1035.98
-28000.9
-1032.42
-28722
-1019.26
-29560.3
-1022.37
-30422.2
-995.568
-31339
-959.708
-32277.6
-928.336
-33258.3
-885.872
-34292.9
-855.827
-35354.6
-832.299
-36446.6
-804.766
-37627.5
-776.615
-38802.5
-742.252
-40032.4
-703.247
-41317.2
-664.368
-42651.7
-628.313
-44016.7
-594.079
-45445.5
-563.042
-46912.6
-532.244
-48441.2
-500.041
-50016.8
-464.011
-51653.2
-430.323
-53338.7
-396.173
-55090.9
-356.6
-56894.8
-326.281
-58760.5
-302.806
-60691.2
-266.327
-62700.9
-221.49
-64761.7
-191.321
-66890.2
-163.743
-69102.8
-127.869
-71383.9
-106.63
-73733.5
-98.1705
-76173.7
-77.3193
-78707.2
-58.5846
-81312.1
-46.5569
-84015.2
-21.0848
-86807.1
11.1699
-89701.6
-92658.2
-2833.28
-23033.1
2816.23
-2737.34
-23009.7
-2734.38
-23226.4
-2704.87
-23490.6
-2706.28
-23882.6
-2672.83
-24310.6
-2692.72
-24733.7
-2690.34
-25321.5
-2703.02
-25891.6
-2693.29
-26572.2
-2685.67
-27251.2
-2652.4
-28034.2
-2595.12
-28779.2
-2532.85
-29622.6
-2499.44
-30455.6
-2459.38
-31379
-2430.57
-32306.4
-2402.28
-33286.6
-2360.21
-34334.9
-2307.16
-35407.7
-2251.97
-36501.8
-2218.49
-37661
-2174.09
-38847
-2101.75
-40104.7
-2037.07
-41381.9
-1974.74
-42714
-1907.88
-44083.6
-1840.11
-45513.2
-1772.31
-46980.4
-1700.47
-48513.1
-1623.36
-50093.9
-1543.25
-51733.4
-1463.9
-53418
-1387.14
-55167.7
-1303.66
-56978.3
-1212.63
-58851.6
-1128.9
-60774.9
-1051.77
-62778
-963.773
-64849.7
-871.203
-66982.8
-792.148
-69181.8
-701.156
-71474.9
-598.334
-73836.3
-504.262
-76267.7
-413.716
-78797.8
-319.823
-81406
-238.196
-84096.8
-154.481
-86890.8
-80.3605
-89775.7
-92738.5
-4380.7
-23082.4
4430.01
-4285.2
-23105.2
-4308.89
-23202.7
-4292.76
-23506.8
-4290.58
-23884.8
-4251.69
-24349.5
-4188.97
-24796.4
-4153.88
-25356.6
-4123.3
-25922.2
-4099.88
-26595.6
-4089.47
-27261.7
-4082.14
-28041.5
-4055.17
-28806.2
-4022.67
-29655.1
-3980.54
-30497.8
-3912.74
-31446.8
-3843.92
-32375.2
-3770.74
-33359.8
-3724.92
-34380.8
-3670.93
-35461.6
-3589.73
-36583
-3519.13
-37731.6
-3441.31
-38924.8
-3357.85
-40188.2
-3287.38
-41452.3
-3208.47
-42792.9
-3122.02
-44170
-3026.84
-45608.4
-2923.61
-47083.7
-2820.83
-48615.9
-2715.8
-50198.9
-2607.32
-51841.8
-2491.88
-53533.5
-2372.01
-55287.5
-2253.53
-57096.8
-2125.7
-58979.4
-1988.31
-60912.3
-1856.08
-62910.3
-1727.55
-64978.2
-1586.24
-67124.1
-1438.3
-69329.8
-1292.78
-71620.4
-1133.83
-73995.3
-964.522
-76437
-807.385
-78954.9
-648.191
-81565.2
-481.066
-84263.9
-325.572
-87046.3
-178.844
-89922.4
-92917.4
-6020.51
-23151.1
6089.22
-5939.26
-23186.5
-5870.59
-23271.4
-5874.43
-23502.9
-5871.6
-23887.6
-5912.25
-24308.8
-5897.44
-24811.2
-5896.16
-25357.8
-5865.31
-25953
-5840.66
-26620.3
-5787.6
-27314.7
-5732.57
-28096.5
-5677.47
-28861.3
-5626.32
-29706.3
-5580.96
-30543.1
-5540.94
-31486.9
-5482.82
-32433.3
-5382.33
-33460.3
-5303.88
-34459.2
-5220.62
-35544.9
-5131.63
-36672
-5036.39
-37826.8
-4927.73
-39033.4
-4833.29
-40282.6
-4722.99
-41562.6
-4596.52
-42919.4
-4470.13
-44296.4
-4336.99
-45741.6
-4195.71
-47225
-4050.2
-48761.4
-3902.85
-50346.3
-3750.99
-51993.7
-3590.37
-53694.1
-3418.96
-55459
-3246.71
-57269
-3074.91
-59151.2
-2891.97
-61095.3
-2698.88
-63103.4
-2506.28
-65170.8
-2308.11
-67322.3
-2093.48
-69544.4
-1880.64
-71833.3
-1675.33
-74200.6
-1455.97
-76656.4
-1228.14
-79182.7
-999.858
-81793.4
-760.223
-84503.6
-514.889
-87291.6
-256.677
-90180.6
-93174.1
-7531.39
-23195.9
7576.18
-7544.51
-23173.3
-7508.26
-23307.6
-7506.28
-23504.9
-7480.57
-23913.3
-7482.51
-24306.9
-7454.57
-24839.2
-7432.03
-25380.4
-7392.24
-25992.8
-7395.22
-26617.3
-7367.23
-27342.7
-7351.12
-28112.6
-7302.42
-28910
-7212.75
-29795.9
-7116.63
-30639.2
-7040.06
-31563.4
-6976.56
-32496.8
-6885.83
-33551
-6785.73
-34559.3
-6665.37
-35665.3
-6565.53
-36771.8
-6447.41
-37945
-6316.72
-39164.1
-6187.53
-40411.8
-6030
-41720.2
-5875.63
-43073.8
-5719.02
-44453
-5558.15
-45902.4
-5393.11
-47390
-5212.65
-48941.8
-5024.71
-50534.2
-4829.13
-52189.3
-4631.26
-53892
-4426.07
-55664.1
-4209.88
-57485.2
-3988.76
-59372.3
-3764.36
-61319.7
-3529.09
-63338.6
-3279.71
-65420.2
-3026.86
-67575.1
-2770.68
-69800.6
-2503.82
-72100.1
-2234.73
-74469.7
-1958.69
-76932.4
-1662.2
-79479.2
-1351.5
-82104.1
-1036.12
-84819
-701.482
-87626.2
-349.328
-90532.8
-93523.4
-8974.04
-23195.6
8973.74
-9030.78
-23116.6
-9045.24
-23293.2
-9108.13
-23442
-9164.68
-23856.8
-9223.12
-24248.4
-9217.47
-24844.8
-9215.59
-25382.3
-9153.11
-26055.3
-9104.84
-26665.5
-9032.02
-27415.5
-8999.44
-28145.2
-8948.28
-28961.2
-8895.97
-29848.3
-8817.12
-30718.1
-8704.12
-31676.4
-8597.13
-32603.8
-8499.74
-33648.4
-8389.08
-34670
-8252.13
-35802.2
-8114.93
-36909
-7951.36
-38108.5
-7790.89
-39324.6
-7612.37
-40590.3
-7426.18
-41906.4
-7244.07
-43255.9
-7040.31
-44656.8
-6835.66
-46107.1
-6620.48
-47605.2
-6398.28
-49164
-6170.72
-50761.8
-5929.87
-52430.1
-5687.73
-54134.1
-5440.73
-55911.1
-5185.24
-57740.7
-4915.5
-59642
-4639.35
-61595.8
-4352.35
-63625.6
-4052.96
-65719.6
-3745.15
-67882.9
-3430.97
-70114.8
-3103.5
-72427.6
-2757.43
-74815.8
-2406.72
-77283.1
-2046.43
-79839.5
-1668.9
-82481.7
-1278.55
-85209.3
-870.77
-88034
-446.804
-90956.7
-93970.2
-10432.5
10286.1
-10550.9
-10596.3
-10614.5
-10654.7
-10676.4
-10710.2
-10750.1
-10733.2
-10686.4
-10610
-10538.9
-10422.1
-10364.8
-10269.3
-10156.9
-10028
-9888.03
-9738.79
-9577.31
-9406.49
-9218.4
-9034.06
-8824.75
-8625.65
-8406.54
-8182.66
-7952.18
-7707.17
-7472.08
-7218.77
-6962.64
-6691.67
-6403.8
-6105.8
-5793.07
-5464.37
-5120.94
-4774.59
-4414.55
-4045.31
-3671.03
-3276.81
-2862.11
-2431.87
-1984.54
-1515.4
-1030.29
-528.991
10370.9
-7707.7
8652.21
9403.16
-7865.5
8833.25
8363.11
-8046.43
9086.48
7293.68
-8215.63
9285.06
6229.63
-8491.45
9555.51
5174.79
-8839.59
9894.42
4036.71
-9274.3
10412.4
2744.87
-9762.17
11054
1455.15
-10355.8
11645.6
-11464.1
12919.3
11312.2
-6649.41
10197.4
-6750.73
9066.14
-6915.17
7933.02
-7082.51
6802.95
-7361.37
5602.92
-7639.56
4255.79
-7927.18
2933.95
-8440.33
1536.88
-8958.77
-9927.23
12174.8
-5492.88
11011.8
-5587.69
9837.37
-5740.73
8641.15
-5886.3
7417.42
-6137.64
6101
-6323.14
4781.55
-6607.73
3344.53
-7003.31
1784.89
-7399.13
-8142.34
12884.6
-4313.36
11674.5
-4377.58
10415.5
-4481.71
9138.1
-4608.89
7775.35
-4774.89
6373.48
-4921.26
4897.64
-5131.9
3353.72
-5459.39
1746.56
-5791.97
-6395.78
13448.9
-3060.66
12175.1
-3103.71
10862.1
-3168.73
9538.38
-3285.17
8123.79
-3360.31
6695.89
-3493.36
5214
-3650
3663.53
-3908.92
1951.14
-4079.59
-4444.64
13817.8
-1794.8
12517.6
-1803.48
11218.8
-1869.93
9846.18
-1912.59
8411.39
-1925.52
6930.3
-2012.27
5355.43
-2075.12
3662.78
-2216.27
1770.45
-2187.25
-2674.19
14138.6
-492.586
12794.8
-459.701
11430.9
-506.044
9978.34
-460.035
8520.74
-467.92
6989.64
-481.172
5418.34
-503.816
3736.33
-534.269
1937.53
-388.452
-736.66
14120.3
849.477
12804
856.583
11375.3
922.71
9995.25
919.981
8502.94
1024.4
7025.73
996.031
5426.9
1095.02
3813.17
1079.46
2254.04
1170.67
1517.38
14145.8
2174.37
12802.9
2199.52
11417.1
2308.49
10004.8
2332.3
8564.15
2465
7032.09
2528.09
5436.31
2690.79
3708.42
2807.35
2006.91
2872.19
3524.29
13905.5
3452.86
12582.9
3522.08
11270.3
3621.18
9847.21
3755.34
8469.82
3842.39
6900.58
4097.34
5356.26
4235.11
3521.76
4641.85
1738.53
4655.42
5262.83
13578.4
4694.43
12288.3
4812.14
10980.3
4929.2
9623.52
5112.12
8243.46
5222.44
6829.6
5511.21
5367.16
5697.54
3797.52
6211.49
1929.89
6523.05
7192.72
12888.1
5866.98
11667.7
6032.52
10430.3
6166.62
9141.5
6400.93
7802.46
6561.49
6427.76
6885.91
4939.09
7186.2
3513.31
7637.28
1849.33
8187.03
9042.04
12341.8
7029.2
11158.2
7216.1
9960.97
7363.81
8747.33
7614.57
7443.59
7865.22
6137.94
8191.56
4698.6
8625.55
3191.03
9144.84
1708.14
9669.92
10750.2
11444.5
8071.52
10367.3
8293.3
9237.63
8493.52
8128.33
8723.88
6950.33
9043.22
5759.77
9382.12
4519.17
9866.15
3146.72
10517.3
1616.37
11200.3
12366.6
10441.7
9054.88
9470.73
9264.25
8429.8
9534.45
7370.36
9783.33
6268.58
10145
5095.51
10555.2
3856.39
11105.3
2620.93
11752.7
1420.48
12400.7
13787
-11761.2
-9288.56
8388.42
-10876
-9483.95
8598.77
-10051.4
-9775.86
8951.31
-9334.23
-10007.8
9290.58
-8769.24
-10316.8
9751.81
-8166.79
-10618.6
10016.1
-7421.52
-10853.7
10108.4
-6287.36
-10810.7
9676.51
-3101.46
-10392.8
7206.91
-2945.65
-155.814
-10714.7
-10069.2
-9978.17
-10220.5
-9224.18
-10529.9
-8490.45
-10741.5
-7838.1
-10969.2
-7282.42
-11174.2
-6595.3
-11540.8
-6065.58
-11340.4
-4473.23
-11985.2
-7418.88
-9275.23
-10739.4
-8635.16
-10860.5
-8017.09
-11147.9
-7332.47
-11426.1
-6592.36
-11709.3
-5938.42
-11828.2
-5075.9
-12403.3
-4233.09
-12183.2
-2965.77
-13252.5
-10384.6
-7806.25
-11288.5
-7242.81
-11424
-6717.19
-11673.5
-6261.4
-11881.9
-5645.03
-12325.6
-5082.3
-12390.9
-4314.81
-13170.8
-3496.45
-13001.6
-2364.61
-14384.3
-12749.3
-6165.77
-11722.1
-5745.26
-11844.5
-5258.24
-12160.6
-4835.12
-12305
-4283.92
-12876.8
-3753.2
-12921.6
-3145.16
-13778.8
-2433.83
-13712.9
-1652.94
-15165.2
-14402.2
-4569.48
-12023
-4290.8
-12123.1
-3969.13
-12482.2
-3673.63
-12600.5
-3330.4
-13220.1
-2936.3
-13315.7
-2485.14
-14230
-1896.32
-14301.7
-1322.06
-15739.5
-15724.3
-2808.24
-12167.4
-2629.15
-12302.2
-2467.74
-12643.6
-2229.25
-12839
-2044.93
-13404.4
-1727.66
-13633
-1482.09
-14475.6
-1087.13
-14696.7
-675.323
-16151.3
-16399.6
-1220.49
-12125.9
-1160.86
-12361.9
-1176.48
-12628
-1085.26
-12930.3
-1087.67
-13402
-941.687
-13779
-887.965
-14529.3
-632.01
-14952.6
-489.128
-16294.2
-16888.7
488.006
-11949.1
455.381
-12329.2
261.511
-12434.1
296.875
-12965.6
57.1607
-13162.3
152.149
-13874
-89.8406
-14287.3
37.6257
-15080.1
-182.919
-16073.6
-17071.6
2097.29
-11753.8
1814.68
-12046.6
1610
-12229.5
1320.43
-12676.1
1083.91
-12925.7
859.491
-13649.6
543.173
-13971
427.306
-14964.2
98.9631
-15745.3
-16972.7
3692.21
-11426
3271.49
-11625.9
2924.64
-11882.6
2490.49
-12241.9
2130.61
-12565.9
1701.65
-13220.6
1311.73
-13581.1
910.249
-14562.7
310.31
-15145.3
-16662.4
5176.86
-10943.8
4636.9
-11086
4129.81
-11375.5
3545.82
-11657.9
3056.9
-12076.9
2400.93
-12564.6
1834.37
-13014.5
1211.98
-13940.4
672.062
-14605.4
-15990.3
6580.15
-10302.7
5932.51
-10438.3
5273.03
-10716.1
4592.41
-10977.3
3906.46
-11391
3143.52
-11801.7
2460.15
-12331.1
1683.11
-13163.3
764.53
-13686.8
-15225.8
7913.37
-9507.33
7135.39
-9660.33
6371.99
-9952.65
5613.35
-10218.6
4786.81
-10564.4
3892.88
-10907.8
3017.13
-11455.4
1979.65
-12125.8
1089.56
-12796.7
-14136.2
9132.04
8304.97
7438.8
6505.21
5496.27
4482.93
3439.92
2368.11
1216.94
930.645
-1086.46
3651.15
4486.41
4665.16
8662.5
5186.93
9586.61
5580.53
9622.53
5932.88
9399.45
6339.38
8884.08
6845.39
8445.3
7436.27
8007.89
7735.13
280.322
-1366.78
2663.86
2102.87
4485.97
6840.4
5086.79
8985.78
5564.91
9144.41
6018.1
8946.26
6467.68
8434.51
7010.97
7902.01
7629.66
7389.19
7003.03
-145.153
-1221.63
1479.79
477.924
3903.9
4416.29
4765.11
8124.57
5275.77
8633.75
5780.8
8441.23
6269.74
7945.56
6858.77
7312.99
7523.39
6724.56
6236.45
-40.15
-1181.48
700.918
-263.144
2644.08
2473.13
4134.37
6634.28
4769.64
7998.49
5248.63
7962.24
5799.14
7395.05
6490.28
6621.85
7253.88
5960.96
5369.77
-31.6318
-1149.85
2.38551
-297.161
1025.94
1449.57
2675.69
4984.54
3716.79
6957.39
4489.37
7189.66
5256.72
6627.69
6077.48
5801.1
6964.23
5074.21
4400.89
-423.942
-725.904
-764.65
43.5473
-618.803
1303.73
446.189
3919.54
1593.13
5810.45
2572.39
6210.4
3546.8
5653.28
4548.84
4799.06
5542.18
4080.86
3371.49
-894.617
168.713
-1690.38
839.309
-2300.56
1913.91
-2148.16
3767.14
-1486.54
5148.84
-774.268
5498.12
63.6461
4815.37
1050.58
3812.13
2065.81
3065.63
2244.74
-1299.78
1468.49
-2465.87
2005.4
-3510.12
2958.16
-3976.69
4233.71
-3822.65
4994.8
-3349.42
5024.89
-2563.89
4029.83
-1562.67
2810.91
-384.334
1887.3
743.157
-1517.09
2985.59
-2911.55
3399.85
-4121.8
4168.41
-4834.08
4945.99
-5044.87
5205.59
-4723.7
4703.72
-3994.38
3300.51
-2838.58
1655.1
-1290.04
338.754
-1202.42
-1525.67
4511.25
-2882.84
4757.02
-3989.37
5274.95
-4696.34
5652.95
-5060.29
5569.54
-4799.22
4442.66
-3974.85
2476.13
-2594.89
275.148
-739.639
-1516.5
-3237.89
-1335.31
5846.57
-2503.86
5925.57
-3440.91
6212
-4087.98
6300.02
-4362.19
5843.74
-3966.41
4046.88
-3018.39
1528.12
-1601.13
-1142.11
257.018
-3374.65
-5183.14
-982.763
6829.33
-1803.9
6746.7
-2519.95
6928.06
-2969.96
6750.03
-2885.47
5759.26
-2185.21
3346.61
-1145.72
488.636
208.92
-2496.76
1859.88
-5025.61
-6861.46
-504.375
7333.71
-848.783
7091.11
-1090.99
7170.27
-1053.99
6713.03
-510.097
5215.36
415.217
2421.3
1505.87
-602.021
2755.29
-3746.18
4137.08
-6407.39
-8195.5
-17.8092
7351.52
101.383
6971.91
441.983
6829.67
1062.98
6092.03
2072.9
4205.45
3185.06
1309.14
4276.5
-1693.46
5433.98
-4903.66
6506.43
-7479.85
-9053.33
471.785
6879.73
1096.66
6347.04
1863.07
6063.26
2959.3
4995.8
4339.05
2825.7
5533.89
114.295
6623.57
-2783.14
7699.12
-5979.21
8561.32
-8342.05
-9517.77
791.393
6088.34
1751.15
5387.28
2810.97
5003.45
4294.61
3512.15
5817.2
1303.11
6999.84
-1068.35
8210.89
-3994.18
9312.43
-7080.75
9918.44
-8948.06
-9722.84
1068.03
5020.31
2071.94
4383.37
3387.98
3687.41
5035.72
1864.41
6269.63
69.1943
7639.43
-2438.14
9220.3
-5575.05
10327.2
-8187.6
10727.8
-9348.66
-9721.56
1049.04
3971.27
2128.58
3303.82
3492.89
2323.1
4782.12
575.171
6160.22
-1308.91
8276.48
-4554.4
10016.8
-7315.37
10803
-8973.77
10909.2
-9454.92
-9598.62
1025.55
2945.72
2000.34
2329.03
3018.57
1304.87
4276.08
-682.332
6793.7
-3826.52
9156.71
-6917.42
10329.5
-8488.18
10695.6
-9339.8
10669.8
-9429.19
-9493.02
720.888
2224.83
1390.97
1658.95
2519.77
176.062
5187.86
-3350.41
8018.89
-6657.56
9440.02
-8338.55
10058.3
-9106.43
10240.7
-9522.25
10285.5
-9473.99
-9530.34
-15.5056
2240.34
845.08
798.367
3538.71
-2517.56
6669.53
-6481.24
8328.9
-8316.92
9148.68
-9158.34
9523.8
-9481.54
9676.43
-9674.88
9782.39
-9579.95
-9596.27
-217.417
2457.76
1820.62
-1239.67
5150.61
-5847.56
7069.91
-8400.54
8040.5
-9287.51
8565.59
-9683.42
8881.99
-9797.94
9113.82
-9906.72
9333.13
-9799.26
-9733.93
321.713
2136.04
3399.93
-4317.89
5704.75
-8152.37
6850.89
-9546.69
7524.66
-9961.28
7956.25
-10115
8291.18
-10132.9
8548.91
-10164.4
8791.07
-10041.4
-9946.96
1036.9
1099.14
4095.65
-7376.64
5606.5
-9663.22
6468.96
-10409.1
7009.75
-10502.1
7409.95
-10515.2
7750.34
-10473.3
8046.17
-10460.3
8311.87
-10307.1
-10170.2
2168.94
-1069.79
4456.47
-9664.18
5429.61
-10636.4
6000.27
-10979.8
6438.38
-10940.2
6814.64
-10891.5
7146.35
-10805
7464.19
-10778.1
7759.95
-10602.9
-10433
4712.32
-5782.12
6932.27
-11884.1
7900.05
-11604.1
8780.46
-11860.2
9498.22
-11658
10169.1
-11562.3
10809.4
-11445.3
11350.1
-11318.8
11800.4
-11053.2
-10913.7
3796.08
-9578.2
5394.93
-13483
6294.3
-12503.5
7259.52
-12825.4
7939.28
-12337.7
8627.26
-12250.3
9219.39
-12037.5
9712.09
-11811.5
10195.2
-11536.2
-11398.8
2829.56
-12407.8
4126.38
-14779.8
5036.66
-13413.8
5897.17
-13685.9
6530.5
-12971
7209.81
-12929.6
7691.96
-12519.6
8179.43
-12299
8694.59
-12051.4
-11853
2126.25
-14534
3185.68
-15839.2
3976.63
-14204.8
4703.71
-14413
5234.65
-13502
5781.23
-13476.2
6165.35
-12903.7
6612.46
-12746.1
6985.42
-12424.4
-12224.8
1490.85
-16024.9
2235.03
-16583.4
2973.53
-14943.3
3544.2
-14983.7
4014.01
-13971.8
4453.21
-13915.4
4815.29
-13265.8
5204.83
-13135.6
5472.18
-12691.7
-12522.8
1077.3
-17102.2
1653.51
-17159.6
2139.65
-15429.4
2507.77
-15351.8
2844.47
-14308.5
3108.53
-14179.4
3351.04
-13508.3
3557.86
-13342.5
3782.31
-12916.2
-12750.7
670.659
-17772.8
910.758
-17399.7
1307.88
-15826.5
1484.84
-15528.8
1735.07
-14558.7
1842.94
-14287.3
1995.7
-13661.1
2065.47
-13412.2
2164.65
-13015.3
-12801.7
371.343
-18144.2
437.701
-17466.1
598.434
-15987.2
565.844
-15496.2
692.132
-14685
596.154
-14191.3
679.998
-13744.9
557.604
-13289.8
600.455
-13058.2
-12703.7
68.5475
-18212.7
-240.049
-17157.5
-100.25
-16127
-398.492
-15197.9
-384.413
-14699.1
-646.908
-13928.8
-724.254
-13667.6
-921.133
-13093
-1062.19
-12917.1
-12553.6
-29.8846
-18182.8
-472.312
-16715
-700.325
-15899
-1064.26
-14834
-1361.77
-14401.6
-1650.65
-13639.9
-1974.15
-13344.1
-2208.21
-12858.9
-2549.56
-12575.8
-12286.9
-583.916
-17598.9
-1092.83
-16206.1
-1541.95
-15449.9
-1957.5
-14418.4
-2419.38
-13939.7
-2814.67
-13244.6
-3318.32
-12840.4
-3679.94
-12497.3
-4079.21
-12176.5
-11936.1
-575.506
-17023.4
-1274.34
-15507.3
-1930
-14794.3
-2554.92
-13793.5
-3227.61
-13267
-3772.8
-12699.5
-4403.73
-12209.5
-4999.32
-11901.7
-5570.97
-11604.9
-11417.9
-895.774
-16127.6
-1844.44
-14558.6
-2692.59
-13946.1
-3409.6
-13076.5
-4223.76
-12452.9
-4914.97
-12008.2
-5584.29
-11540.2
-6251.5
-11234.5
-6908.69
-10947.7
-10750.4
-1050.33
-15077.3
-1956.68
-13652.3
-2982.79
-12920
-3904.7
-12154.6
-4827.12
-11530.4
-5748.65
-11086.7
-6582.03
-10706.8
-7392.47
-10424.1
-8194.55
-10145.6
-9971.22
-1290.26
-2541.81
-3709.06
-4758.39
-5733.64
-6675.36
-7598.84
-8488.45
-9369.79
201964
-10.5969
201977
-12.9055
201990
-13.738
202007
-16.3376
202022
-15.0589
202037
-15.2819
202050
-13.0499
202061
-10.976
202069
-8.22239
202077
-7.86593
202085
-8.02058
202094
-8.92758
202105
-10.8732
202116
-11.0473
202127
-10.4507
202136
-9.24915
202144
-8.21405
202152
-8.35991
202162
-9.66356
202174
-12.0503
202188
-13.7563
202203
-14.7323
202217
-14.805
202231
-13.4089
-14.0161
201977
-26.3308
201993
-28.4523
202006
-27.0056
202018
-28.4962
202029
-26.1757
202041
-26.8546
202052
-23.9055
202063
-22.4462
202074
-18.9438
202084
-17.6254
202093
-17.3811
202102
-17.4584
202109
-18.5778
202117
-19.2399
202126
-19.3604
202137
-19.6584
202149
-20.1949
202161
-20.375
202172
-21.3181
202182
-21.9914
202193
-24.3111
202204
-25.5906
202216
-27.4221
202231
-28.1112
-30.2008
202014
-41.9715
202028
-42.5118
202042
-41.2006
202057
-43.2744
202073
-41.9113
202088
-41.7252
202102
-38.3268
202116
-36.6429
202131
-33.0667
202145
-32.0106
202157
-29.919
202170
-29.7654
202180
-28.7523
202190
-28.9117
202198
-27.8935
202206
-27.2311
202213
-27.4534
202220
-27.1936
202226
-27.6869
202233
-28.9495
202240
-31.039
202247
-32.3551
202254
-34.6174
202261
-35.4399
-39.2027
202084
-59.1863
202099
-57.68
202113
-55.731
202126
-55.661
202137
-53.0184
202145
-50.0853
202154
-46.6719
202162
-44.9922
202172
-43.1624
202183
-42.7342
202195
-42.1692
202208
-42.5069
202220
-41.1081
202230
-39.1721
202239
-36.3766
202246
-34.1234
202252
-33.5153
202258
-33.3717
202265
-34.3633
202271
-35.6601
202278
-37.9778
202285
-39.104
202293
-42.0619
202301
-43.6027
-48.5842
202187
-80.5986
202208
-77.9059
202227
-75.3686
202244
-72.7912
202259
-68.1498
202272
-62.3631
202283
-57.541
202292
-54.4916
202302
-53.2535
202312
-52.4258
202321
-51.7809
202330
-50.7316
202338
-49.1119
202345
-46.2331
202352
-43.8101
202360
-42.2871
202369
-42.0185
202377
-41.2207
202383
-40.192
202385
-38.406
202386
-38.2684
202385
-38.2511
202383
-40.0667
202380
-41.3122
-45.9003
202308
-100.395
202328
-97.3276
202341
-88.557
202346
-77.6954
202347
-68.9031
202348
-63.3462
202352
-61.6868
202360
-62.6232
202370
-63.6142
202380
-62.4641
202387
-58.9817
202389
-51.9131
202386
-46.0723
202383
-43.2016
202381
-42.6644
202384
-44.9354
202391
-49.3773
202402
-52.1309
202414
-51.907
202425
-49.5947
202434
-46.6916
202440
-44.3446
202443
-43.7755
202446
-44.3111
-48.0301
202480
-132.829
202504
-121.709
202521
-105.884
202537
-93.2051
202555
-87.0094
202576
-84.1301
202597
-82.4238
202614
-80.4768
202626
-75.5236
202632
-67.6872
202631
-58.6662
202628
-48.9027
202626
-43.6776
202625
-42.5904
202626
-43.0037
202625
-44.1486
202621
-45.8804
202616
-46.7147
202610
-45.8459
202604
-43.3957
202599
-41.8755
202596
-41.4232
202593
-41.3278
202591
-41.5085
-39.2644
202588
-173.465
202641
-175.222
202689
-153.755
202702
-106.43
202677
-61.3223
202636
-43.6844
202596
-41.7519
202566
-50.8381
202574
-83.9908
202608
-101.59
202646
-96.4882
202680
-83.2307
202688
-50.8505
202664
-18.5973
202631
-10.0721
202598
-11.8394
202579
-26.3929
202589
-56.6463
202612
-69.5079
202637
-68.1301
202660
-64.296
202668
-49.5062
202656
-29.1823
202639
-24.7251
-30.2766
202981
-249.857
203070
-264.352
203119
-202.979
203125
-112.695
203109
-44.6245
203087
-21.6323
203064
-19.1233
203054
-41.0729
203066
-95.3621
203092
-128.106
203118
-122.586
203120
-85.3981
203101
-31.0606
203069
12.6962
203036
23.2748
203010
14.5337
202999
-16.3377
203005
-62.6322
203018
-82.46
203026
-75.5527
203015
-53.2416
202986
-21.2139
202950
7.42615
202912
13.4518
1.80335
201856
-441.258
202512
-920.677
203277
-967.941
203856
-691.533
203854
-43.1627
203380
452.221
202736
624.987
202182
513.464
202036
50.8152
202298
-390.461
202752
-576.955
203210
-542.726
203494
-315.239
203392
114.86
203054
361.037
202668
400.229
202360
291.899
202331
-33.514
202528
-279.259
202806
-353.59
203074
-321.907
203225
-172.099
203151
81.7626
202972
192.473
163.477
203328
-595.786
204511
-2103.61
205904
-2360.43
207120
-1907.4
207281
-204.071
206436
1296.44
205323
1737.98
204255
1582.29
203670
635.38
203931
-651.258
204539
-1185.2
205188
-1191.71
205654
-781.469
205520
249.021
205047
834.264
204510
937.181
204031
770.783
203895
102.192
204085
-468.551
204370
-638.642
204644
-595.743
204730
-258.235
204550
261.108
204271
471.374
402.131
189059
-1690.93
189789
-2833.33
189994
-2565.72
189162
-1075.31
188296
662.007
187832
1760.35
187784
1785.95
188384
981.695
188955
64.4099
189146
-842.309
189017
-1056.13
188491
-665.165
187920
-210.126
187711
457.659
187799
745.638
188137
599.913
188521
386.269
188640
-16.1454
188495
-323.581
188183
-327.234
187833
-245.965
187602
-26.4183
187640
222.812
187848
263.479
137.11
164369
-1803.21
164444
-2908.57
164511
-2632.48
164568
-1133.23
164654
576.865
164758
1656.26
164859
1684.67
164954
886.513
165062
-43.0802
165171
-951.92
165267
-1152.17
165354
-751.934
165440
-295.997
165532
365.521
165625
653.092
165717
507.961
165816
286.674
165935
-134.879
166052
-440.987
166169
-444.343
166288
-364.08
166416
-154.81
166529
110.2
166648
143.78
-14.9332
188792
-533.949
187887
-2002.91
187547
-2293.1
188247
-1832.86
188992
-168.722
189355
1294.07
189316
1723.71
188623
1579.51
187933
646.625
187656
-675.31
187723
-1219.32
188193
-1221.07
188674
-777.176
188804
235.753
188652
804.388
188257
903.185
187797
746.799
187585
77.1649
187663
-519.478
187919
-700.094
188209
-653.601
188347
-292.941
188219
237.689
187926
437.212
347.529
208191
-50.1089
206752
-564.173
205170
-711.745
203784
-446.727
203425
190.92
204070
648.419
205009
784.793
205923
665.839
206339
230.343
205923
-258.917
205182
-478.308
204417
-456.182
203838
-197.927
203856
217.265
204218
442.447
204655
466.392
205033
369.079
205046
63.3898
204742
-214.773
204348
-306.861
203965
-269.789
203756
-84.3176
203824
169.88
203987
273.927
250.351
203878
127.21
203216
98.0386
202424
80.4396
201868
109.386
201886
173.054
202336
197.638
202948
173.734
203499
114.763
203683
45.8686
203411
12.8904
202923
9.54504
202439
28.6482
202165
75.3048
202265
118.106
202580
126.655
202943
103.272
203248
64.3985
203297
14.8826
203089
-6.73971
202787
-4.8412
202499
18.1525
202352
62.2909
202423
98.8831
202590
107.075
99.2237
202986
106.053
202990
94.5559
202979
91.5379
202984
104.562
203015
141.935
203061
151.553
203092
142.47
203090
116.43
203066
70.6938
203033
45.2606
203001
42.021
202981
48.1705
202982
74.2298
202999
101.217
203022
103.688
203029
96.8516
203013
79.9374
202981
46.6754
202945
29.1311
202912
28.5212
202891
38.9014
202886
67.3746
202890
94.7968
202893
104.461
116.892
202581
134.981
202545
130.939
202511
125.346
202496
119.893
202523
114.811
202567
106.964
202613
96.5901
202643
86.3581
202633
81.084
202598
80.0733
202559
81.1804
202524
83.1677
202517
81.5726
202540
77.3874
202573
70.6815
202607
62.8906
202630
57.5882
202621
55.0453
202596
54.1798
202570
55.317
202547
61.5071
202542
72.1845
202555
81.8849
202573
86.3022
104.124
202389
97.9
202425
94.4157
202458
92.5249
202484
93.8563
202502
96.4433
202514
94.9017
202522
88.9513
202528
80.1921
202536
73.4793
202546
69.8481
202559
68.7404
202571
70.8441
202581
71.7525
202588
69.8855
202593
65.9503
202596
60.1705
202597
56.4341
202597
54.9673
202596
55.2473
202594
56.9203
202594
61.9181
202593
72.9783
202589
86.3272
202582
93.027
108.222
202216
91.2745
202222
88.7162
202230
83.9261
202242
82.2009
202258
80.5443
202273
80.0441
202283
78.5008
202288
75.7137
202290
71.2297
202293
66.9469
202300
62.004
202311
59.319
202326
56.5479
202341
55.0736
202354
52.7766
202362
52.2243
202366
52.4427
202368
53.2528
202368
54.7945
202368
57.1551
202371
59.3807
202381
63.0117
202398
69.0136
202415
75.6108
92.0888
202098
74.3879
202114
72.5609
202132
66.6661
202149
64.297
202169
61.1721
202188
61.1518
202206
59.7463
202224
57.9573
202242
53.6328
202258
51.0357
202272
47.442
202286
45.5231
202300
43.1137
202311
43.2057
202321
42.9973
202328
45.2824
202333
47.0773
202338
48.5754
202344
49.2166
202350
50.9775
202357
52.5081
202364
55.8215
202371
61.5407
202380
66.8206
78.0497
201989
54.6838
202007
54.6443
202023
51.092
202037
49.6786
202053
45.9714
202069
44.8216
202086
42.5048
202102
41.9085
202116
39.964
202128
38.6111
202139
37.1253
202149
35.6739
202158
33.9271
202167
34.194
202176
33.3837
202187
34.8601
202197
36.7818
202206
39.8303
202213
41.9322
202221
43.398
202229
44.1201
202240
45.0654
202253
48.5462
202268
51.8655
57.3224
201929
32.2568
201949
34.0385
201968
32.502
201985
32.2887
202002
29.1039
202019
27.9074
202035
26.2246
202051
26.6033
202065
25.9308
202079
24.4082
202092
23.9356
202105
23.0569
202116
22.625
202127
22.9152
202138
22.2406
202150
23.1856
202162
24.5159
202175
27.4257
202186
30.7313
202197
32.8434
202206
34.7339
202216
35.2056
202229
35.3638
202244
36.7896
40.5772
201886
15.6651
201902
17.9103
201918
16.6475
201934
16.8055
201949
14.2539
201962
14.5621
201974
13.817
201986
15.118
201997
14.6159
202008
13.3949
202019
12.8779
202030
11.7836
202041
11.7148
202052
11.9043
202064
11.0537
202075
11.9169
202087
12.539
202100
14.2841
202115
15.4934
202133
15.204
202152
15.4705
202172
14.9636
202193
14.9833
202213
16.7603
19.6676
201870
201888
201904
201921
201936
201950
201964
201979
201994
202007
202020
202032
202043
202055
202066
202078
202091
202105
202121
202136
202151
202166
202181
202198
)
;

boundaryField
{
    inlet
    {
        type            calculated;
        value           nonuniform List<scalar> 
15
(
-333333
-333333
-333333
-333333
-333333
-333333
-333333
-333333
-333333
-333333
-333333
-333333
-333333
-333333
-333333
)
;
    }
    outlet
    {
        type            calculated;
        value           nonuniform List<scalar> 
25
(
202245
202247
202270
202310
202378
202449
202582
202630
202880
202810
204033
188113
166800
187563
204084
202741
202875
202586
202578
202431
202394
202289
202261
202234
202218
)
;
    }
    top
    {
        type            calculated;
        value           uniform 0;
    }
    bottom
    {
        type            calculated;
        value           uniform 0;
    }
    cylinder
    {
        type            calculated;
        value           uniform 0;
    }
    sides
    {
        type            empty;
        value           nonuniform 0();
    }
}


// ************************************************************************* //
