# Force coefficients
# liftDir    : (0.000000e+00 1.000000e+00 0.000000e+00)
# dragDir    : (1.000000e+00 0.000000e+00 0.000000e+00)
# pitchAxis  : (0.000000e+00 0.000000e+00 1.000000e+00)
# magUInf    : 1.000000e+00
# lRef       : 1.000000e+00
# Aref       : 2.000000e+00
# CofR       : (0.000000e+00 0.000000e+00 0.000000e+00)
# Time       	Cm           	Cd           	Cl           	Cl(f)        	Cl(r)        	Cm	Cd	Cl	Cl(f)	Cl(r)
2.500000e+01	-6.795313e-01	3.037943e+05	6.753731e+01	3.308912e+01	3.444819e+01
2.600000e+01	-4.928385e-01	2.954816e+05	8.684902e+01	4.293167e+01	4.391735e+01
2.700000e+01	-3.209800e-01	2.864477e+05	1.256709e+02	6.251449e+01	6.315645e+01
2.800000e+01	-1.665342e-01	2.770773e+05	9.443107e+01	4.704900e+01	4.738207e+01
2.900000e+01	-2.139999e-02	2.672989e+05	1.017034e+02	5.083028e+01	5.087308e+01
3.000000e+01	9.949650e-02	2.570929e+05	1.325541e+02	6.637657e+01	6.617758e+01
3.100000e+01	1.705746e-01	2.471745e+05	1.489541e+02	7.464763e+01	7.430648e+01
3.200000e+01	1.732108e-01	2.371568e+05	1.641118e+02	8.222913e+01	8.188271e+01
3.300000e+01	1.342391e-01	2.279870e+05	1.987265e+02	9.949749e+01	9.922901e+01
3.400000e+01	1.050855e-02	2.188285e+05	1.990818e+02	9.955138e+01	9.953037e+01
3.500000e+01	-1.367524e-01	2.105421e+05	2.074536e+02	1.035900e+02	1.038635e+02
3.600000e+01	-3.308422e-01	2.025111e+05	2.089431e+02	1.041407e+02	1.048024e+02
3.700000e+01	-4.189117e-01	1.946919e+05	2.505823e+02	1.248722e+02	1.257101e+02
3.800000e+01	-6.424097e-01	1.882478e+05	2.347709e+02	1.167431e+02	1.180279e+02
3.900000e+01	-1.073049e+00	1.826548e+05	3.045302e+02	1.511921e+02	1.533382e+02
4.000000e+01	-1.239718e+00	1.777919e+05	1.830694e+02	9.029496e+01	9.277440e+01
4.100000e+01	-1.271257e+00	1.743953e+05	2.401796e+02	1.188185e+02	1.213610e+02
4.200000e+01	-1.430036e+00	1.723681e+05	2.618608e+02	1.295004e+02	1.323605e+02
4.300000e+01	-1.768834e+00	1.712940e+05	2.842755e+02	1.403689e+02	1.439066e+02
4.400000e+01	-2.332884e+00	1.720987e+05	2.629562e+02	1.291452e+02	1.338110e+02
4.500000e+01	-2.928570e+00	1.742893e+05	2.920815e+02	1.431122e+02	1.489693e+02
4.600000e+01	-3.729043e+00	1.781662e+05	2.617328e+02	1.271373e+02	1.345954e+02
4.700000e+01	-4.504413e+00	1.834047e+05	2.643020e+02	1.276466e+02	1.366554e+02
4.800000e+01	-3.623077e+00	1.917366e+05	3.057787e+02	1.492663e+02	1.565124e+02
4.900000e+01	-3.270583e+00	2.004719e+05	2.777387e+02	1.355988e+02	1.421399e+02
5.000000e+01	-2.737385e+00	2.125559e+05	3.266975e+02	1.606113e+02	1.660861e+02
5.100000e+01	-1.825423e+00	2.253095e+05	2.843625e+02	1.403558e+02	1.440067e+02
5.200000e+01	-1.148561e+00	2.380717e+05	3.142030e+02	1.559529e+02	1.582501e+02
5.300000e+01	-1.433741e+00	2.515165e+05	3.111264e+02	1.541295e+02	1.569970e+02
5.400000e+01	-1.552637e+00	2.685874e+05	3.123463e+02	1.546205e+02	1.577258e+02
5.500000e+01	-7.132628e-01	2.857224e+05	2.573303e+02	1.279519e+02	1.293784e+02
5.600000e+01	8.113791e-01	3.012881e+05	3.369075e+02	1.692652e+02	1.676424e+02
5.700000e+01	2.545238e+00	3.166350e+05	3.175304e+02	1.613104e+02	1.562200e+02
5.800000e+01	4.092399e+00	3.319277e+05	3.385833e+02	1.733840e+02	1.651993e+02
5.900000e+01	5.091605e+00	3.447833e+05	3.055809e+02	1.578821e+02	1.476988e+02
6.000000e+01	5.728604e+00	3.571712e+05	3.292822e+02	1.703697e+02	1.589125e+02
6.100000e+01	6.024880e+00	3.690809e+05	3.496901e+02	1.808699e+02	1.688202e+02
6.200000e+01	5.777786e+00	3.800805e+05	3.713878e+02	1.914717e+02	1.799161e+02
6.300000e+01	5.266750e+00	3.884337e+05	3.264116e+02	1.684726e+02	1.579391e+02
6.400000e+01	4.728775e+00	3.970736e+05	3.213183e+02	1.653879e+02	1.559304e+02
6.500000e+01	4.150524e+00	4.038539e+05	3.208169e+02	1.645590e+02	1.562579e+02
6.600000e+01	3.701865e+00	4.096251e+05	4.122844e+02	2.098441e+02	2.024403e+02
6.700000e+01	3.302953e+00	4.147105e+05	3.085719e+02	1.575889e+02	1.509830e+02
6.800000e+01	2.752797e+00	4.185606e+05	4.287061e+02	2.171059e+02	2.116003e+02
6.900000e+01	2.144754e+00	4.205604e+05	3.645303e+02	1.844099e+02	1.801204e+02
7.000000e+01	1.506798e+00	4.230048e+05	2.112249e+02	1.071192e+02	1.041056e+02
7.100000e+01	2.116038e+00	4.230989e+05	8.483592e+01	4.453400e+01	4.030192e+01
7.200000e+01	3.302437e+00	4.218903e+05	2.812802e+02	1.439426e+02	1.373377e+02
7.300000e+01	4.459072e+00	4.204542e+05	3.114222e+02	1.601702e+02	1.512520e+02
7.400000e+01	5.543278e+00	4.169280e+05	3.265625e+02	1.688245e+02	1.577380e+02
7.500000e+01	6.712305e+00	4.136033e+05	4.386692e+02	2.260469e+02	2.126223e+02
7.600000e+01	7.547730e+00	4.089219e+05	3.027474e+02	1.589214e+02	1.438259e+02
7.700000e+01	8.213281e+00	4.036527e+05	2.766896e+02	1.465581e+02	1.301315e+02
7.800000e+01	8.692371e+00	3.972275e+05	2.246926e+02	1.210386e+02	1.036539e+02
7.900000e+01	9.040976e+00	3.893409e+05	2.262415e+02	1.221617e+02	1.040798e+02
8.000000e+01	9.332736e+00	3.820230e+05	1.806292e+02	9.964735e+01	8.098188e+01
8.100000e+01	9.717344e+00	3.747902e+05	2.024176e+02	1.109261e+02	9.149146e+01
8.200000e+01	1.014579e+01	3.668495e+05	1.373287e+02	7.881013e+01	5.851855e+01
8.300000e+01	1.070757e+01	3.575886e+05	1.283965e+02	7.490583e+01	5.349068e+01
8.400000e+01	1.140803e+01	3.501005e+05	1.366486e+02	7.973233e+01	5.691627e+01
8.500000e+01	1.210724e+01	3.420782e+05	1.005675e+02	6.239099e+01	3.817651e+01
8.600000e+01	1.283851e+01	3.337119e+05	1.126504e+02	6.916371e+01	4.348669e+01
8.700000e+01	1.357729e+01	3.265827e+05	6.266885e+01	4.491172e+01	1.775713e+01
8.800000e+01	1.428792e+01	3.198413e+05	3.624493e+01	3.241038e+01	3.834547e+00
8.900000e+01	1.490268e+01	3.138157e+05	3.245081e+01	3.112809e+01	1.322724e+00
9.000000e+01	1.537797e+01	3.085194e+05	2.126162e+01	2.600879e+01	-4.747163e+00
9.100000e+01	1.571617e+01	3.034410e+05	2.375933e+01	2.759583e+01	-3.836505e+00
9.200000e+01	1.590088e+01	2.988492e+05	3.397267e+01	3.288721e+01	1.085453e+00
9.300000e+01	1.590250e+01	2.948225e+05	2.272168e+01	2.726334e+01	-4.541665e+00
9.400000e+01	1.574297e+01	2.910992e+05	5.484904e+01	4.316749e+01	1.168155e+01
9.500000e+01	1.539384e+01	2.876324e+05	1.123429e+01	2.101098e+01	-9.776692e+00
9.600000e+01	1.477262e+01	2.842639e+05	1.356874e+01	2.155699e+01	-7.988251e+00
9.700000e+01	1.414534e+01	2.817349e+05	1.550433e+01	2.189751e+01	-6.393171e+00
9.800000e+01	1.330840e+01	2.791664e+05	-1.166931e+01	7.473743e+00	-1.914305e+01
9.900000e+01	1.230659e+01	2.767131e+05	-2.306616e+01	7.735149e-01	-2.383967e+01
1.000000e+02	1.108460e+01	2.742322e+05	-4.089008e+01	-9.360445e+00	-3.152964e+01
1.010000e+02	9.767426e+00	2.723438e+05	-3.508716e+01	-7.776151e+00	-2.731100e+01
1.020000e+02	8.386520e+00	2.703059e+05	-5.892872e+01	-2.107784e+01	-3.785088e+01
1.030000e+02	6.570878e+00	2.684312e+05	-5.007357e+01	-1.846591e+01	-3.160766e+01
1.040000e+02	4.268464e+00	2.668604e+05	-5.596551e+01	-2.371429e+01	-3.225122e+01
1.050000e+02	1.613897e+00	2.655895e+05	-7.249606e+01	-3.463413e+01	-3.786193e+01
1.060000e+02	-1.189355e+00	2.644065e+05	-6.778806e+01	-3.508339e+01	-3.270468e+01
1.070000e+02	-3.957652e+00	2.634542e+05	-9.348435e+01	-5.069983e+01	-4.278452e+01
1.080000e+02	-6.583005e+00	2.627750e+05	-1.202440e+02	-6.670500e+01	-5.353899e+01
1.090000e+02	-9.018804e+00	2.622912e+05	-1.251552e+02	-7.159639e+01	-5.355878e+01
1.100000e+02	-1.134961e+01	2.619778e+05	-1.246250e+02	-7.366210e+01	-5.096289e+01
1.110000e+02	-1.357215e+01	2.617587e+05	-1.331643e+02	-8.015431e+01	-5.301001e+01
1.120000e+02	-1.587400e+01	2.618172e+05	-1.822086e+02	-1.069783e+02	-7.523031e+01
1.130000e+02	-1.840589e+01	2.619812e+05	-2.039165e+02	-1.203642e+02	-8.355238e+01
1.140000e+02	-2.127734e+01	2.622178e+05	-2.178469e+02	-1.302008e+02	-8.764611e+01
1.150000e+02	-2.450571e+01	2.627799e+05	-2.582655e+02	-1.536384e+02	-1.046270e+02
1.160000e+02	-2.804517e+01	2.636459e+05	-2.327266e+02	-1.444085e+02	-8.831815e+01
1.170000e+02	-3.219587e+01	2.643881e+05	-3.151904e+02	-1.897910e+02	-1.253993e+02
1.180000e+02	-3.699684e+01	2.654578e+05	-3.804171e+02	-2.272054e+02	-1.532117e+02
1.190000e+02	-4.209489e+01	2.669758e+05	-3.590542e+02	-2.216220e+02	-1.374322e+02
1.200000e+02	-4.727609e+01	2.687020e+05	-4.061299e+02	-2.503411e+02	-1.557889e+02
1.210000e+02	-5.242942e+01	2.705875e+05	-4.566073e+02	-2.807331e+02	-1.758742e+02
1.220000e+02	-5.738047e+01	2.729188e+05	-4.959763e+02	-3.053686e+02	-1.906077e+02
1.230000e+02	-6.195027e+01	2.753523e+05	-5.424864e+02	-3.331935e+02	-2.092929e+02
1.240000e+02	-6.664807e+01	2.780373e+05	-5.314786e+02	-3.323874e+02	-1.990912e+02
1.250000e+02	-7.122149e+01	2.809617e+05	-5.985966e+02	-3.705198e+02	-2.280768e+02
1.260000e+02	-7.584143e+01	2.840875e+05	-6.746529e+02	-4.131679e+02	-2.614850e+02
1.270000e+02	-8.047736e+01	2.871111e+05	-6.498966e+02	-4.054256e+02	-2.444709e+02
1.280000e+02	-8.573464e+01	2.904079e+05	-6.597088e+02	-4.155891e+02	-2.441198e+02
1.290000e+02	-9.106900e+01	2.936640e+05	-6.442332e+02	-4.131856e+02	-2.310476e+02
1.300000e+02	-9.643958e+01	2.969213e+05	-5.398964e+02	-3.663878e+02	-1.735086e+02
1.310000e+02	-1.018969e+02	3.002720e+05	-5.396775e+02	-3.717357e+02	-1.679419e+02
1.320000e+02	-1.072059e+02	3.034390e+05	-9.547125e+02	-5.845621e+02	-3.701503e+02
1.330000e+02	-1.125252e+02	3.066475e+05	-9.473913e+02	-5.862209e+02	-3.611704e+02
1.340000e+02	-1.181322e+02	3.096519e+05	-1.003775e+03	-6.200196e+02	-3.837552e+02
1.350000e+02	-1.233670e+02	3.125724e+05	-1.051559e+03	-6.491467e+02	-4.024126e+02
1.360000e+02	-1.286676e+02	3.154115e+05	-1.069939e+03	-6.636371e+02	-4.063018e+02
1.370000e+02	-1.340012e+02	3.182026e+05	-1.149219e+03	-7.086104e+02	-4.406081e+02
1.380000e+02	-1.398302e+02	3.207840e+05	-1.187371e+03	-7.335157e+02	-4.538553e+02
1.390000e+02	-1.458843e+02	3.231909e+05	-1.245298e+03	-7.685332e+02	-4.767646e+02
1.400000e+02	-1.520414e+02	3.254617e+05	-1.271575e+03	-7.878288e+02	-4.837460e+02
1.410000e+02	-1.580445e+02	3.274838e+05	-1.324358e+03	-8.202233e+02	-5.041343e+02
1.420000e+02	-1.638549e+02	3.294417e+05	-1.327660e+03	-8.276851e+02	-4.999753e+02
1.430000e+02	-1.692914e+02	3.313339e+05	-1.400534e+03	-8.695586e+02	-5.309759e+02
1.440000e+02	-1.764748e+02	3.329530e+05	-1.385058e+03	-8.690037e+02	-5.160541e+02
1.450000e+02	-1.857346e+02	3.344267e+05	-1.459305e+03	-9.153873e+02	-5.439181e+02
1.460000e+02	-1.933829e+02	3.356553e+05	-1.459608e+03	-9.231869e+02	-5.364210e+02
1.470000e+02	-1.996978e+02	3.367797e+05	-1.533332e+03	-9.663640e+02	-5.669684e+02
1.480000e+02	-2.048804e+02	3.378766e+05	-1.545957e+03	-9.778590e+02	-5.680982e+02
1.490000e+02	-2.091941e+02	3.388039e+05	-1.611110e+03	-1.014749e+03	-5.963609e+02
1.500000e+02	-2.131955e+02	3.395179e+05	-1.581027e+03	-1.003709e+03	-5.773178e+02
1.510000e+02	-2.179599e+02	3.399323e+05	-1.601852e+03	-1.018886e+03	-5.829660e+02
1.520000e+02	-2.231053e+02	3.401062e+05	-1.628038e+03	-1.037124e+03	-5.909137e+02
1.530000e+02	-2.291814e+02	3.399726e+05	-1.590343e+03	-1.024353e+03	-5.659903e+02
1.540000e+02	-2.365684e+02	3.393616e+05	-1.620793e+03	-1.046965e+03	-5.738279e+02
1.550000e+02	-2.447754e+02	3.384243e+05	-1.546873e+03	-1.018212e+03	-5.286612e+02
1.560000e+02	-2.536430e+02	3.370639e+05	-1.495293e+03	-1.001290e+03	-4.940035e+02
1.570000e+02	-2.625832e+02	3.356332e+05	-1.472120e+03	-9.986431e+02	-4.734768e+02
1.580000e+02	-2.708502e+02	3.338334e+05	-1.446036e+03	-9.938680e+02	-4.521676e+02
1.590000e+02	-2.781224e+02	3.319352e+05	-1.376591e+03	-9.664180e+02	-4.101733e+02
1.600000e+02	-2.840582e+02	3.300225e+05	-1.325629e+03	-9.468727e+02	-3.787563e+02
1.610000e+02	-2.882630e+02	3.281844e+05	-1.257004e+03	-9.167651e+02	-3.402391e+02
1.620000e+02	-2.905135e+02	3.263300e+05	-1.189921e+03	-8.854740e+02	-3.044470e+02
1.630000e+02	-2.913330e+02	3.246317e+05	-1.129883e+03	-8.562746e+02	-2.736085e+02
1.640000e+02	-2.910486e+02	3.231170e+05	-1.101630e+03	-8.418637e+02	-2.597664e+02
1.650000e+02	-2.896832e+02	3.216599e+05	-1.049051e+03	-8.142089e+02	-2.348425e+02
1.660000e+02	-2.876845e+02	3.203446e+05	-1.037385e+03	-8.063769e+02	-2.310080e+02
1.670000e+02	-2.850745e+02	3.190597e+05	-9.642120e+02	-7.671805e+02	-1.970315e+02
1.680000e+02	-2.823059e+02	3.177736e+05	-8.633005e+02	-7.139561e+02	-1.493444e+02
1.690000e+02	-2.791667e+02	3.165395e+05	-8.436940e+02	-7.010137e+02	-1.426803e+02
1.700000e+02	-2.757516e+02	3.153781e+05	-7.410903e+02	-6.462967e+02	-9.479357e+01
1.710000e+02	-2.718533e+02	3.141798e+05	-6.258562e+02	-5.847814e+02	-4.107479e+01
1.720000e+02	-2.675169e+02	3.129738e+05	-5.518855e+02	-5.434596e+02	-8.425889e+00
1.730000e+02	-2.626687e+02	3.117422e+05	-4.370561e+02	-4.811967e+02	4.414064e+01
1.740000e+02	-2.570101e+02	3.106107e+05	-3.417353e+02	-4.278778e+02	8.614247e+01
1.750000e+02	-2.507776e+02	3.094567e+05	-2.555134e+02	-3.785343e+02	1.230209e+02
1.760000e+02	-2.435662e+02	3.083988e+05	-1.477569e+02	-3.174447e+02	1.696878e+02
1.770000e+02	-2.354441e+02	3.073660e+05	-5.717626e+01	-2.640322e+02	2.068560e+02
1.780000e+02	-2.264355e+02	3.063800e+05	5.186208e+01	-2.005044e+02	2.523665e+02
1.790000e+02	-2.164836e+02	3.056058e+05	1.788084e+02	-1.270794e+02	3.058878e+02
1.800000e+02	-2.057637e+02	3.048490e+05	2.831271e+02	-6.420011e+01	3.473272e+02
1.810000e+02	-1.943573e+02	3.041021e+05	3.721579e+02	-8.278326e+00	3.804363e+02
1.820000e+02	-1.823064e+02	3.034859e+05	4.839474e+02	5.966730e+01	4.242801e+02
1.830000e+02	-1.696358e+02	3.028714e+05	6.210637e+02	1.408960e+02	4.801677e+02
1.840000e+02	-1.566151e+02	3.023688e+05	7.059829e+02	1.963764e+02	5.096065e+02
1.850000e+02	-1.432195e+02	3.018612e+05	8.778943e+02	2.957277e+02	5.821666e+02
1.860000e+02	-1.294817e+02	3.014926e+05	9.751134e+02	3.580750e+02	6.170384e+02
1.870000e+02	-1.158007e+02	3.011297e+05	1.077532e+03	4.229654e+02	6.545669e+02
1.880000e+02	-1.017399e+02	3.008115e+05	1.216507e+03	5.065138e+02	7.099937e+02
1.890000e+02	-8.750275e+01	3.005274e+05	1.340923e+03	5.829588e+02	7.579643e+02
1.900000e+02	-7.302492e+01	3.002957e+05	1.444822e+03	6.493860e+02	7.954358e+02
1.910000e+02	-5.818457e+01	3.001150e+05	1.553889e+03	7.187601e+02	8.351292e+02
1.920000e+02	-4.311965e+01	2.999746e+05	1.682335e+03	7.980479e+02	8.842872e+02
1.930000e+02	-2.770054e+01	2.998273e+05	1.758836e+03	8.517175e+02	9.071186e+02
1.940000e+02	-1.193444e+01	2.997514e+05	1.851011e+03	9.135710e+02	9.374398e+02
1.950000e+02	4.076538e+00	2.997434e+05	1.957023e+03	9.825880e+02	9.744350e+02
1.960000e+02	2.036375e+01	2.996695e+05	2.039030e+03	1.039879e+03	9.991511e+02
1.970000e+02	3.676387e+01	2.997561e+05	2.092277e+03	1.082903e+03	1.009375e+03
1.980000e+02	5.313714e+01	2.998627e+05	2.164114e+03	1.135194e+03	1.028920e+03
1.990000e+02	6.976718e+01	3.000340e+05	2.224673e+03	1.182103e+03	1.042569e+03
2.000000e+02	8.639197e+01	3.001754e+05	2.242654e+03	1.207719e+03	1.034935e+03
2.010000e+02	1.030036e+02	3.004138e+05	2.225024e+03	1.215516e+03	1.009508e+03
2.020000e+02	1.194261e+02	3.005468e+05	2.373483e+03	1.306167e+03	1.067315e+03
2.030000e+02	1.355828e+02	3.007817e+05	2.363671e+03	1.317418e+03	1.046253e+03
2.040000e+02	1.517164e+02	3.010584e+05	2.387007e+03	1.345220e+03	1.041787e+03
2.050000e+02	1.673709e+02	3.013135e+05	2.392623e+03	1.363682e+03	1.028940e+03
2.060000e+02	1.823844e+02	3.016754e+05	2.384364e+03	1.374566e+03	1.009797e+03
2.070000e+02	1.968021e+02	3.020602e+05	2.365470e+03	1.379537e+03	9.859330e+02
2.080000e+02	2.103058e+02	3.023884e+05	2.291447e+03	1.356029e+03	9.354178e+02
2.090000e+02	2.232656e+02	3.028758e+05	2.289808e+03	1.368170e+03	9.216383e+02
2.100000e+02	2.350434e+02	3.032822e+05	2.213650e+03	1.341868e+03	8.717816e+02
2.110000e+02	2.455971e+02	3.037364e+05	2.143722e+03	1.317458e+03	8.262641e+02
2.120000e+02	2.546499e+02	3.041789e+05	2.091447e+03	1.300373e+03	7.910735e+02
2.130000e+02	2.622055e+02	3.045658e+05	2.012789e+03	1.268600e+03	7.441891e+02
2.140000e+02	2.677906e+02	3.050493e+05	1.915838e+03	1.225710e+03	6.901285e+02
2.150000e+02	2.710732e+02	3.054067e+05	1.819062e+03	1.180604e+03	6.384576e+02
2.160000e+02	2.719946e+02	3.057860e+05	1.713184e+03	1.128586e+03	5.845973e+02
2.170000e+02	2.705681e+02	3.060418e+05	1.581297e+03	1.061217e+03	5.200805e+02
2.180000e+02	2.665488e+02	3.062240e+05	1.447762e+03	9.904296e+02	4.573321e+02
2.190000e+02	2.602795e+02	3.064179e+05	1.296510e+03	9.085347e+02	3.879756e+02
2.200000e+02	2.518798e+02	3.064547e+05	1.164365e+03	8.340624e+02	3.303028e+02
2.210000e+02	2.414704e+02	3.062983e+05	1.004518e+03	7.437296e+02	2.607888e+02
2.220000e+02	2.294789e+02	3.061640e+05	8.438297e+02	6.513938e+02	1.924359e+02
2.230000e+02	2.161453e+02	3.058805e+05	6.896168e+02	5.609537e+02	1.286631e+02
2.240000e+02	2.015777e+02	3.055306e+05	4.729824e+02	4.380688e+02	3.491353e+01
2.250000e+02	1.861218e+02	3.050664e+05	3.474992e+02	3.598715e+02	-1.237221e+01
2.260000e+02	1.700534e+02	3.045711e+05	1.523828e+02	2.462448e+02	-9.386195e+01
2.270000e+02	1.532932e+02	3.040198e+05	-7.333162e+01	1.166274e+02	-1.899590e+02
2.280000e+02	1.356295e+02	3.034075e+05	-2.527132e+02	9.272944e+00	-2.619861e+02
2.290000e+02	1.174808e+02	3.027192e+05	-4.333822e+02	-9.921027e+01	-3.341719e+02
2.300000e+02	9.985486e+01	3.020272e+05	-6.302078e+02	-2.152490e+02	-4.149588e+02
2.310000e+02	8.151567e+01	3.013114e+05	-8.319767e+02	-3.344727e+02	-4.975040e+02
2.320000e+02	6.292355e+01	3.006152e+05	-1.077989e+03	-4.760709e+02	-6.019180e+02
2.330000e+02	4.369990e+01	2.999411e+05	-1.268522e+03	-5.905613e+02	-6.779612e+02
2.340000e+02	2.388669e+01	2.992373e+05	-1.463601e+03	-7.079138e+02	-7.556872e+02
2.350000e+02	3.969230e+00	2.985068e+05	-1.656625e+03	-8.243435e+02	-8.322819e+02
2.360000e+02	-1.595573e+01	2.977634e+05	-1.861374e+03	-9.466428e+02	-9.147313e+02
2.370000e+02	-3.553657e+01	2.970926e+05	-2.045681e+03	-1.058377e+03	-9.873037e+02
2.380000e+02	-5.386237e+01	2.964237e+05	-2.147323e+03	-1.127524e+03	-1.019799e+03
2.390000e+02	-6.840640e+01	2.957519e+05	-2.422276e+03	-1.279545e+03	-1.142732e+03
2.400000e+02	-8.100878e+01	2.950598e+05	-2.576947e+03	-1.369482e+03	-1.207465e+03
2.410000e+02	-9.045071e+01	2.944561e+05	-2.707996e+03	-1.444449e+03	-1.263547e+03
2.420000e+02	-9.982063e+01	2.939647e+05	-2.876592e+03	-1.538117e+03	-1.338475e+03
2.430000e+02	-1.090256e+02	2.935148e+05	-3.011896e+03	-1.614974e+03	-1.396922e+03
2.440000e+02	-1.179861e+02	2.931310e+05	-3.103188e+03	-1.669580e+03	-1.433608e+03
2.450000e+02	-1.275405e+02	2.928479e+05	-3.200546e+03	-1.727813e+03	-1.472732e+03
2.460000e+02	-1.369309e+02	2.926115e+05	-3.339350e+03	-1.806606e+03	-1.532744e+03
2.470000e+02	-1.454702e+02	2.923784e+05	-3.512346e+03	-1.901643e+03	-1.610703e+03
2.480000e+02	-1.558205e+02	2.921586e+05	-3.555251e+03	-1.933446e+03	-1.621805e+03
2.490000e+02	-1.668670e+02	2.919978e+05	-3.627059e+03	-1.980397e+03	-1.646663e+03
2.500000e+02	-1.758807e+02	2.919030e+05	-3.533445e+03	-1.942603e+03	-1.590842e+03
2.510000e+02	-1.829662e+02	2.917395e+05	-3.495426e+03	-1.930679e+03	-1.564747e+03
2.520000e+02	-1.898235e+02	2.914513e+05	-3.728183e+03	-2.053915e+03	-1.674268e+03
2.530000e+02	-1.979687e+02	2.912724e+05	-3.447652e+03	-1.921795e+03	-1.525857e+03
2.540000e+02	-2.070524e+02	2.910863e+05	-3.749834e+03	-2.081970e+03	-1.667865e+03
2.550000e+02	-2.159262e+02	2.909054e+05	-3.691528e+03	-2.061690e+03	-1.629838e+03
2.560000e+02	-2.253283e+02	2.908158e+05	-3.665948e+03	-2.058302e+03	-1.607645e+03
2.570000e+02	-2.338931e+02	2.907681e+05	-3.625378e+03	-2.046582e+03	-1.578796e+03
2.580000e+02	-2.421923e+02	2.907314e+05	-3.552912e+03	-2.018648e+03	-1.534264e+03
2.590000e+02	-2.506369e+02	2.908404e+05	-3.337335e+03	-1.919304e+03	-1.418030e+03
2.600000e+02	-2.573278e+02	2.909899e+05	-3.287460e+03	-1.901058e+03	-1.386402e+03
2.610000e+02	-2.630927e+02	2.911635e+05	-3.121846e+03	-1.824016e+03	-1.297830e+03
2.620000e+02	-2.706645e+02	2.914829e+05	-2.962366e+03	-1.751847e+03	-1.210518e+03
2.630000e+02	-2.778249e+02	2.918173e+05	-2.820645e+03	-1.688148e+03	-1.132498e+03
2.640000e+02	-2.835651e+02	2.922013e+05	-2.632321e+03	-1.599726e+03	-1.032595e+03
2.650000e+02	-2.867476e+02	2.926027e+05	-2.408367e+03	-1.490931e+03	-9.174357e+02
2.660000e+02	-2.872846e+02	2.930213e+05	-2.211139e+03	-1.392854e+03	-8.182850e+02
2.670000e+02	-2.857331e+02	2.934288e+05	-2.021768e+03	-1.296617e+03	-7.251510e+02
2.680000e+02	-2.822810e+02	2.938651e+05	-1.793035e+03	-1.178798e+03	-6.142365e+02
2.690000e+02	-2.774627e+02	2.943311e+05	-1.608590e+03	-1.081758e+03	-5.268321e+02
2.700000e+02	-2.705630e+02	2.947725e+05	-1.346096e+03	-9.436111e+02	-4.024850e+02
2.710000e+02	-2.618378e+02	2.952019e+05	-1.148005e+03	-8.358405e+02	-3.121649e+02
2.720000e+02	-2.521649e+02	2.955984e+05	-9.148684e+02	-7.095991e+02	-2.052692e+02
2.730000e+02	-2.419973e+02	2.959972e+05	-6.776609e+02	-5.808277e+02	-9.683317e+01
2.740000e+02	-2.312051e+02	2.963963e+05	-4.453167e+02	-4.538634e+02	8.546777e+00
2.750000e+02	-2.194736e+02	2.968012e+05	-2.111370e+02	-3.250421e+02	1.139051e+02
2.760000e+02	-2.070564e+02	2.972522e+05	1.216568e+01	-2.009736e+02	2.131393e+02
2.770000e+02	-1.940081e+02	2.976715e+05	2.420588e+02	-7.297869e+01	3.150375e+02
2.780000e+02	-1.808236e+02	2.981497e+05	4.762087e+02	5.728071e+01	4.189280e+02
2.790000e+02	-1.674455e+02	2.986541e+05	7.035425e+02	1.843257e+02	5.192167e+02
2.800000e+02	-1.534901e+02	2.991286e+05	9.093321e+02	3.011759e+02	6.081562e+02
2.810000e+02	-1.387285e+02	2.995802e+05	1.121091e+03	4.218172e+02	6.992741e+02
2.820000e+02	-1.228860e+02	3.000060e+05	1.304267e+03	5.292477e+02	7.750198e+02
2.830000e+02	-1.058838e+02	3.004443e+05	1.477938e+03	6.330851e+02	8.448527e+02
2.840000e+02	-8.791868e+01	3.008711e+05	1.621739e+03	7.229510e+02	8.987884e+02
2.850000e+02	-6.887027e+01	3.012593e+05	1.763359e+03	8.128093e+02	9.505498e+02
2.860000e+02	-4.926747e+01	3.016270e+05	1.866437e+03	8.839509e+02	9.824859e+02
2.870000e+02	-2.971279e+01	3.019347e+05	1.955854e+03	9.482142e+02	1.007640e+03
2.880000e+02	-1.044566e+01	3.022364e+05	2.034094e+03	1.006602e+03	1.027493e+03
2.890000e+02	8.009509e+00	3.025164e+05	2.064821e+03	1.040420e+03	1.024401e+03
2.900000e+02	2.546783e+01	3.027445e+05	2.103169e+03	1.077052e+03	1.026117e+03
2.910000e+02	4.181130e+01	3.029404e+05	2.107884e+03	1.095754e+03	1.012131e+03
2.920000e+02	5.675618e+01	3.030896e+05	2.075091e+03	1.094301e+03	9.807891e+02
2.930000e+02	7.034403e+01	3.032593e+05	2.052110e+03	1.096399e+03	9.557111e+02
2.940000e+02	8.267339e+01	3.034232e+05	1.999574e+03	1.082460e+03	9.171136e+02
2.950000e+02	9.365021e+01	3.035591e+05	1.943428e+03	1.065364e+03	8.780640e+02
2.960000e+02	1.030959e+02	3.036806e+05	1.861589e+03	1.033891e+03	8.276987e+02
2.970000e+02	1.107722e+02	3.037743e+05	1.760897e+03	9.912204e+02	7.696761e+02
2.980000e+02	1.164547e+02	3.038815e+05	1.645419e+03	9.391641e+02	7.062547e+02
2.990000e+02	1.198961e+02	3.039908e+05	1.515579e+03	8.776857e+02	6.378936e+02
3.000000e+02	1.210830e+02	3.040956e+05	1.373821e+03	8.079936e+02	5.658275e+02
3.010000e+02	1.200043e+02	3.042063e+05	1.252874e+03	7.464413e+02	5.064327e+02
3.020000e+02	1.169695e+02	3.043145e+05	1.049455e+03	6.416970e+02	4.077580e+02
3.030000e+02	1.122489e+02	3.044203e+05	8.736822e+02	5.490900e+02	3.245922e+02
3.040000e+02	1.059734e+02	3.045041e+05	6.857106e+02	4.488286e+02	2.368819e+02
3.050000e+02	9.831392e+01	3.045803e+05	4.853026e+02	3.409652e+02	1.443374e+02
3.060000e+02	8.924234e+01	3.046506e+05	2.798913e+02	2.291880e+02	5.070330e+01
3.070000e+02	7.872789e+01	3.047334e+05	8.618662e+01	1.218212e+02	-3.563458e+01
3.080000e+02	6.667082e+01	3.047652e+05	-1.435178e+02	-5.088077e+00	-1.384297e+02
3.090000e+02	5.286422e+01	3.048196e+05	-3.495595e+02	-1.219155e+02	-2.276440e+02
3.100000e+02	3.724947e+01	3.048722e+05	-5.553047e+02	-2.404029e+02	-3.149018e+02
3.110000e+02	1.991603e+01	3.049208e+05	-7.708731e+02	-3.655205e+02	-4.053526e+02
3.120000e+02	1.140836e+00	3.049638e+05	-9.715747e+02	-4.846465e+02	-4.869282e+02
3.130000e+02	-1.861973e+01	3.050144e+05	-1.176772e+03	-6.070057e+02	-5.697663e+02
3.140000e+02	-3.879454e+01	3.050676e+05	-1.379929e+03	-7.287590e+02	-6.511699e+02
3.150000e+02	-5.877600e+01	3.051244e+05	-1.547671e+03	-8.326114e+02	-7.150594e+02
3.160000e+02	-7.806647e+01	3.051863e+05	-1.733581e+03	-9.448568e+02	-7.887238e+02
3.170000e+02	-9.618670e+01	3.052527e+05	-1.891261e+03	-1.041817e+03	-8.494436e+02
3.180000e+02	-1.128434e+02	3.053101e+05	-2.040546e+03	-1.133116e+03	-9.074297e+02
3.190000e+02	-1.279653e+02	3.053789e+05	-2.180700e+03	-1.218315e+03	-9.623847e+02
3.200000e+02	-1.415688e+02	3.054353e+05	-2.302724e+03	-1.292931e+03	-1.009793e+03
3.210000e+02	-1.538985e+02	3.054972e+05	-2.399641e+03	-1.353719e+03	-1.045922e+03
3.220000e+02	-1.651885e+02	3.055538e+05	-2.490688e+03	-1.410533e+03	-1.080156e+03
3.230000e+02	-1.757125e+02	3.056105e+05	-2.558933e+03	-1.455179e+03	-1.103754e+03
3.240000e+02	-1.857202e+02	3.056457e+05	-2.603451e+03	-1.487446e+03	-1.116005e+03
3.250000e+02	-1.953711e+02	3.056739e+05	-2.637755e+03	-1.514249e+03	-1.123506e+03
3.260000e+02	-2.047269e+02	3.057009e+05	-2.637463e+03	-1.523459e+03	-1.114005e+03
3.270000e+02	-2.137962e+02	3.057318e+05	-2.624905e+03	-1.526249e+03	-1.098656e+03
3.280000e+02	-2.224386e+02	3.057405e+05	-2.592105e+03	-1.518491e+03	-1.073614e+03
3.290000e+02	-2.305748e+02	3.057689e+05	-2.523043e+03	-1.492096e+03	-1.030947e+03
3.300000e+02	-2.380547e+02	3.057919e+05	-2.440267e+03	-1.458188e+03	-9.820787e+02
3.310000e+02	-2.446760e+02	3.057942e+05	-2.327542e+03	-1.408447e+03	-9.190949e+02
3.320000e+02	-2.502327e+02	3.058215e+05	-2.218344e+03	-1.359405e+03	-8.589394e+02
3.330000e+02	-2.545721e+02	3.058252e+05	-2.075287e+03	-1.292216e+03	-7.830715e+02
3.340000e+02	-2.575222e+02	3.058450e+05	-1.909150e+03	-1.212097e+03	-6.970525e+02
3.350000e+02	-2.589371e+02	3.058435e+05	-1.737089e+03	-1.127482e+03	-6.096076e+02
3.360000e+02	-2.586394e+02	3.058633e+05	-1.540998e+03	-1.029138e+03	-5.118595e+02
3.370000e+02	-2.565135e+02	3.058650e+05	-1.347517e+03	-9.302719e+02	-4.172450e+02
3.380000e+02	-2.525801e+02	3.058744e+05	-1.107185e+03	-8.061726e+02	-3.010124e+02
3.390000e+02	-2.468564e+02	3.058810e+05	-8.715508e+02	-6.826318e+02	-1.889190e+02
3.400000e+02	-2.393897e+02	3.058836e+05	-6.256118e+02	-5.521956e+02	-7.341624e+01
3.410000e+02	-2.303174e+02	3.058790e+05	-3.727438e+02	-4.166893e+02	4.394547e+01
3.420000e+02	-2.197724e+02	3.058765e+05	-1.378993e+02	-2.887220e+02	1.508228e+02
3.430000e+02	-2.078608e+02	3.058871e+05	1.457681e+02	-1.349767e+02	2.807448e+02
3.440000e+02	-1.947355e+02	3.058849e+05	4.120883e+02	1.130866e+01	4.007796e+02
3.450000e+02	-1.804515e+02	3.058965e+05	6.856474e+02	1.623721e+02	5.232752e+02
3.460000e+02	-1.650797e+02	3.058961e+05	9.670415e+02	3.184411e+02	6.486004e+02
3.470000e+02	-1.487267e+02	3.058970e+05	1.217626e+03	4.600863e+02	7.575398e+02
3.480000e+02	-1.314446e+02	3.058993e+05	1.464360e+03	6.007355e+02	8.636247e+02
3.490000e+02	-1.132942e+02	3.058961e+05	1.710959e+03	7.421850e+02	9.687735e+02
3.500000e+02	-9.435434e+01	3.059039e+05	1.943908e+03	8.775995e+02	1.066308e+03
3.510000e+02	-7.465968e+01	3.059084e+05	2.155445e+03	1.003063e+03	1.152382e+03
3.520000e+02	-5.427861e+01	3.059083e+05	2.365633e+03	1.128538e+03	1.237095e+03
3.530000e+02	-3.334636e+01	3.059114e+05	2.552152e+03	1.242730e+03	1.309422e+03
3.540000e+02	-1.195153e+01	3.059156e+05	2.716278e+03	1.346188e+03	1.370091e+03
3.550000e+02	9.728320e+00	3.059168e+05	2.852539e+03	1.435998e+03	1.416541e+03
3.560000e+02	3.151199e+01	3.059217e+05	2.986095e+03	1.524560e+03	1.461536e+03
3.570000e+02	5.322716e+01	3.059211e+05	3.074646e+03	1.590550e+03	1.484096e+03
3.580000e+02	7.466986e+01	3.059267e+05	3.150588e+03	1.649964e+03	1.500624e+03
3.590000e+02	9.560269e+01	3.059300e+05	3.196210e+03	1.693707e+03	1.502502e+03
3.600000e+02	1.158131e+02	3.059250e+05	3.206885e+03	1.719256e+03	1.487629e+03
3.610000e+02	1.350464e+02	3.059361e+05	3.202271e+03	1.736182e+03	1.466089e+03
3.620000e+02	1.530191e+02	3.059346e+05	3.149684e+03	1.727861e+03	1.421823e+03
3.630000e+02	1.694864e+02	3.059400e+05	3.085250e+03	1.712111e+03	1.373138e+03
3.640000e+02	1.842135e+02	3.059448e+05	2.973479e+03	1.670953e+03	1.302526e+03
3.650000e+02	1.970013e+02	3.059469e+05	2.844447e+03	1.619225e+03	1.225222e+03
3.660000e+02	2.077667e+02	3.059483e+05	2.689170e+03	1.552352e+03	1.136819e+03
3.670000e+02	2.163723e+02	3.059501e+05	2.504686e+03	1.468715e+03	1.035971e+03
3.680000e+02	2.227645e+02	3.059610e+05	2.290716e+03	1.368122e+03	9.225933e+02
3.690000e+02	2.269264e+02	3.059597e+05	2.047867e+03	1.250860e+03	7.970070e+02
3.700000e+02	2.288681e+02	3.059577e+05	1.795247e+03	1.126492e+03	6.687555e+02
3.710000e+02	2.286043e+02	3.059627e+05	1.515688e+03	9.864484e+02	5.292398e+02
3.720000e+02	2.261895e+02	3.059670e+05	1.216909e+03	8.346437e+02	3.822648e+02
3.730000e+02	2.215869e+02	3.059710e+05	8.946067e+02	6.688902e+02	2.257164e+02
3.740000e+02	2.148345e+02	3.059720e+05	5.540085e+02	4.918387e+02	6.216979e+01
3.750000e+02	2.059747e+02	3.059764e+05	2.129896e+02	3.124695e+02	-9.947989e+01
3.760000e+02	1.950443e+02	3.059806e+05	-1.413274e+02	1.243806e+02	-2.657081e+02
3.770000e+02	1.821071e+02	3.059884e+05	-5.078901e+02	-7.183797e+01	-4.360522e+02
3.780000e+02	1.672088e+02	3.059885e+05	-8.770547e+02	-2.713185e+02	-6.057361e+02
3.790000e+02	1.503587e+02	3.059951e+05	-1.241961e+03	-4.706218e+02	-7.713392e+02
3.800000e+02	1.316280e+02	3.059958e+05	-1.608984e+03	-6.728640e+02	-9.361200e+02
3.810000e+02	1.110599e+02	3.059975e+05	-1.971399e+03	-8.746394e+02	-1.096759e+03
3.820000e+02	8.872835e+01	3.059948e+05	-2.319784e+03	-1.071164e+03	-1.248620e+03
3.830000e+02	6.478766e+01	3.059984e+05	-2.651828e+03	-1.261126e+03	-1.390702e+03
3.840000e+02	3.935620e+01	3.059975e+05	-2.978115e+03	-1.449701e+03	-1.528414e+03
3.850000e+02	1.258608e+01	3.059999e+05	-3.275700e+03	-1.625264e+03	-1.650436e+03
3.860000e+02	-1.525103e+01	3.059912e+05	-3.553134e+03	-1.791818e+03	-1.761316e+03
3.870000e+02	-4.395661e+01	3.059978e+05	-3.809307e+03	-1.948610e+03	-1.860697e+03
3.880000e+02	-7.320120e+01	3.059945e+05	-4.045993e+03	-2.096198e+03	-1.949795e+03
3.890000e+02	-1.026769e+02	3.059892e+05	-4.234720e+03	-2.220037e+03	-2.014683e+03
3.900000e+02	-1.320734e+02	3.059843e+05	-4.402621e+03	-2.333384e+03	-2.069237e+03
3.910000e+02	-1.611321e+02	3.059810e+05	-4.538329e+03	-2.430296e+03	-2.108032e+03
3.920000e+02	-1.894868e+02	3.059777e+05	-4.619622e+03	-2.499298e+03	-2.120324e+03
3.930000e+02	-2.168983e+02	3.059775e+05	-4.679851e+03	-2.556824e+03	-2.123027e+03
3.940000e+02	-2.430973e+02	3.059813e+05	-4.700698e+03	-2.593446e+03	-2.107252e+03
3.950000e+02	-2.678617e+02	3.059785e+05	-4.663484e+03	-2.599604e+03	-2.063880e+03
3.960000e+02	-2.910103e+02	3.059795e+05	-4.600566e+03	-2.591293e+03	-2.009273e+03
3.970000e+02	-3.123857e+02	3.059865e+05	-4.491441e+03	-2.558106e+03	-1.933335e+03
3.980000e+02	-3.317657e+02	3.059896e+05	-4.342643e+03	-2.503087e+03	-1.839556e+03
3.990000e+02	-3.490425e+02	3.059938e+05	-4.136878e+03	-2.417482e+03	-1.719397e+03
4.000000e+02	-3.640758e+02	3.059970e+05	-3.915198e+03	-2.321675e+03	-1.593523e+03
4.010000e+02	-3.767262e+02	3.060045e+05	-3.634297e+03	-2.193875e+03	-1.440422e+03
4.020000e+02	-3.869108e+02	3.060126e+05	-3.327192e+03	-2.050507e+03	-1.276685e+03
4.030000e+02	-3.945098e+02	3.060169e+05	-2.978298e+03	-1.883659e+03	-1.094639e+03
4.040000e+02	-3.993893e+02	3.060193e+05	-2.599928e+03	-1.699353e+03	-9.005748e+02
4.050000e+02	-4.015105e+02	3.060294e+05	-2.168136e+03	-1.485578e+03	-6.825575e+02
4.060000e+02	-4.007916e+02	3.060369e+05	-1.742102e+03	-1.271843e+03	-4.702593e+02
4.070000e+02	-3.971841e+02	3.060374e+05	-1.284716e+03	-1.039542e+03	-2.451739e+02
4.080000e+02	-3.906269e+02	3.060432e+05	-7.856529e+02	-7.834533e+02	-2.199576e+00
4.090000e+02	-3.810654e+02	3.060489e+05	-3.004171e+02	-5.312739e+02	2.308569e+02
4.100000e+02	-3.684952e+02	3.060537e+05	2.359913e+02	-2.504996e+02	4.864909e+02
4.110000e+02	-3.529156e+02	3.060552e+05	7.603350e+02	2.725192e+01	7.330831e+02
4.120000e+02	-3.342872e+02	3.060560e+05	1.300702e+03	3.160637e+02	9.846381e+02
4.130000e+02	-3.127250e+02	3.060578e+05	1.825327e+03	5.999382e+02	1.225388e+03
4.140000e+02	-2.883091e+02	3.060627e+05	2.352890e+03	8.881360e+02	1.464754e+03
4.150000e+02	-2.612165e+02	3.060643e+05	2.853876e+03	1.165722e+03	1.688155e+03
4.160000e+02	-2.315737e+02	3.060654e+05	3.375126e+03	1.455989e+03	1.919137e+03
4.170000e+02	-1.996308e+02	3.060662e+05	3.847843e+03	1.724290e+03	2.123552e+03
4.180000e+02	-1.656168e+02	3.060708e+05	4.309290e+03	1.989028e+03	2.320262e+03
4.190000e+02	-1.297921e+02	3.060683e+05	4.742915e+03	2.241665e+03	2.501249e+03
4.200000e+02	-9.244279e+01	3.060737e+05	5.138230e+03	2.476672e+03	2.661558e+03
4.210000e+02	-5.385930e+01	3.060804e+05	5.493159e+03	2.692720e+03	2.800439e+03
4.220000e+02	-1.438956e+01	3.060843e+05	5.803808e+03	2.887514e+03	2.916293e+03
4.230000e+02	2.562286e+01	3.060932e+05	6.089877e+03	3.070561e+03	3.019316e+03
4.240000e+02	6.575277e+01	3.060974e+05	6.306376e+03	3.218941e+03	3.087435e+03
4.250000e+02	1.055769e+02	3.061077e+05	6.479265e+03	3.345209e+03	3.134056e+03
4.260000e+02	1.446718e+02	3.061181e+05	6.607146e+03	3.448245e+03	3.158901e+03
4.270000e+02	1.825450e+02	3.061270e+05	6.658304e+03	3.511697e+03	3.146607e+03
4.280000e+02	2.187713e+02	3.061344e+05	6.666973e+03	3.552258e+03	3.114715e+03
4.290000e+02	2.529658e+02	3.061453e+05	6.605431e+03	3.555681e+03	3.049750e+03
4.300000e+02	2.847892e+02	3.061508e+05	6.491216e+03	3.530397e+03	2.960819e+03
4.310000e+02	3.139008e+02	3.061600e+05	6.309844e+03	3.468823e+03	2.841021e+03
4.320000e+02	3.400786e+02	3.061688e+05	6.066680e+03	3.373419e+03	2.693262e+03
4.330000e+02	3.631043e+02	3.061790e+05	5.768837e+03	3.247523e+03	2.521314e+03
4.340000e+02	3.827712e+02	3.061879e+05	5.415196e+03	3.090369e+03	2.324827e+03
4.350000e+02	3.989335e+02	3.061961e+05	4.991622e+03	2.894744e+03	2.096877e+03
4.360000e+02	4.114267e+02	3.062028e+05	4.527456e+03	2.675155e+03	1.852301e+03
4.370000e+02	4.201451e+02	3.062103e+05	3.990962e+03	2.415626e+03	1.575336e+03
4.380000e+02	4.249734e+02	3.062154e+05	3.413822e+03	2.131885e+03	1.281938e+03
4.390000e+02	4.257630e+02	3.062211e+05	2.792001e+03	1.821763e+03	9.702372e+02
4.400000e+02	4.224459e+02	3.062305e+05	2.153274e+03	1.499083e+03	6.541909e+02
4.410000e+02	4.149627e+02	3.062432e+05	1.460132e+03	1.145029e+03	3.151031e+02
4.420000e+02	4.032144e+02	3.062501e+05	7.266562e+02	7.665425e+02	-3.988633e+01
4.430000e+02	3.871077e+02	3.062592e+05	-2.973923e+01	3.722380e+02	-4.019773e+02
4.440000e+02	3.666576e+02	3.062702e+05	-7.792498e+02	-2.296731e+01	-7.562825e+02
4.450000e+02	3.418677e+02	3.062795e+05	-1.539306e+03	-4.277852e+02	-1.111521e+03
4.460000e+02	3.127364e+02	3.062914e+05	-2.315187e+03	-8.448569e+02	-1.470330e+03
4.470000e+02	2.794348e+02	3.063069e+05	-3.089169e+03	-1.265150e+03	-1.824019e+03
4.480000e+02	2.420548e+02	3.063107e+05	-3.863462e+03	-1.689676e+03	-2.173786e+03
4.490000e+02	2.007979e+02	3.063242e+05	-4.607785e+03	-2.103094e+03	-2.504690e+03
4.500000e+02	1.559518e+02	3.063361e+05	-5.325168e+03	-2.506632e+03	-2.818536e+03
4.510000e+02	1.078187e+02	3.063502e+05	-6.026426e+03	-2.905394e+03	-3.121032e+03
4.520000e+02	5.671440e+01	3.063689e+05	-6.692579e+03	-3.289575e+03	-3.403004e+03
4.530000e+02	3.072935e+00	3.063802e+05	-7.302576e+03	-3.648215e+03	-3.654361e+03
4.540000e+02	-5.268057e+01	3.063929e+05	-7.873396e+03	-3.989378e+03	-3.884017e+03
4.550000e+02	-1.100590e+02	3.064065e+05	-8.370983e+03	-4.295551e+03	-4.075433e+03
4.560000e+02	-1.685291e+02	3.064212e+05	-8.818538e+03	-4.577798e+03	-4.240740e+03
4.570000e+02	-2.275773e+02	3.064359e+05	-9.186141e+03	-4.820648e+03	-4.365493e+03
4.580000e+02	-2.866352e+02	3.064551e+05	-9.489829e+03	-5.031550e+03	-4.458279e+03
4.590000e+02	-3.451234e+02	3.064700e+05	-9.713893e+03	-5.202070e+03	-4.511823e+03
4.600000e+02	-4.025242e+02	3.064894e+05	-9.845241e+03	-5.325145e+03	-4.520096e+03
4.610000e+02	-4.582499e+02	3.065087e+05	-9.892047e+03	-5.404274e+03	-4.487774e+03
4.620000e+02	-5.117857e+02	3.065285e+05	-9.861832e+03	-5.442701e+03	-4.419130e+03
4.630000e+02	-5.626662e+02	3.065444e+05	-9.730441e+03	-5.427887e+03	-4.302554e+03
4.640000e+02	-6.103876e+02	3.065666e+05	-9.501471e+03	-5.361123e+03	-4.140348e+03
4.650000e+02	-6.544571e+02	3.065876e+05	-9.194067e+03	-5.251490e+03	-3.942576e+03
4.660000e+02	-6.944356e+02	3.066048e+05	-8.825352e+03	-5.107112e+03	-3.718240e+03
4.670000e+02	-7.298664e+02	3.066272e+05	-8.334956e+03	-4.897345e+03	-3.437612e+03
4.680000e+02	-7.602825e+02	3.066457e+05	-7.770883e+03	-4.645724e+03	-3.125159e+03
4.690000e+02	-7.853399e+02	3.066617e+05	-7.118585e+03	-4.344632e+03	-2.773953e+03
4.700000e+02	-8.046624e+02	3.066819e+05	-6.402607e+03	-4.005966e+03	-2.396641e+03
4.710000e+02	-8.179956e+02	3.066963e+05	-5.618906e+03	-3.627449e+03	-1.991457e+03
4.720000e+02	-8.250445e+02	3.067243e+05	-4.704009e+03	-3.177049e+03	-1.526960e+03
4.730000e+02	-8.256887e+02	3.067456e+05	-3.786294e+03	-2.718836e+03	-1.067458e+03
4.740000e+02	-8.197876e+02	3.067701e+05	-2.783578e+03	-2.211576e+03	-5.720012e+02
4.750000e+02	-8.074030e+02	3.067960e+05	-1.773686e+03	-1.694246e+03	-7.944015e+01
4.760000e+02	-7.884352e+02	3.068187e+05	-7.127199e+02	-1.144795e+03	4.320753e+02
4.770000e+02	-7.629959e+02	3.068360e+05	4.077086e+02	-5.591416e+02	9.668502e+02
4.780000e+02	-7.311442e+02	3.068586e+05	1.545011e+03	4.136103e+01	1.503650e+03
4.790000e+02	-6.930362e+02	3.068825e+05	2.700201e+03	6.570645e+02	2.043137e+03
4.800000e+02	-6.488242e+02	3.069139e+05	3.827421e+03	1.264886e+03	2.562535e+03
4.810000e+02	-5.988707e+02	3.069309e+05	4.967027e+03	1.884643e+03	3.082384e+03
4.820000e+02	-5.433140e+02	3.069544e+05	6.088639e+03	2.501005e+03	3.587633e+03
4.830000e+02	-4.826761e+02	3.069816e+05	7.143981e+03	3.089315e+03	4.054667e+03
4.840000e+02	-4.172439e+02	3.070125e+05	8.198334e+03	3.681923e+03	4.516411e+03
4.850000e+02	-3.475976e+02	3.070395e+05	9.188404e+03	4.246605e+03	4.941800e+03
4.860000e+02	-2.742658e+02	3.070716e+05	1.013160e+04	4.791533e+03	5.340064e+03
4.870000e+02	-1.978187e+02	3.071086e+05	1.101161e+04	5.307986e+03	5.703623e+03
4.880000e+02	-1.189220e+02	3.071434e+05	1.176387e+04	5.763014e+03	6.000858e+03
4.890000e+02	-3.819223e+01	3.071848e+05	1.244938e+04	6.186500e+03	6.262884e+03
4.900000e+02	4.361876e+01	3.072198e+05	1.307593e+04	6.581585e+03	6.494348e+03
4.910000e+02	1.258829e+02	3.072667e+05	1.357576e+04	6.913761e+03	6.661995e+03
4.920000e+02	2.077789e+02	3.073053e+05	1.392991e+04	7.172735e+03	6.757178e+03
4.930000e+02	2.886653e+02	3.073451e+05	1.422363e+04	7.400478e+03	6.823148e+03
4.940000e+02	3.678049e+02	3.073793e+05	1.432411e+04	7.529859e+03	6.794249e+03
4.950000e+02	4.443797e+02	3.074236e+05	1.436994e+04	7.629349e+03	6.740590e+03
4.960000e+02	5.176112e+02	3.074758e+05	1.426645e+04	7.650834e+03	6.615611e+03
4.970000e+02	5.867649e+02	3.075188e+05	1.400120e+04	7.587363e+03	6.413834e+03
4.980000e+02	6.510311e+02	3.075575e+05	1.360437e+04	7.453218e+03	6.151156e+03
4.990000e+02	7.096559e+02	3.075971e+05	1.310375e+04	7.261532e+03	5.842220e+03
5.000000e+02	7.618544e+02	3.076363e+05	1.241975e+04	6.971730e+03	5.448021e+03
5.010000e+02	8.068938e+02	3.076812e+05	1.166830e+04	6.641043e+03	5.027256e+03
5.020000e+02	8.442320e+02	3.077290e+05	1.075449e+04	6.221476e+03	4.533012e+03
5.030000e+02	8.732385e+02	3.077743e+05	9.724512e+03	5.735494e+03	3.989017e+03
5.040000e+02	8.934869e+02	3.078086e+05	8.602800e+03	5.194887e+03	3.407913e+03
5.050000e+02	9.045402e+02	3.078577e+05	7.385407e+03	4.597243e+03	2.788163e+03
5.060000e+02	9.060839e+02	3.079116e+05	6.008833e+03	3.910500e+03	2.098333e+03
5.070000e+02	8.978908e+02	3.079567e+05	4.621459e+03	3.208620e+03	1.412838e+03
5.080000e+02	8.798234e+02	3.080096e+05	3.109535e+03	2.434591e+03	6.749441e+02
5.090000e+02	8.518403e+02	3.080536e+05	1.527979e+03	1.615830e+03	-8.785062e+01
5.100000e+02	8.141296e+02	3.081009e+05	-8.622948e+01	7.710148e+02	-8.572443e+02
5.110000e+02	7.667170e+02	3.081533e+05	-1.687574e+03	-7.706991e+01	-1.610504e+03
5.120000e+02	7.099235e+02	3.082019e+05	-3.344288e+03	-9.622206e+02	-2.382068e+03
5.130000e+02	6.439978e+02	3.082678e+05	-5.102192e+03	-1.907098e+03	-3.195094e+03
5.140000e+02	5.693185e+02	3.083303e+05	-6.749689e+03	-2.805526e+03	-3.944163e+03
5.150000e+02	4.864339e+02	3.083825e+05	-8.413077e+03	-3.720105e+03	-4.692972e+03
5.160000e+02	3.959395e+02	3.084466e+05	-1.006179e+04	-4.634957e+03	-5.426836e+03
5.170000e+02	2.984064e+02	3.085216e+05	-1.163356e+04	-5.518375e+03	-6.115187e+03
5.180000e+02	1.946520e+02	3.085825e+05	-1.309788e+04	-6.354290e+03	-6.743594e+03
5.190000e+02	8.542952e+01	3.086615e+05	-1.452500e+04	-7.177069e+03	-7.347928e+03
5.200000e+02	-2.832718e+01	3.087336e+05	-1.584324e+04	-7.949947e+03	-7.893292e+03
5.210000e+02	-1.458436e+02	3.088192e+05	-1.706419e+04	-8.677939e+03	-8.386251e+03
5.220000e+02	-2.660284e+02	3.089077e+05	-1.813953e+04	-9.335793e+03	-8.803736e+03
5.230000e+02	-3.879568e+02	3.089917e+05	-1.910122e+04	-9.938566e+03	-9.162652e+03
5.240000e+02	-5.106101e+02	3.090806e+05	-1.983495e+04	-1.042808e+04	-9.406863e+03
5.250000e+02	-6.328397e+02	3.091641e+05	-2.049814e+04	-1.088191e+04	-9.616229e+03
5.260000e+02	-7.536399e+02	3.092466e+05	-2.091790e+04	-1.121259e+04	-9.705311e+03
5.270000e+02	-8.718420e+02	3.093475e+05	-2.116811e+04	-1.145590e+04	-9.712214e+03
5.280000e+02	-9.863336e+02	3.094398e+05	-2.129886e+04	-1.163576e+04	-9.663096e+03
5.290000e+02	-1.095974e+03	3.095326e+05	-2.121457e+04	-1.170326e+04	-9.511311e+03
5.300000e+02	-1.199559e+03	3.096338e+05	-2.087501e+04	-1.163706e+04	-9.237946e+03
5.310000e+02	-1.296035e+03	3.097361e+05	-2.036933e+04	-1.148070e+04	-8.888630e+03
5.320000e+02	-1.384306e+03	3.098439e+05	-1.961979e+04	-1.119420e+04	-8.425589e+03
5.330000e+02	-1.463320e+03	3.099337e+05	-1.875101e+04	-1.083883e+04	-7.912188e+03
5.340000e+02	-1.532213e+03	3.100269e+05	-1.763916e+04	-1.035179e+04	-7.287369e+03
5.350000e+02	-1.590082e+03	3.101289e+05	-1.637479e+04	-9.777477e+03	-6.597314e+03
5.360000e+02	-1.636216e+03	3.102228e+05	-1.487534e+04	-9.073884e+03	-5.801451e+03
5.370000e+02	-1.669851e+03	3.103380e+05	-1.331059e+04	-8.325148e+03	-4.985446e+03
5.380000e+02	-1.690632e+03	3.104298e+05	-1.144008e+04	-7.410673e+03	-4.029409e+03
5.390000e+02	-1.697778e+03	3.105364e+05	-9.475690e+03	-6.435623e+03	-3.040067e+03
5.400000e+02	-1.691176e+03	3.106336e+05	-7.443321e+03	-5.412836e+03	-2.030485e+03
5.410000e+02	-1.670293e+03	3.107497e+05	-5.260688e+03	-4.300637e+03	-9.600514e+02
5.420000e+02	-1.635333e+03	3.108561e+05	-2.947333e+03	-3.108999e+03	1.616659e+02
5.430000e+02	-1.586000e+03	3.109631e+05	-6.256075e+02	-1.898804e+03	1.273197e+03
5.440000e+02	-1.522777e+03	3.110763e+05	1.798156e+03	-6.236984e+02	2.421855e+03
5.450000e+02	-1.445625e+03	3.111962e+05	4.321882e+03	7.153166e+02	3.606566e+03
5.460000e+02	-1.355204e+03	3.113207e+05	6.686200e+03	1.987896e+03	4.698304e+03
5.470000e+02	-1.251780e+03	3.114516e+05	9.286726e+03	3.391583e+03	5.895143e+03
5.480000e+02	-1.136180e+03	3.115829e+05	1.165843e+04	4.693034e+03	6.965394e+03
5.490000e+02	-1.009201e+03	3.117325e+05	1.413603e+04	6.058817e+03	8.077218e+03
5.500000e+02	-8.715460e+02	3.118585e+05	1.639137e+04	7.324140e+03	9.067232e+03
5.510000e+02	-7.243694e+02	3.120328e+05	1.865163e+04	8.601445e+03	1.005018e+04
5.520000e+02	-5.686197e+02	3.121893e+05	2.075917e+04	9.810968e+03	1.094821e+04
5.530000e+02	-4.054486e+02	3.123741e+05	2.266895e+04	1.092903e+04	1.173992e+04
5.540000e+02	-2.362636e+02	3.125341e+05	2.453848e+04	1.203297e+04	1.250550e+04
5.550000e+02	-6.242342e+01	3.127172e+05	2.612090e+04	1.299803e+04	1.312287e+04
5.560000e+02	1.146013e+02	3.129043e+05	2.750385e+04	1.386653e+04	1.363732e+04
5.570000e+02	2.930856e+02	3.130790e+05	2.870010e+04	1.464313e+04	1.405696e+04
5.580000e+02	4.716648e+02	3.132799e+05	2.962891e+04	1.528612e+04	1.434279e+04
5.590000e+02	6.484001e+02	3.134921e+05	3.027778e+04	1.578729e+04	1.449049e+04
5.600000e+02	8.215632e+02	3.136766e+05	3.071613e+04	1.617963e+04	1.453650e+04
5.610000e+02	9.891627e+02	3.138842e+05	3.081272e+04	1.639552e+04	1.441720e+04
5.620000e+02	1.149624e+03	3.140923e+05	3.066333e+04	1.648129e+04	1.418204e+04
5.630000e+02	1.301271e+03	3.142754e+05	3.015968e+04	1.638111e+04	1.377857e+04
5.640000e+02	1.442448e+03	3.144812e+05	2.943465e+04	1.615977e+04	1.327488e+04
5.650000e+02	1.571796e+03	3.146949e+05	2.841556e+04	1.577957e+04	1.263598e+04
5.660000e+02	1.687696e+03	3.148848e+05	2.705169e+04	1.521354e+04	1.183815e+04
5.670000e+02	1.788770e+03	3.150938e+05	2.545958e+04	1.451856e+04	1.094102e+04
5.680000e+02	1.873655e+03	3.152976e+05	2.357238e+04	1.365984e+04	9.912535e+03
5.690000e+02	1.941355e+03	3.154950e+05	2.140225e+04	1.264248e+04	8.759768e+03
5.700000e+02	1.990654e+03	3.156785e+05	1.900068e+04	1.149099e+04	7.509685e+03
5.710000e+02	2.020851e+03	3.158570e+05	1.626016e+04	1.015093e+04	6.109229e+03
5.720000e+02	2.031249e+03	3.160763e+05	1.339199e+04	8.727243e+03	4.664745e+03
5.730000e+02	2.021271e+03	3.162860e+05	1.037112e+04	7.206830e+03	3.164288e+03
5.740000e+02	1.990561e+03	3.164687e+05	7.113338e+03	5.547230e+03	1.566108e+03
5.750000e+02	1.938928e+03	3.166768e+05	3.652565e+03	3.765210e+03	-1.126453e+02
5.760000e+02	1.866363e+03	3.168836e+05	2.400090e+02	1.986367e+03	-1.746358e+03
5.770000e+02	1.773248e+03	3.170804e+05	-3.317819e+03	1.143382e+02	-3.432157e+03
5.780000e+02	1.659744e+03	3.172929e+05	-6.940407e+03	-1.810459e+03	-5.129948e+03
5.790000e+02	1.526601e+03	3.175455e+05	-1.060209e+04	-3.774444e+03	-6.827647e+03
5.800000e+02	1.374421e+03	3.177749e+05	-1.413480e+04	-5.692978e+03	-8.441819e+03
5.810000e+02	1.204396e+03	3.180134e+05	-1.780510e+04	-7.698156e+03	-1.010695e+04
5.820000e+02	1.017452e+03	3.182921e+05	-2.132991e+04	-9.647503e+03	-1.168241e+04
5.830000e+02	8.152765e+02	3.185464e+05	-2.458787e+04	-1.147866e+04	-1.310921e+04
5.840000e+02	5.996689e+02	3.188367e+05	-2.782528e+04	-1.331297e+04	-1.451231e+04
5.850000e+02	3.725228e+02	3.191371e+05	-3.094232e+04	-1.509864e+04	-1.584369e+04
5.860000e+02	1.356076e+02	3.194558e+05	-3.366761e+04	-1.669820e+04	-1.696941e+04
5.870000e+02	-1.090954e+02	3.197632e+05	-3.620333e+04	-1.821076e+04	-1.799257e+04
