/*--------------------------------*- C++ -*----------------------------------*\
| =========                 |                                                 |
| \\      /  F ield         | OpenFOAM: The Open Source CFD Toolbox           |
|  \\    /   O peration     | Version:  2.3.1                                 |
|   \\  /    A nd           | Web:      www.OpenFOAM.org                      |
|    \\/     M anipulation  |                                                 |
\*---------------------------------------------------------------------------*/
FoamFile
{
    version     2.0;
    format      ascii;
    class       surfaceScalarField;
    location    "47";
    object      phi;
}
// * * * * * * * * * * * * * * * * * * * * * * * * * * * * * * * * * * * * * //

dimensions      [0 3 -1 0 0 0 0];

internalField   nonuniform List<scalar> 
9555
(
32.0607
-8.17738
9.45006
30.8299
-7.91406
9.14486
29.6383
-7.66134
8.85289
28.4867
-7.41757
8.56917
27.3733
-7.18242
8.29584
26.2963
-6.95355
8.03056
25.2543
-6.73256
7.77451
24.2459
-6.51709
7.52558
23.2694
-6.30928
7.2857
22.3238
-6.10697
7.05256
21.4079
-5.91247
6.8284
20.5216
-5.72404
6.61038
19.664
-5.54421
6.4018
18.8345
-5.37048
6.19997
18.0314
-5.20098
6.00404
17.2542
-5.03791
5.81512
16.5026
-4.8793
5.63093
15.7747
-4.72462
5.45249
15.07
-4.57586
5.28057
14.3874
-4.42949
5.11209
13.7262
-4.29043
4.95165
13.0861
-4.15293
4.79305
12.4654
-4.02271
4.64343
11.8643
-3.89374
4.49484
11.2822
-3.77212
4.35423
10.7185
-3.65341
4.21706
10.1723
-3.53812
4.08438
9.64436
-3.43112
3.95902
9.13194
-3.32177
3.83419
8.63635
-3.22281
3.7184
8.1558
-3.1208
3.60135
7.69057
-3.02962
3.49484
7.23861
-2.93318
3.38514
6.80186
-2.84947
3.28622
6.37888
-2.75976
3.18275
5.96809
-2.68262
3.09341
5.57017
-2.60069
2.99861
5.18209
-2.52599
2.91408
4.80735
-2.452
2.82675
4.44233
-2.38649
2.75151
4.08763
-2.31552
2.67022
3.74419
-2.26199
2.60543
3.40775
-2.19742
2.53387
3.07729
-2.15041
2.48087
2.75033
-2.09478
2.42174
2.42316
-2.05535
2.38252
2.09741
-2.0074
2.33315
1.76698
-1.97986
2.31028
1.44155
-1.94891
2.27434
-1.94199
2.2695
1.11404
32.0661
-6.91014
30.8413
-6.68926
29.6568
-6.47684
28.5113
-6.27208
27.4032
-6.07436
26.3308
-5.88108
25.2922
-5.69399
24.287
-5.5119
23.3139
-5.33613
22.3718
-5.16495
21.4602
-5.0008
20.5788
-4.84272
19.7256
-4.69094
18.899
-4.54389
18.0984
-4.40037
17.3225
-4.26203
16.5718
-4.12863
15.845
-3.99779
15.1409
-3.87176
14.4589
-3.74749
13.7985
-3.63003
13.1585
-3.51289
12.5392
-3.40351
11.9396
-3.29408
11.3595
-3.19199
10.7972
-3.09111
10.2539
-2.99485
9.72678
-2.90401
9.21614
-2.81113
8.72145
-2.72813
8.24182
-2.64117
7.77716
-2.56495
7.32743
-2.48346
6.88953
-2.41157
6.467
-2.33724
6.05395
-2.26957
5.65667
-2.20342
5.26844
-2.13776
4.89471
-2.07827
4.52835
-2.02014
4.17452
-1.96169
3.82796
-1.91543
3.48714
-1.85661
3.1535
-1.81676
2.82767
-1.76896
2.50068
-1.72835
2.18714
-1.69386
1.86891
-1.66162
1.56019
-1.64019
-1.62266
1.24086
32.0705
-5.64727
30.8493
-5.46809
29.6687
-5.29624
28.5272
-5.13056
27.4229
-4.97011
26.354
-4.81218
25.3193
-4.6593
24.3178
-4.5104
23.3478
-4.36609
22.4083
-4.22547
21.498
-4.09048
20.6152
-3.95996
19.7608
-3.83655
18.9338
-3.71689
18.1343
-3.60078
17.3597
-3.48744
16.6107
-3.37966
15.8851
-3.27217
15.1829
-3.16963
14.5025
-3.06706
13.8433
-2.97088
13.2052
-2.8747
12.5878
-2.78613
11.9898
-2.69611
11.4104
-2.61261
10.8498
-2.53053
10.306
-2.45102
9.78004
-2.37802
9.26977
-2.30085
8.77525
-2.23361
8.29713
-2.16306
7.83322
-2.10103
7.38558
-2.03582
6.94875
-1.97474
6.52975
-1.91825
6.11816
-1.85797
5.72276
-1.80803
5.33452
-1.74951
4.96171
-1.70547
4.59257
-1.651
4.23917
-1.60828
3.89038
-1.56664
3.55307
-1.5193
3.22189
-1.48559
2.89972
-1.44679
2.57999
-1.40862
2.27103
-1.3849
1.9604
-1.35098
1.64399
-1.32378
-1.31029
1.33163
32.0744
-4.38829
30.8563
-4.25
29.6785
-4.11844
28.5394
-3.99147
27.4367
-3.86746
26.3696
-3.74508
25.3362
-3.6259
24.3353
-3.50945
23.3661
-3.39691
22.4282
-3.28754
21.5201
-3.18243
20.6408
-3.08067
19.7906
-2.98629
18.9668
-2.89314
18.1706
-2.8046
17.3988
-2.71556
16.6507
-2.63164
15.9253
-2.54675
15.2226
-2.46689
14.5435
-2.38796
13.8847
-2.31212
13.2482
-2.23818
12.6317
-2.16969
12.0341
-2.09843
11.4555
-2.03407
10.894
-1.96902
10.3512
-1.90826
9.82506
-1.85184
9.31517
-1.79097
8.82103
-1.73946
8.34393
-1.68596
7.87789
-1.635
7.43015
-1.58807
6.99161
-1.5362
6.56893
-1.49556
6.15688
-1.44592
5.75724
-1.40838
5.37001
-1.36229
4.99456
-1.33002
4.62697
-1.28341
4.27506
-1.25637
3.9234
-1.21498
3.58845
-1.18434
3.25939
-1.15653
2.93393
-1.12133
2.62281
-1.0975
2.31065
-1.07275
2.00226
-1.04259
1.70174
-1.02326
-1.00967
1.40111
32.0773
-3.13225
30.8615
-3.0342
29.6856
-2.94251
28.5479
-2.85383
27.4464
-2.76592
26.3802
-2.67885
25.3476
-2.59336
24.3476
-2.5094
23.3792
-2.4285
22.4412
-2.34963
21.5336
-2.27474
20.6549
-2.20201
19.8039
-2.13531
18.9793
-2.06856
18.1815
-2.00676
17.4084
-1.94249
16.6598
-1.883
15.9351
-1.82203
15.2336
-1.76547
14.5555
-1.7098
13.8972
-1.65386
13.26
-1.60094
12.6421
-1.55177
12.0433
-1.49963
11.464
-1.4548
10.9022
-1.4072
10.3599
-1.36597
9.83214
-1.32407
9.32311
-1.28194
8.82815
-1.2445
8.35136
-1.20917
7.88543
-1.16907
7.4361
-1.13874
6.99962
-1.09973
6.57638
-1.07232
6.16799
-1.03754
5.76699
-1.00737
5.3852
-0.980497
5.00683
-0.951655
4.64423
-0.920805
4.29118
-0.90332
3.94455
-0.86835
3.61405
-0.853846
3.28375
-0.826229
2.96869
-0.806271
2.65709
-0.785901
2.3541
-0.769756
2.05764
-0.746123
1.7709
-0.736524
-0.713308
1.47454
32.0792
-1.87816
30.8649
-1.81986
29.6897
-1.76734
28.5524
-1.7165
27.4511
-1.66466
26.3849
-1.61264
25.3525
-1.56094
24.3525
-1.50939
23.3837
-1.45967
22.4449
-1.41086
21.5361
-1.36597
20.6564
-1.32225
19.804
-1.28295
18.9786
-1.24317
18.1797
-1.20786
17.4065
-1.16929
16.6584
-1.13482
15.9333
-1.09703
15.2312
-1.06336
14.5497
-1.02826
13.8919
-0.996074
13.2539
-0.962984
12.6366
-0.934445
12.039
-0.902023
11.4608
-0.876622
10.9004
-0.846757
10.3579
-0.823511
9.83024
-0.796379
9.32247
-0.77417
8.82698
-0.749013
8.34867
-0.730856
7.88425
-0.704652
7.43466
-0.689145
6.99875
-0.663815
6.57612
-0.649692
6.16693
-0.628347
5.76774
-0.608185
5.38326
-0.596021
5.00786
-0.576254
4.64418
-0.557118
4.291
-0.550147
3.94722
-0.524564
3.61425
-0.520877
3.28367
-0.495654
2.97245
-0.495047
2.65697
-0.470418
2.35802
-0.470807
2.06102
-0.449129
1.76422
-0.43972
-0.432359
1.48327
32.0803
-0.625141
30.8667
-0.606285
29.6913
-0.591933
28.5532
-0.578414
27.4513
-0.562704
26.3844
-0.545725
25.3514
-0.527942
24.351
-0.509062
23.3814
-0.490058
22.4433
-0.472693
21.5346
-0.457253
20.6548
-0.442523
19.8027
-0.430778
18.9775
-0.418022
18.1777
-0.408077
17.404
-0.395574
16.6544
-0.385226
15.9299
-0.372475
15.228
-0.361456
14.5482
-0.348505
13.8897
-0.33756
13.2522
-0.325493
12.6338
-0.316088
12.0355
-0.303689
11.4539
-0.295056
10.8936
-0.286413
10.3505
-0.280365
9.82253
-0.268454
9.31201
-0.26365
8.81918
-0.256192
8.33845
-0.250122
7.8756
-0.241804
7.42598
-0.23952
6.98975
-0.227583
6.56579
-0.225739
6.15696
-0.219517
5.75859
-0.209812
5.37207
-0.209503
4.99812
-0.202298
4.63557
-0.194568
4.28166
-0.196246
3.93936
-0.18226
3.60557
-0.187089
3.28599
-0.176074
2.96413
-0.173187
2.66434
-0.170629
2.35968
-0.166139
2.07253
-0.161983
1.7952
-0.162387
-0.153836
1.51667
32.0806
0.627583
30.8674
0.606965
29.6914
0.583992
28.5523
0.560737
27.4491
0.540488
26.3807
0.52263
25.3457
0.507057
24.3431
0.493533
23.3715
0.481557
22.4314
0.467483
21.5204
0.4537
20.6397
0.438171
19.7862
0.422713
18.9615
0.406705
18.1614
0.392036
17.3885
0.377265
16.6382
0.365099
15.9137
0.352047
15.21
0.342197
14.5309
0.330599
13.8711
0.322255
13.2348
0.31082
12.6161
0.302662
12.0198
0.292544
11.4398
0.284944
10.8811
0.272268
10.3366
0.264222
9.81205
0.256047
9.30041
0.247994
8.80843
0.235786
8.32733
0.230971
7.86612
0.219407
7.41447
0.212133
6.98111
0.205775
6.55698
0.198396
6.14819
0.189266
5.75089
0.187486
5.36584
0.175557
4.99018
0.17336
4.63169
0.163922
4.27344
0.161999
3.93698
0.154203
3.59895
0.150944
3.28272
0.140149
2.96113
0.148406
2.66518
0.125318
2.36069
0.138354
2.07931
0.119394
1.79912
0.117806
0.12299
1.52229
32.0803
1.88061
30.867
1.82029
29.691
1.75994
28.5516
1.70014
27.4484
1.64372
26.3804
1.59064
25.3463
1.54113
24.3448
1.49507
23.3751
1.45128
22.4366
1.40592
21.528
1.36237
20.6487
1.31739
19.7962
1.27522
18.971
1.23194
18.1709
1.19215
17.3967
1.1514
16.6463
1.11552
15.9211
1.07726
15.2182
1.04511
14.5387
1.01005
13.8798
0.981215
13.2422
0.948406
12.6232
0.92163
12.0259
0.88987
11.4465
0.864362
10.8843
0.834425
10.3401
0.808445
9.8134
0.78275
9.30408
0.757318
8.80998
0.729888
8.33003
0.710918
7.86676
0.682675
7.41392
0.66498
6.98064
0.639053
6.55628
0.622759
6.14495
0.600595
5.75079
0.58164
5.36151
0.564837
4.98937
0.545505
4.62497
0.528326
4.27308
0.513883
3.93259
0.494697
3.59846
0.48507
3.27633
0.462281
2.9664
0.458333
2.65652
0.435199
2.3629
0.43198
2.07329
0.409002
1.78637
0.404725
0.385068
1.52429
32.0793
3.13463
30.8652
3.03443
29.6891
2.936
28.5495
2.83979
27.446
2.74723
26.3777
2.65891
25.3434
2.57544
24.3418
2.49667
23.3721
2.42095
22.4331
2.34495
21.5239
2.27156
20.6437
2.19756
19.7915
2.12744
18.9654
2.0581
18.1666
1.99095
17.3923
1.92563
16.6433
1.86454
15.918
1.80258
15.2154
1.7477
14.5342
1.69122
13.8752
1.64027
13.2364
1.58716
12.619
1.539
12.0209
1.48798
11.4415
1.44381
10.8799
1.39605
10.3376
1.35074
9.81068
1.30963
9.30182
1.26619
8.8079
1.22381
8.32952
1.1893
7.86607
1.14612
7.41718
1.11387
6.98229
1.07394
6.55977
1.04528
6.14938
1.01099
5.75475
0.976273
5.36634
0.953241
4.9956
0.916244
4.62849
0.895436
4.28099
0.861387
3.93325
0.842439
3.60495
0.813367
3.27462
0.792613
2.96687
0.766082
2.64944
0.752625
2.35751
0.723915
2.05907
0.707437
1.76966
0.694141
0.664312
1.49041
32.0776
4.39039
30.8617
4.25028
29.6845
4.11324
28.5442
3.98009
27.4399
3.85145
26.3712
3.72769
25.3363
3.61026
24.3346
3.49843
23.3651
3.39042
22.4267
3.28331
21.5186
3.17974
20.6392
3.07692
19.7876
2.979
18.9628
2.88298
18.1636
2.79011
17.3897
2.69955
16.6401
2.61409
15.9144
2.52827
15.213
2.44913
14.5323
2.37198
13.875
2.29751
13.2365
2.22565
12.6188
2.15674
12.0201
2.08665
11.4398
2.02412
10.8791
1.9568
10.3339
1.8959
9.80899
1.83453
9.29781
1.77737
8.80333
1.71829
8.32446
1.66817
7.86006
1.61052
7.41045
1.56347
6.9743
1.5101
6.55226
1.46732
6.14263
1.42061
5.74536
1.37354
5.36114
1.33746
4.98572
1.29167
4.62184
1.25931
4.26988
1.21335
3.9241
1.18821
3.59398
1.14349
3.26555
1.12105
2.9528
1.07883
2.64171
1.06372
2.34383
1.02179
2.04832
1.00295
1.7635
0.978962
0.9538
1.47401
32.0749
5.64887
30.8567
5.46842
29.6773
5.29264
28.5356
5.12177
27.4301
4.95699
26.3602
4.79764
25.3242
4.64624
24.3215
4.5011
23.3513
4.36062
22.4124
4.22226
21.5039
4.08825
20.624
3.95681
19.7723
3.8307
18.9485
3.70677
18.1501
3.58845
17.3778
3.47189
16.6292
3.36265
15.9028
3.25474
15.2004
3.15145
14.5189
3.05354
13.8607
2.95568
13.2222
2.86416
12.6044
2.77455
12.0061
2.68496
11.4265
2.60369
10.865
2.5183
10.3202
2.44071
9.79467
2.36006
9.28384
2.2882
8.78992
2.2122
8.31171
2.14638
7.84773
2.0745
7.39801
2.0132
6.96071
1.94739
6.53857
1.88945
6.12935
1.82983
5.72752
1.77537
5.34487
1.72011
4.96964
1.6669
4.60555
1.62341
4.25115
1.56775
3.90704
1.53233
3.57132
1.4792
3.24339
1.44898
2.92164
1.40058
2.61145
1.37391
2.30099
1.33225
1.9997
1.30423
1.69673
1.28194
1.25544
1.39509
32.071
6.9112
30.8498
6.68961
29.6678
6.47469
28.5236
6.26589
27.4161
6.06449
26.3443
5.86945
25.3074
5.68314
24.3044
5.50413
23.3337
5.33133
22.3934
5.16255
21.4825
4.99913
20.5994
4.83991
19.7442
4.68591
18.9166
4.53437
18.1152
4.38986
17.3393
4.2478
16.5886
4.1133
15.8614
3.98194
15.1572
3.85563
14.4753
3.73544
13.8153
3.61568
13.176
3.50347
12.5582
3.39234
11.9586
3.28465
11.3797
3.18253
10.8178
3.08024
10.274
2.98453
9.74721
2.8868
9.23654
2.79887
8.742
2.70674
8.26324
2.62514
7.79917
2.53858
7.35019
2.46217
6.91349
2.38409
6.49306
2.30989
6.08409
2.23881
5.68528
2.17418
5.30135
2.10404
4.9255
2.04275
4.5624
1.98651
4.20764
1.92251
3.86444
1.87552
3.52697
1.81668
3.20218
1.77377
2.87746
1.7253
2.56834
1.68302
2.25608
1.64451
1.95352
1.60679
1.64857
1.5869
1.56771
1.33629
32.0665
8.17807
30.8415
7.91459
29.6557
7.6605
28.5079
7.41371
27.3967
7.17563
26.3214
6.94476
25.2813
6.72328
24.2754
6.51002
23.3022
6.30451
22.3601
6.10465
21.4481
5.91115
20.5656
5.7224
19.7107
5.54077
18.8825
5.36258
18.0801
5.19227
17.3029
5.02498
16.5506
4.86563
15.8231
4.70942
15.119
4.55981
14.4371
4.41732
13.7766
4.27616
13.1359
4.14413
12.5162
4.01206
11.9143
3.88661
11.3324
3.76438
10.7687
3.644
10.2222
3.531
9.69317
3.41581
9.18101
3.31103
8.68489
3.20287
8.20489
3.10514
7.73869
3.00478
7.28964
2.91122
6.85105
2.82268
6.42815
2.73279
6.01783
2.64912
5.61793
2.57409
5.23173
2.49024
4.8549
2.41958
4.4914
2.35001
4.13529
2.27861
3.7924
2.21842
3.45174
2.15734
3.12718
2.09833
2.80072
2.05176
2.4864
1.99734
2.16999
1.96092
1.85437
1.92241
1.54847
1.8928
1.88687
1.22931
32.061
9.45038
30.8306
9.14497
29.639
8.85217
28.4859
8.56679
27.3696
8.29188
26.289
8.02543
25.2434
7.76882
24.2327
7.5208
23.2554
7.28182
22.31
7.04996
21.3953
6.82589
20.5105
6.60725
19.6539
6.39727
18.8241
6.19242
18.0203
5.99611
17.2411
5.80409
16.4867
5.62003
15.7558
5.44034
15.0476
5.26801
14.3633
5.10169
13.6997
4.93967
13.0587
4.78514
12.4381
4.63266
11.837
4.4877
11.2558
4.34561
10.692
4.20784
10.1467
4.07623
9.61738
3.94516
9.10515
3.82327
8.60881
3.6992
8.12854
3.58542
7.66223
3.47108
7.21016
3.3633
6.77207
3.26078
6.3466
3.15826
5.93645
3.05927
5.5394
2.97114
5.15412
2.87552
4.77868
2.79502
4.41609
2.7126
4.05878
2.63592
3.71356
2.56364
3.37321
2.49769
3.04412
2.42741
2.72082
2.37505
2.40204
2.31613
2.09033
2.27263
1.77247
2.24027
1.45207
2.2132
2.21519
1.12376
-0.0647093
-9.58118
9.64589
-0.134092
-9.25477
9.32416
-0.194764
-8.95774
9.01841
-0.25766
-8.65855
8.72145
-0.316511
-8.37515
8.434
-0.373176
-8.10091
8.15758
-0.428437
-7.83287
7.88813
-0.480391
-7.57644
7.62839
-0.529903
-7.32853
7.37804
-0.578807
-7.08762
7.13653
-0.625463
-6.85574
6.9024
-0.669958
-6.63059
6.67508
-0.712738
-6.41369
6.45647
-0.753814
-6.20333
6.24441
-0.792439
-6.00062
6.03925
-0.828934
-5.80447
5.84096
-0.862876
-5.61609
5.65003
-0.893933
-5.4334
5.46445
-0.923013
-5.25639
5.28547
-0.950256
-5.08529
5.11253
-0.975604
-4.91998
4.94532
-0.999201
-4.75989
4.78349
-1.02094
-4.60563
4.62737
-1.0414
-4.45571
4.47617
-1.06114
-4.31081
4.33056
-1.07907
-4.17247
4.1904
-1.09566
-4.0402
4.05678
-1.11224
-3.91177
3.92836
-1.12957
-3.78539
3.80272
-1.14667
-3.66244
3.67954
-1.16361
-3.5413
3.55824
-1.17874
-3.42267
3.43779
-1.19158
-3.3049
3.31775
-1.19623
-3.19376
3.1984
-1.18953
-3.08745
3.08075
-1.17635
-2.9905
2.97733
-1.15833
-2.90069
2.88267
-1.12738
-2.82717
2.79621
-1.08866
-2.75783
2.71912
-1.03852
-2.70984
2.65969
-0.991579
-2.6725
2.62555
-0.962454
-2.65341
2.62428
-0.95515
-2.63447
2.62716
-0.974315
-2.62929
2.64846
-1.00363
-2.62978
2.65909
-1.04928
-2.63731
2.68297
-1.13733
-2.64023
2.72827
-1.25786
-2.64483
2.76537
-1.41751
-2.64113
2.80077
-2.61955
2.77188
-1.56984
-0.0681471
-9.51304
-0.12734
-9.19558
-0.188886
-8.89619
-0.243111
-8.60433
-0.296852
-8.3214
-0.348388
-8.04937
-0.395556
-7.7857
-0.441471
-7.53052
-0.485343
-7.28465
-0.526955
-7.04601
-0.566356
-6.81634
-0.603512
-6.59343
-0.638535
-6.37867
-0.671424
-6.17044
-0.702523
-5.96952
-0.731833
-5.77516
-0.759423
-5.5885
-0.78506
-5.40776
-0.808502
-5.23295
-0.830487
-5.0633
-0.851321
-4.89914
-0.870822
-4.74039
-0.889478
-4.58697
-0.90759
-4.4376
-0.923486
-4.29492
-0.937734
-4.15822
-0.951536
-4.02639
-0.965858
-3.89745
-0.981301
-3.76995
-0.995431
-3.64831
-1.00758
-3.52915
-1.01558
-3.41466
-1.01653
-3.30396
-1.0071
-3.20318
-0.988592
-3.10597
-0.962453
-3.01664
-0.929681
-2.93346
-0.891962
-2.86489
-0.859171
-2.79062
-0.829782
-2.73923
-0.811799
-2.69048
-0.812821
-2.65239
-0.825064
-2.62223
-0.852965
-2.60139
-0.899296
-2.58345
-0.962777
-2.57383
-1.05358
-2.54942
-1.15031
-2.5481
-1.25557
-2.53587
-2.51897
-1.35615
-0.0545758
-9.45846
-0.106811
-9.14335
-0.155939
-8.84706
-0.204717
-8.55555
-0.250561
-8.27556
-0.2943
-8.00564
-0.336618
-7.74338
-0.376445
-7.4907
-0.414353
-7.24675
-0.450492
-7.00987
-0.484758
-6.78208
-0.517276
-6.56091
-0.548011
-6.34793
-0.576882
-6.14157
-0.603898
-5.94251
-0.629021
-5.75003
-0.651755
-5.56576
-0.672767
-5.38675
-0.692413
-5.2133
-0.710867
-5.04485
-0.728129
-4.88188
-0.744464
-4.72406
-0.760077
-4.57136
-0.774915
-4.42276
-0.787191
-4.28264
-0.799384
-4.14603
-0.810129
-4.01565
-0.819666
-3.88791
-0.827791
-3.76182
-0.832621
-3.64348
-0.833647
-3.52813
-0.830552
-3.41776
-0.822255
-3.31225
-0.809798
-3.21564
-0.796892
-3.11887
-0.78366
-3.02987
-0.772744
-2.94438
-0.764005
-2.87363
-0.754835
-2.79979
-0.74546
-2.7486
-0.742243
-2.6937
-0.748059
-2.64657
-0.758301
-2.61198
-0.778606
-2.58109
-0.812081
-2.54997
-0.855934
-2.52997
-0.911445
-2.49391
-0.979575
-2.47997
-1.07175
-2.4437
-2.43184
-1.15888
-0.0530032
-9.40546
-0.0979897
-9.09836
-0.144718
-8.80033
-0.184559
-8.51571
-0.223941
-8.23618
-0.260969
-7.96861
-0.294941
-7.70941
-0.327437
-7.4582
-0.3578
-7.21638
-0.386176
-6.9815
-0.41279
-6.75546
-0.437453
-6.53625
-0.460486
-6.3249
-0.48201
-6.12005
-0.502243
-5.92227
-0.521659
-5.73062
-0.540604
-5.54682
-0.558392
-5.36896
-0.574567
-5.19713
-0.588999
-5.03041
-0.602069
-4.86881
-0.613952
-4.71217
-0.624775
-4.56054
-0.63331
-4.41422
-0.639723
-4.27623
-0.646178
-4.13957
-0.652245
-4.00958
-0.657633
-3.88253
-0.661375
-3.75808
-0.663287
-3.64157
-0.663519
-3.5279
-0.661281
-3.41999
-0.65647
-3.31707
-0.650737
-3.22137
-0.645426
-3.12418
-0.635752
-3.03954
-0.623536
-2.9566
-0.610497
-2.88667
-0.594904
-2.81538
-0.586308
-2.7572
-0.58485
-2.69515
-0.591137
-2.64028
-0.606511
-2.59661
-0.634326
-2.55327
-0.676655
-2.50765
-0.728835
-2.47779
-0.784075
-2.43867
-0.840958
-2.42309
-0.894269
-2.39038
-2.37979
-0.94632
-0.0380435
-9.36742
-0.0756953
-9.06071
-0.109884
-8.76615
-0.14435
-8.48124
-0.175324
-8.2052
-0.204749
-7.93918
-0.233465
-7.6807
-0.259528
-7.43214
-0.284418
-7.19149
-0.307804
-6.95811
-0.329534
-6.73373
-0.350094
-6.51569
-0.369255
-6.30574
-0.386944
-6.10236
-0.402893
-5.90632
-0.4169
-5.71661
-0.42984
-5.53388
-0.442275
-5.35652
-0.454305
-5.18509
-0.465173
-5.01955
-0.474953
-4.85903
-0.483549
-4.70358
-0.490591
-4.5535
-0.4952
-4.40961
-0.499873
-4.27156
-0.503579
-4.13587
-0.50804
-4.00512
-0.512066
-3.8785
-0.512398
-3.75775
-0.511481
-3.64248
-0.509313
-3.53006
-0.504671
-3.42464
-0.499004
-3.32273
-0.492851
-3.22753
-0.486823
-3.13021
-0.477579
-3.04879
-0.470018
-2.96416
-0.468366
-2.88832
-0.469124
-2.81463
-0.478993
-2.74733
-0.491033
-2.68311
-0.503681
-2.62763
-0.522418
-2.57787
-0.543373
-2.53232
-0.567316
-2.4837
-0.589877
-2.45523
-0.620663
-2.40788
-0.660232
-2.38352
-0.707764
-2.34285
-2.33008
-0.757473
-0.0357028
-9.33171
-0.0660026
-9.03041
-0.096464
-8.73568
-0.12276
-8.45494
-0.147648
-8.18032
-0.170893
-7.91594
-0.190964
-7.66062
-0.210488
-7.41261
-0.227994
-7.17399
-0.243947
-6.94216
-0.258696
-6.71898
-0.271939
-6.50245
-0.283889
-6.29379
-0.29471
-6.09154
-0.304663
-5.89637
-0.314312
-5.70696
-0.323732
-5.52446
-0.3322
-5.34806
-0.33927
-5.17803
-0.345753
-5.01306
-0.35118
-4.8536
-0.355281
-4.69948
-0.357726
-4.55105
-0.359773
-4.40757
-0.363923
-4.2674
-0.367006
-4.13278
-0.368888
-4.00324
-0.369639
-3.87775
-0.367532
-3.75986
-0.364916
-3.6451
-0.361955
-3.53303
-0.358043
-3.42855
-0.355303
-3.32547
-0.352168
-3.23066
-0.348913
-3.13347
-0.346022
-3.05168
-0.345989
-2.96419
-0.347064
-2.88724
-0.346007
-2.81568
-0.347985
-2.74535
-0.349684
-2.68141
-0.352067
-2.62525
-0.364304
-2.56564
-0.381207
-2.51542
-0.402275
-2.46263
-0.432317
-2.42519
-0.468713
-2.37149
-0.50061
-2.35163
-0.5288
-2.31466
-2.30845
-0.550426
-0.0216493
-9.31006
-0.0435643
-9.00849
-0.0619435
-8.7173
-0.0814789
-8.43541
-0.0982091
-8.16359
-0.113949
-7.9002
-0.129066
-7.64551
-0.142384
-7.3993
-0.15475
-7.16162
-0.166185
-6.93072
-0.176494
-6.70868
-0.18607
-6.49287
-0.194733
-6.28512
-0.202482
-6.08379
-0.209141
-5.88971
-0.214461
-5.70164
-0.218631
-5.52029
-0.222543
-5.34414
-0.226243
-5.17432
-0.229574
-5.00973
-0.232278
-4.8509
-0.234383
-4.69737
-0.236031
-4.5494
-0.237929
-4.40567
-0.240066
-4.26527
-0.240445
-4.13241
-0.238464
-4.00522
-0.23553
-3.88068
-0.232943
-3.76244
-0.229983
-3.64806
-0.228223
-3.53479
-0.225171
-3.4316
-0.222589
-3.32805
-0.218885
-3.23437
-0.213941
-3.13841
-0.213145
-3.05247
-0.211684
-2.96565
-0.20967
-2.88926
-0.209249
-2.8161
-0.213937
-2.74066
-0.224852
-2.6705
-0.239543
-2.61056
-0.255456
-2.54972
-0.269167
-2.50171
-0.284564
-2.44724
-0.299913
-2.40984
-0.308773
-2.36263
-0.324933
-2.33547
-0.342373
-2.29722
-2.29067
-0.360157
-0.0182595
-9.2918
-0.0335827
-8.99317
-0.0478702
-8.70302
-0.0594141
-8.42386
-0.069574
-8.15343
-0.0787594
-7.89101
-0.0858089
-7.63846
-0.0923775
-7.39273
-0.097627
-7.15637
-0.101904
-6.92644
-0.105465
-6.70512
-0.108062
-6.49028
-0.11004
-6.28315
-0.111522
-6.08231
-0.112778
-5.88846
-0.114078
-5.70034
-0.115252
-5.51911
-0.115927
-5.34347
-0.115879
-5.17437
-0.115495
-5.01012
-0.114583
-4.85181
-0.113431
-4.69852
-0.112723
-4.55011
-0.111448
-4.40694
-0.107352
-4.26936
-0.10442
-4.13534
-0.101808
-4.00783
-0.0969269
-3.88556
-0.0948597
-3.76451
-0.0919129
-3.65101
-0.0881667
-3.53853
-0.0838149
-3.43595
-0.0802255
-3.33164
-0.0780312
-3.23656
-0.0763348
-3.14011
-0.0769709
-3.05184
-0.0753353
-2.96729
-0.0785495
-2.88604
-0.0855101
-2.80914
-0.0894186
-2.73675
-0.092378
-2.66754
-0.0950561
-2.60788
-0.0943663
-2.55041
-0.0977977
-2.49827
-0.106183
-2.43885
-0.11636
-2.39966
-0.130456
-2.34853
-0.143938
-2.32198
-0.150614
-2.29055
-2.27902
-0.162266
-0.0042109
-9.28759
-0.00978404
-8.9876
-0.011999
-8.7008
-0.0158067
-8.42006
-0.0180358
-8.1512
-0.0194736
-7.88957
-0.0211753
-7.63676
-0.0216115
-7.39229
-0.0220218
-7.15596
-0.021958
-6.92651
-0.0213318
-6.70574
-0.0205596
-6.49105
-0.0193368
-6.28437
-0.0177276
-6.08391
-0.0155179
-5.89066
-0.012552
-5.70331
-0.00899142
-5.52267
-0.00545917
-5.347
-0.00206375
-5.17777
0.00145569
-5.01364
0.00475592
-4.85511
0.0084012
-4.70217
0.0117334
-4.55344
0.0152199
-4.41043
0.0208868
-4.27503
0.0260766
-4.14053
0.0298378
-4.0116
0.0351431
-3.89087
0.0399782
-3.76935
0.0442062
-3.65524
0.0487034
-3.54303
0.0511628
-3.43841
0.0530258
-3.33351
0.0535995
-3.23713
0.0552459
-3.14175
0.057565
-3.05416
0.0616185
-2.97134
0.062039
-2.88646
0.0598508
-2.80696
0.0606857
-2.73759
0.0609314
-2.66779
0.0568255
-2.60378
0.0491191
-2.54271
0.037095
-2.48625
0.0286577
-2.43042
0.0258023
-2.39681
0.0230309
-2.34576
0.0199518
-2.3189
0.0224747
-2.29307
-2.2747
0.0181529
8.73445e-05
-9.28768
0.00334279
-8.99085
0.00433921
-8.7018
0.0100853
-8.4258
0.0139413
-8.15505
0.0194824
-7.89511
0.0259105
-7.64319
0.0320111
-7.39839
0.038922
-7.16287
0.0461029
-6.93369
0.0533809
-6.71302
0.0610831
-6.49875
0.0688739
-6.29216
0.0767303
-6.09177
0.0844581
-5.89839
0.0917449
-5.71059
0.09882
-5.52975
0.106053
-5.35423
0.113621
-5.18534
0.121283
-5.0213
0.12905
-4.86288
0.136857
-4.70998
0.145845
-4.56243
0.153933
-4.41852
0.15995
-4.28105
0.167821
-4.1484
0.174969
-4.01874
0.180607
-3.89651
0.185165
-3.7739
0.188467
-3.65854
0.192991
-3.54755
0.19648
-3.4419
0.200988
-3.33801
0.205352
-3.2415
0.210087
-3.14649
0.212009
-3.05608
0.211792
-2.97112
0.211925
-2.8866
0.210312
-2.80534
0.208693
-2.73597
0.205384
-2.66448
0.203755
-2.60215
0.202866
-2.54182
0.202959
-2.48634
0.203615
-2.43107
0.20228
-2.39547
0.198472
-2.34195
0.199675
-2.32011
0.20229
-2.29568
-2.27612
0.203714
0.0146569
-9.30234
0.0276611
-9.00386
0.0425266
-8.71666
0.0549172
-8.43819
0.0690188
-8.16916
0.0813496
-7.90745
0.0935216
-7.65536
0.10594
-7.41081
0.117664
-7.17459
0.129226
-6.94525
0.140867
-6.72466
0.152073
-6.50996
0.163356
-6.30344
0.174551
-6.10297
0.185791
-5.90963
0.197374
-5.72218
0.209078
-5.54145
0.220509
-5.36567
0.231667
-5.19649
0.24237
-5.032
0.253236
-4.87374
0.26322
-4.71996
0.273439
-4.57265
0.284533
-4.42961
0.292442
-4.28896
0.301414
-4.15737
0.309768
-4.0271
0.315354
-3.90209
0.323219
-3.78177
0.331184
-3.6665
0.339715
-3.55608
0.345901
-3.44809
0.351693
-3.34381
0.356002
-3.24581
0.360608
-3.15109
0.361598
-3.05707
0.359475
-2.969
0.362166
-2.88929
0.364103
-2.80728
0.366686
-2.73855
0.368085
-2.66588
0.3691
-2.60316
0.367894
-2.54061
0.364959
-2.48341
0.359198
-2.42531
0.355704
-2.39198
0.352938
-2.33918
0.357516
-2.32469
0.362587
-2.30075
-2.28869
0.37516
0.0203832
-9.32272
0.0418316
-9.0253
0.0614146
-8.73625
0.081976
-8.45875
0.102124
-8.1893
0.121972
-7.92729
0.141864
-7.67525
0.16096
-7.42991
0.180403
-7.19404
0.199359
-6.96421
0.217778
-6.74308
0.23618
-6.52836
0.254
-6.32126
0.271344
-6.12031
0.288108
-5.9264
0.303881
-5.73795
0.319027
-5.5566
0.333673
-5.38031
0.348434
-5.21126
0.362556
-5.04612
0.376569
-4.88776
0.390275
-4.73367
0.401885
-4.58426
0.414768
-4.44249
0.42788
-4.30207
0.438573
-4.16806
0.449692
-4.03822
0.459495
-3.9119
0.471556
-3.79383
0.481487
-3.67643
0.489634
-3.56423
0.496123
-3.45458
0.502914
-3.3506
0.509237
-3.25213
0.515724
-3.15758
0.524011
-3.06536
0.52817
-2.97316
0.533727
-2.89485
0.536447
-2.81
0.536783
-2.73889
0.534666
-2.66376
0.531894
-2.60039
0.526666
-2.53538
0.526667
-2.48341
0.528107
-2.42675
0.527958
-2.39183
0.530799
-2.34203
0.537267
-2.33115
0.537412
-2.3009
-2.30257
0.551289
0.0346627
-9.35738
0.0667116
-9.05735
0.0992471
-8.76878
0.127876
-8.48738
0.155603
-8.21703
0.182334
-7.95402
0.207904
-7.70082
0.233306
-7.45531
0.257771
-7.2185
0.281796
-6.98823
0.305228
-6.76651
0.327543
-6.55067
0.349452
-6.34317
0.370564
-6.14142
0.391186
-5.94702
0.411515
-5.75828
0.431252
-5.57634
0.450299
-5.39936
0.468039
-5.229
0.485181
-5.06327
0.500966
-4.90354
0.517055
-4.74976
0.531687
-4.59889
0.544731
-4.45554
0.559676
-4.31701
0.572757
-4.18115
0.588145
-4.0536
0.602601
-3.92635
0.615684
-3.80691
0.627582
-3.68833
0.637809
-3.57446
0.649362
-3.46613
0.660771
-3.36201
0.670899
-3.26226
0.676434
-3.16312
0.684537
-3.07346
0.690036
-2.97866
0.69399
-2.8988
0.697432
-2.81344
0.701417
-2.74287
0.704305
-2.66665
0.707776
-2.60386
0.706218
-2.53382
0.709367
-2.48656
0.707984
-2.42537
0.704277
-2.38813
0.701892
-2.33964
0.694098
-2.32336
0.689343
-2.29614
-2.311
0.697771
0.0406633
-9.39805
0.0793849
-9.09607
0.116995
-8.80639
0.153832
-8.52422
0.188977
-8.25218
0.223461
-7.98851
0.256469
-7.73383
0.287836
-7.48668
0.318314
-7.24898
0.348164
-7.01808
0.377798
-6.79615
0.406988
-6.57986
0.43602
-6.3722
0.464063
-6.16947
0.491204
-5.97416
0.517665
-5.78474
0.542022
-5.60069
0.566225
-5.42356
0.58894
-5.25171
0.610818
-5.08514
0.631996
-4.92472
0.651204
-4.76896
0.671872
-4.61956
0.689321
-4.47299
0.707098
-4.33479
0.723203
-4.19725
0.738626
-4.06903
0.754626
-3.94235
0.767281
-3.81957
0.780947
-3.702
0.794058
-3.58757
0.808199
-3.48027
0.81973
-3.37354
0.830605
-3.27313
0.838163
-3.17068
0.846658
-3.08195
0.855873
-2.98787
0.863159
-2.90609
0.870235
-2.82052
0.875505
-2.74814
0.877674
-2.66882
0.878376
-2.60456
0.875665
-2.53111
0.869758
-2.48065
0.863759
-2.41937
0.857985
-2.38235
0.856128
-2.33778
0.851515
-2.31875
0.854297
-2.29893
-2.31282
0.856121
0.0520092
0.100793
0.14729
0.192243
0.235904
0.277952
0.318634
0.357539
0.394255
0.428738
0.460994
0.491508
0.521103
0.551605
0.581486
0.611863
0.642095
0.671026
0.69989
0.726836
0.753766
0.777849
0.801714
0.82357
0.843005
0.86281
0.878164
0.894832
0.90945
0.925854
0.939637
0.95421
0.965815
0.978906
0.990982
1.00244
1.01318
1.02117
1.0274
1.03077
1.03217
1.03303
1.03578
1.036
1.03838
1.03854
1.03391
1.02544
1.00085
0.957533
1.16414
2.65777
-1.05003
1.29983
2.66508
1.4268
2.6384
1.55907
2.596
1.69603
2.54601
1.84033
2.51479
1.99847
2.49033
2.17601
2.44962
2.37101
2.42929
2.57893
2.41763
2.79962
2.439
3.03058
2.48816
3.27573
2.55106
3.53868
2.61972
3.81146
2.70454
4.08718
2.80504
4.36855
2.91703
4.6555
3.0308
4.94757
3.14573
5.24442
3.26138
5.54659
3.37737
5.85628
3.49303
6.17509
3.60955
6.5043
3.72757
6.84601
3.84869
7.20162
3.97495
7.56987
4.10792
7.95071
4.24652
8.34431
4.3899
8.75126
4.53837
9.17157
4.69222
9.60561
4.85142
10.0537
5.01639
10.5159
5.18778
10.9933
5.3636
11.4868
5.54572
11.9969
5.73433
12.5238
5.92957
13.0684
6.13051
13.6317
6.33902
14.2134
6.55486
14.8145
6.77695
15.4356
7.00728
16.0782
7.24556
16.7432
7.49259
17.4298
7.7474
18.1415
8.00969
18.8764
8.28354
19.6342
8.56636
8.85872
20.4214
1.22616
2.55621
-1.1246
1.34264
2.54859
1.45807
2.52297
1.58562
2.46845
1.71323
2.4184
1.85609
2.37192
2.0152
2.33122
2.18723
2.27759
2.3748
2.24172
2.57214
2.22028
2.78893
2.22222
3.02784
2.24925
3.28168
2.29722
3.55163
2.34977
3.83345
2.42273
4.12132
2.51717
4.41173
2.62661
4.70296
2.73956
4.99535
2.85335
5.2895
2.96723
5.5895
3.07737
5.89728
3.18525
6.21392
3.29292
6.54044
3.40105
6.8783
3.51082
7.231
3.62225
7.5991
3.73982
7.98044
3.86518
8.37388
3.99646
8.78017
4.13208
9.20017
4.27223
9.63384
4.41774
10.0821
4.56812
10.5452
4.72473
11.0235
4.88523
11.5172
5.05208
12.0269
5.22464
12.5538
5.40266
13.0978
5.58652
13.6601
5.77665
14.2407
5.97434
14.8401
6.17748
15.4606
6.3868
16.101
6.60517
16.7639
6.82968
17.4479
7.06342
18.1542
7.30332
18.8848
7.55301
19.6398
7.81132
8.07528
20.4232
1.29993
2.46691
-1.21064
1.39765
2.45088
1.50564
2.41497
1.61766
2.35642
1.73464
2.30143
1.86347
2.2431
2.00974
2.18494
2.17053
2.1168
2.34959
2.06266
2.5465
2.02338
2.764
2.00471
3.00247
2.01079
3.26051
2.03918
3.53419
2.07609
3.81946
2.13745
4.11397
2.22267
4.4159
2.32468
4.72042
2.43504
5.02548
2.54829
5.33068
2.66203
5.63471
2.77334
5.93995
2.88001
6.25285
2.98002
6.5767
3.0772
6.91227
3.17525
7.26036
3.27415
7.62416
3.37602
8.00414
3.4852
8.39896
3.60164
8.80746
3.72357
9.22944
3.85025
9.66446
3.98273
10.1127
4.11992
10.5749
4.26244
11.052
4.40821
11.5449
4.55917
12.0537
4.71581
12.5794
4.87694
13.1226
5.04331
13.6846
5.21468
14.2659
5.39301
14.8652
5.5782
15.4836
5.76846
16.122
5.96675
16.7819
6.16976
17.4638
6.38151
18.1678
6.59931
18.8963
6.82451
19.6504
7.05726
7.29772
20.4279
1.38223
2.38427
-1.29959
1.46285
2.37026
1.55264
2.32519
1.65676
2.2523
1.76429
2.1939
1.88049
2.1269
2.0191
2.04633
2.1693
1.9666
2.32893
1.90303
2.51022
1.84208
2.72128
1.79365
2.96258
1.76949
3.23175
1.77001
3.51997
1.78786
3.82146
1.83596
4.13227
1.91186
4.45106
2.0059
4.76905
2.11705
5.07994
2.23739
5.38439
2.35758
5.68704
2.47069
5.99102
2.57604
6.29898
2.67206
6.61481
2.76137
6.94181
2.84825
7.28188
2.93408
7.63947
3.01843
8.01684
3.10783
8.41154
3.20694
8.82034
3.31478
9.24345
3.42714
9.68107
3.5451
10.1314
3.66959
10.5949
3.79894
11.0719
3.93118
11.5646
4.06654
12.0745
4.20587
12.6009
4.35056
13.1444
4.49984
13.7046
4.65444
14.2844
4.81325
14.8846
4.97796
15.5037
5.1494
16.1418
5.32865
16.8002
5.51136
17.4812
5.70046
18.1852
5.89534
18.9131
6.09665
19.6656
6.30472
6.52037
20.4429
1.46451
2.30459
-1.38483
1.52296
2.31182
1.59457
2.25357
1.67269
2.17419
1.75884
2.10774
1.86412
2.02162
1.97866
1.93179
2.10471
1.84056
2.25772
1.75001
2.44191
1.6579
2.64689
1.58867
2.87714
1.53924
3.13998
1.50717
3.42774
1.5001
3.73696
1.52674
4.0639
1.58492
4.40341
1.66638
4.75388
1.76658
5.10557
1.8857
5.44158
2.02158
5.75977
2.1525
6.06608
2.26972
6.36845
2.3697
6.67401
2.45581
6.98798
2.53428
7.31673
2.60532
7.66208
2.67309
8.0269
2.743
8.41692
2.81692
8.8309
2.9008
9.2623
2.99575
9.70675
3.10065
10.1613
3.21506
10.6257
3.33448
11.1018
3.4551
11.5912
3.57716
12.0965
3.70056
12.6207
3.8264
13.1649
3.95557
13.7282
4.09118
14.3089
4.23253
14.9071
4.37975
15.5254
4.53117
16.1665
4.68746
16.8269
4.85095
17.5069
5.02052
18.2078
5.19438
18.9331
5.37142
19.6836
5.55423
5.74128
20.4627
1.53026
2.20776
-1.43344
1.57476
2.26731
1.62641
2.20192
1.68616
2.11445
1.76266
2.03124
1.84633
1.93795
1.94259
1.83553
2.05695
1.72619
2.18678
1.62019
2.33287
1.51181
2.51474
1.4068
2.74933
1.30465
3.02473
1.23177
3.32832
1.19652
3.66863
1.18643
4.04078
1.21277
4.42548
1.28169
4.80767
1.38438
5.17658
1.51679
5.53163
1.66652
5.86309
1.82104
6.16383
1.96898
6.44622
2.08731
6.72539
2.17665
7.01489
2.24478
7.32554
2.29467
7.66111
2.33752
8.02253
2.38159
8.4076
2.43186
8.81715
2.49124
9.24941
2.56349
9.70148
2.64857
10.1698
2.74672
10.6481
2.85623
11.1312
2.97193
11.6216
3.08683
12.1237
3.1984
12.6419
3.3082
13.1806
3.41694
13.7443
3.52743
14.3309
3.64594
14.9363
3.77433
15.5568
3.91069
16.1936
4.05063
16.8509
4.19364
17.5324
4.33901
18.2373
4.48952
18.9635
4.64523
19.7119
4.80586
4.97179
20.4814
1.59451
2.06379
-1.45054
1.64273
2.2191
1.66626
2.17839
1.70299
2.07771
1.74847
1.98576
1.80517
1.88126
1.87617
1.76453
1.94532
1.65705
2.03537
1.53013
2.16714
1.38004
2.34754
1.2264
2.56543
1.08676
2.82953
0.967675
3.1475
0.878545
3.50136
0.832563
3.88287
0.831262
4.31104
0.853521
4.78246
0.912956
5.25499
1.04426
5.68416
1.23736
6.05374
1.45146
6.37456
1.64815
6.64997
1.8119
6.89766
1.92896
7.14253
1.9999
7.39081
2.0464
7.66572
2.06261
7.98634
2.06096
8.34966
2.06854
8.75603
2.08487
9.20787
2.11165
9.69317
2.16327
10.1943
2.2456
10.6965
2.35403
11.1889
2.47952
11.6721
2.60363
12.1588
2.71173
12.6622
2.8048
13.1903
2.88878
13.7462
2.97154
14.3316
3.06058
14.9477
3.15822
15.585
3.27339
16.2352
3.40045
16.8962
3.5326
17.5722
3.66301
18.2686
3.79312
18.9916
3.92224
19.7434
4.05406
4.19523
20.5199
1.60313
1.83159
-1.37093
1.67246
2.14977
1.68832
2.16253
1.71095
2.05508
1.73889
1.95782
1.77866
1.84148
1.80368
1.73952
1.83975
1.62097
1.91271
1.45717
2.00307
1.28968
2.10915
1.12032
2.2526
0.94331
2.46803
0.752245
2.77881
0.567768
3.1831
0.428278
3.64726
0.367097
4.12113
0.379649
4.6171
0.416992
5.20121
0.460153
5.8283
0.610264
6.33141
0.948349
6.65308
1.32649
6.85883
1.60614
7.02289
1.76491
7.19999
1.8228
7.41107
1.83532
7.65299
1.82069
7.9096
1.80435
8.21155
1.76659
8.59419
1.70223
9.06068
1.64516
9.59878
1.62518
10.1826
1.66179
10.7548
1.78183
11.2823
1.95201
11.7705
2.11543
12.2357
2.24648
12.7025
2.33802
13.1964
2.39492
13.739
2.42891
14.3318
2.46775
14.9646
2.52547
15.6214
2.61655
16.2851
2.73679
16.9524
2.86531
17.6264
2.989
18.3105
3.10908
19.0216
3.21106
19.7682
3.30751
3.41443
20.549
1.54132
1.56122
-1.27095
1.65588
2.03521
1.69707
2.12133
1.69802
2.05414
1.70647
1.94937
1.70775
1.8402
1.70079
1.74648
1.71929
1.60247
1.70886
1.4676
1.67214
1.32639
1.70894
1.08352
1.8973
0.754948
2.21403
0.435517
2.59579
0.186009
3.03173
-0.00765997
3.56505
-0.166224
4.18945
-0.244746
4.85908
-0.252645
5.56298
-0.243741
6.32676
-0.153516
7.07273
0.202379
7.5282
0.871019
7.61301
1.52133
7.52692
1.851
7.46515
1.88458
7.49443
1.80603
7.60364
1.71149
7.78934
1.61865
8.04604
1.50989
8.34739
1.40089
8.71092
1.28163
9.22769
1.10841
9.9736
0.915887
10.8137
0.94168
11.5325
1.23323
12.0424
1.60553
12.4096
1.87927
12.7479
1.99975
13.1272
2.01559
13.5904
1.96573
14.1665
1.89165
14.8571
1.83488
15.6242
1.84946
16.4006
1.96035
17.11
2.15594
17.7505
2.34848
18.3694
2.49023
19.0166
2.56381
19.7417
2.58241
2.62964
20.5265
1.43637
1.29511
-1.17027
1.58935
1.88223
1.64778
2.06291
1.65892
2.04299
1.67307
1.93522
1.64732
1.86596
1.6258
1.768
1.5584
1.66987
1.40309
1.62291
1.27109
1.45839
1.30577
1.04885
1.55536
0.505354
1.983
0.00788253
2.49398
-0.324974
3.00463
-0.518307
3.55129
-0.712884
4.24708
-0.940539
5.08794
-1.09351
5.98219
-1.13798
6.92955
-1.10088
7.94352
-0.811591
8.67763
0.136912
8.89113
1.30783
8.70003
2.0421
8.25306
2.33155
7.77817
2.28092
7.4698
2.01985
7.32104
1.76742
7.27784
1.55308
7.42508
1.25365
7.88537
0.821333
8.69792
0.29586
9.78874
-0.174931
11.0593
-0.328883
12.3393
-0.0467524
13.2462
0.69858
13.5795
1.54604
13.643
1.93621
13.67
1.98857
13.7365
1.89923
13.9377
1.69048
14.426
1.34659
15.2624
1.01304
16.3022
0.92056
17.3566
1.10155
18.2223
1.48275
18.8502
1.86234
19.3654
2.04861
19.8854
2.06245
2.00445
20.5106
1.27711
1.0351
-1.0171
1.47034
1.689
1.57475
1.95849
1.60772
2.01003
1.57926
1.96367
1.56987
1.87535
1.54968
1.78819
1.42032
1.79923
1.22294
1.82028
1.07945
1.60189
1.10031
1.02798
1.30781
0.297858
1.67711
-0.36142
2.18309
-0.830952
2.75986
-1.09508
3.34041
-1.29343
3.9453
-1.54543
4.68279
-1.83101
5.55385
-2.00904
6.45203
-1.99906
7.24192
-1.60148
7.80812
-0.429293
8.14251
0.973442
8.20542
1.97919
8.05182
2.48514
7.75838
2.57436
7.33892
2.4393
6.86995
2.23639
6.56057
1.86245
6.71659
1.09763
7.43443
0.103492
8.54443
-0.814134
9.78784
-1.41834
11.0744
-1.61544
12.3832
-1.35553
13.2951
-0.213321
13.6303
1.21085
13.6098
1.95664
13.4274
2.17097
13.2237
2.10297
13.4436
1.47055
14.3249
0.465288
15.5191
-0.181167
16.785
-0.34535
18.0096
-0.123056
18.7325
0.759883
19.112
1.48289
19.4321
1.72848
19.8282
1.66635
1.24202
20.5906
1.03544
0.763756
-0.7641
1.24465
1.47979
1.3809
1.82223
1.48457
1.90636
1.53866
1.90958
1.57822
1.83579
1.53657
1.82985
1.38443
1.95136
1.1896
2.01512
1.02518
1.7663
0.999925
1.05324
1.18149
0.116297
1.53144
-0.711377
2.00656
-1.30607
2.5392
-1.62773
3.02366
-1.77789
3.38493
-1.9067
3.65775
-2.10382
3.93947
-2.29076
4.24502
-2.30461
4.50538
-1.86184
4.73602
-0.65994
5.12372
0.585749
5.51177
1.59114
5.79474
2.20217
5.85397
2.51513
5.6472
2.64608
5.33065
2.55293
5.22495
1.96816
5.56616
0.756417
6.18077
-0.511116
6.93686
-1.57022
7.74544
-2.22693
8.55289
-2.42289
9.30117
-2.10381
9.61374
-0.52589
9.81902
1.00558
9.82071
1.95495
9.75796
2.23372
9.87014
1.9908
10.6718
0.668866
11.8161
-0.67901
12.8861
-1.25111
13.7464
-1.20568
14.0926
-0.469281
14.344
0.508459
14.8198
1.00709
15.557
0.991341
16.5704
0.652925
0.179864
17.6326
0.694809
0.477522
-0.408576
0.958812
1.21579
1.16513
1.61592
1.31197
1.75952
1.4301
1.79145
1.52314
1.74275
1.55506
1.79792
1.51024
1.99619
1.41077
2.11459
1.2383
1.93877
1.16211
1.12944
1.33842
-0.0600139
1.68891
-1.06187
2.12824
-1.74541
2.57495
-2.07443
2.97013
-2.17307
3.21449
-2.15106
3.25621
-2.14554
3.17085
-2.2054
2.99218
-2.12593
2.78272
-1.65238
2.89823
-0.775448
3.30526
0.178716
3.89417
1.00222
4.4443
1.65204
4.81405
2.14539
5.02701
2.43312
5.08763
2.49232
5.06853
1.98726
5.37279
0.452156
5.81087
-0.949195
6.23881
-1.99816
6.55616
-2.54427
6.78728
-2.65401
6.95225
-2.26878
7.24413
-0.817772
7.56888
0.68083
7.87965
1.64417
8.16312
1.95025
8.45227
1.70165
8.80845
0.312683
9.10061
-0.971173
9.41572
-1.56622
9.7847
-1.57465
10.2084
-0.893008
10.6296
0.0872884
11.071
0.56564
11.5669
0.495498
12.1042
0.115629
-0.383398
12.6674
0.270315
0.229263
-0.0220557
0.577821
0.908285
0.873384
1.32036
1.12105
1.51186
1.35587
1.55662
1.55448
1.54414
1.70226
1.65015
1.80288
1.89557
1.8968
2.02066
1.95384
1.88173
1.97167
1.1116
2.18234
-0.270682
2.57901
-1.45854
2.9726
-2.139
3.26467
-2.3665
3.46768
-2.37608
3.53143
-2.21482
3.41696
-2.03107
3.15978
-1.94821
2.89295
-1.8591
2.80403
-1.56346
3.0281
-0.999522
3.49786
-0.291046
4.07816
0.421927
4.66991
1.06029
5.26717
1.54813
5.86177
1.83852
6.48286
1.87123
7.04125
1.42887
7.39156
0.10185
7.77865
-1.33629
7.94444
-2.16395
7.81852
-2.41835
7.53498
-2.37047
7.40402
-2.13782
7.93557
-1.34932
8.86553
-0.249133
9.86226
0.647452
10.7854
1.02706
11.563
0.924098
11.7491
0.126542
11.8715
-1.09357
12.0747
-1.76938
12.4598
-1.95973
13.3499
-1.78315
14.5029
-1.06574
15.5371
-0.468488
16.303
-0.27041
16.8073
-0.388669
-0.92257
17.3464
-0.0391023
-0.0556266
0.323992
0.319317
0.549865
0.667756
0.971917
0.985289
1.19432
1.31678
1.22514
1.64072
1.2202
1.95671
1.33415
2.33569
1.51658
2.79508
1.56128
3.2827
1.39411
3.64829
0.746014
3.99674
-0.619134
4.24358
-1.70537
4.357
-2.25242
4.36324
-2.37273
4.28988
-2.30272
4.20926
-2.1342
4.12859
-1.95041
3.97436
-1.79398
3.79346
-1.67821
3.71591
-1.4859
3.8388
-1.12241
4.19637
-0.648624
4.79614
-0.177839
5.6456
0.210823
6.68789
0.505841
7.79805
0.728363
8.92384
0.745433
10.015
0.337701
10.7859
-0.669075
11.0695
-1.6199
11.0145
-2.10891
10.7239
-2.12772
10.2742
-1.92079
9.88177
-1.7454
10.0484
-1.51599
10.8903
-1.09102
12.1084
-0.570612
13.4423
-0.306813
14.794
-0.427674
15.8111
-0.890509
16.2374
-1.51987
16.3662
-1.89823
16.4293
-2.0228
16.5937
-1.94749
17.2741
-1.74623
18.3385
-1.53289
19.5165
-1.4484
20.6926
-1.56472
-1.79409
21.5641
-0.144793
-0.369133
0.458299
0.196389
0.208683
0.547421
0.620885
0.946135
0.795607
1.3805
0.790774
1.78714
0.813558
2.20145
0.919843
2.74589
0.972151
3.36824
0.938926
3.9789
0.783453
4.56794
0.156969
4.9683
-1.01949
5.10338
-1.84045
5.03844
-2.18749
4.86472
-2.199
4.67235
-2.11036
4.54852
-2.01036
4.48304
-1.88493
4.42497
-1.7359
4.33177
-1.58502
4.25639
-1.41052
4.32502
-1.19105
4.63616
-0.95976
5.21317
-0.754847
6.01146
-0.587465
6.9634
-0.446106
8.05058
-0.35881
9.2575
-0.461488
10.4503
-0.855101
11.1766
-1.3954
11.3209
-1.76415
11.0796
-1.86768
10.8025
-1.85058
10.6651
-1.78336
10.6199
-1.70021
10.7151
-1.61124
11.1401
-1.51597
12.0088
-1.43931
13.1697
-1.46769
14.3811
-1.63913
15.3865
-1.89586
15.9899
-2.12335
16.3397
-2.24802
16.5946
-2.2777
16.9028
-2.25565
17.3984
-2.24181
18.1386
-2.27316
19.0577
-2.36746
20.0288
-2.53586
-2.69649
20.9312
-0.156081
-0.63526
0.422208
0.168444
-0.115841
0.571602
0.217727
1.01709
0.350119
1.42986
0.378003
1.82761
0.415813
2.3118
0.435648
2.88855
0.395403
3.50232
0.325157
4.14906
0.136714
4.80759
-0.501568
5.16426
-1.37616
5.19542
-1.87162
5.02054
-2.0126
4.85387
-2.03233
4.73535
-1.99185
4.65191
-1.92691
4.61909
-1.85212
4.62149
-1.7383
4.63701
-1.60054
4.70597
-1.47947
4.89209
-1.37717
5.21485
-1.28252
5.66049
-1.20049
6.21263
-1.1396
6.87766
-1.11114
7.68449
-1.16564
8.54997
-1.32697
9.24562
-1.55075
9.62505
-1.77482
9.80026
-1.93937
9.95502
-2.02243
10.1632
-2.05878
10.4547
-2.07487
10.8318
-2.07731
11.2903
-2.06968
11.8525
-2.07821
12.5458
-2.13262
13.3158
-2.23768
14.0465
-2.36983
14.6583
-2.50762
15.1693
-2.63443
15.6553
-2.73398
16.1857
-2.80804
16.8104
-2.88036
17.5354
-2.9668
18.326
-3.06377
19.1365
-3.178
19.9034
-3.30277
-3.42664
20.6336
-0.0422813
-0.842499
0.24952
0.24847
-0.406593
0.637696
-0.171499
1.03883
-0.0510182
1.4327
-0.0158603
1.85652
-0.00800633
2.30807
-0.015907
2.76192
-0.0584401
3.26727
-0.180193
3.91216
-0.508178
4.54759
-1.137
4.79621
-1.62478
4.78923
-1.86464
4.71591
-1.93929
4.64888
-1.96529
4.63018
-1.97315
4.64438
-1.94112
4.68451
-1.89225
4.78047
-1.83425
4.95498
-1.77506
5.19167
-1.71616
5.46781
-1.65331
5.78798
-1.60269
6.16324
-1.57575
6.61218
-1.58853
7.15139
-1.65036
7.74321
-1.75747
8.30539
-1.88915
8.78373
-2.02909
9.17371
-2.16481
9.50782
-2.27348
9.83884
-2.35345
10.1949
-2.4148
10.5845
-2.4645
11.0203
-2.51311
11.522
-2.57136
12.0864
-2.6426
12.686
-2.73228
13.2902
-2.84186
13.8847
-2.96431
14.4662
-3.08915
15.0388
-3.207
15.6231
-3.31829
16.2428
-3.42776
16.902
-3.53959
17.5895
-3.6543
18.3079
-3.78214
19.0495
-3.9196
19.8094
-4.06267
-4.20882
20.5916
0.172064
-0.976702
-0.0378598
0.409006
-0.643535
0.718525
-0.481018
1.04931
-0.381805
1.39229
-0.35884
1.74798
-0.36369
2.12943
-0.39736
2.58823
-0.517244
3.18741
-0.779375
3.81325
-1.13402
4.17413
-1.49788
4.29119
-1.74184
4.32168
-1.89512
4.37435
-1.99195
4.44475
-2.0357
4.52892
-2.05732
4.64613
-2.05833
4.78719
-2.03332
4.95934
-2.0064
5.15721
-1.97292
5.3833
-1.94225
5.66172
-1.93173
6.00604
-1.94701
6.41527
-1.98498
6.86466
-2.03793
7.32729
-2.11298
7.78172
-2.21189
8.21709
-2.32452
8.63038
-2.44237
9.02051
-2.55494
9.39974
-2.65271
9.78413
-2.73784
10.1864
-2.81709
10.6178
-2.89584
11.0832
-2.97852
11.5835
-3.07174
12.1164
-3.17546
12.6742
-3.29003
13.2444
-3.41213
13.8191
-3.53897
14.3966
-3.66667
14.9846
-3.79501
15.5913
-3.92494
16.2218
-4.05827
16.8798
-4.19757
17.5679
-4.34246
18.2811
-4.49535
19.0126
-4.65107
19.7616
-4.81166
-4.97897
20.5317
0.465068
-1.13701
-0.304756
0.698148
-0.876615
0.950669
-0.733539
1.22993
-0.661066
1.53723
-0.666142
1.89153
-0.717991
2.32037
-0.826196
2.80637
-1.00325
3.26576
-1.23876
3.61669
-1.48495
3.82951
-1.7107
3.98446
-1.89679
4.1186
-2.02926
4.23776
-2.11112
4.36018
-2.15811
4.48485
-2.18199
4.61778
-2.19126
4.77596
-2.19149
4.96645
-2.19689
5.19859
-2.20507
5.4756
-2.21926
5.79608
-2.25222
6.14397
-2.2949
6.51102
-2.35203
6.90039
-2.4273
7.30824
-2.52084
7.72277
-2.62642
8.13384
-2.7356
8.53445
-2.84297
8.92751
-2.948
9.32506
-3.05026
9.73656
-3.14934
10.1666
-3.24716
10.6203
-3.34951
11.1002
-3.45844
11.6024
-3.57397
12.1235
-3.69649
12.6606
-3.82714
13.2112
-3.96271
13.7746
-4.10244
14.3518
-4.24387
14.9472
-4.39039
15.5647
-4.54243
16.2049
-4.69844
16.8663
-4.85904
17.548
-5.02408
18.2494
-5.19681
18.9741
-5.37576
19.7228
-5.56029
-5.75035
20.4941
0.63302
-1.36166
-0.408378
0.877046
-1.12064
1.14652
-1.00302
1.43471
-0.949253
1.74032
-0.971755
2.07847
-1.05613
2.43631
-1.18404
2.77694
-1.34388
3.07227
-1.53409
3.3316
-1.74428
3.55856
-1.93765
3.74777
-2.086
3.91243
-2.19392
4.0653
-2.26399
4.21747
-2.31028
4.38522
-2.34974
4.5753
-2.38134
4.79167
-2.40787
5.02937
-2.43459
5.28992
-2.46562
5.57584
-2.50518
5.88284
-2.55922
6.2169
-2.62896
6.57571
-2.71084
6.95048
-2.80207
7.33254
-2.9029
7.71684
-3.01072
8.10244
-3.1212
8.49219
-3.23272
8.88874
-3.34455
9.29524
-3.45676
9.71647
-3.57058
10.157
-3.68772
10.6173
-3.80979
11.0972
-3.93831
11.5962
-4.07303
12.1122
-4.21245
12.6423
-4.35725
13.1865
-4.50694
13.7464
-4.66235
14.3251
-4.8225
14.9241
-4.98945
15.5414
-5.15967
16.1781
-5.33518
16.8362
-5.51708
17.5178
-5.70576
18.2221
-5.90111
18.9501
-6.10367
19.7006
-6.31087
-6.52662
20.4769
0.696186
-1.54673
-0.511116
0.921126
-1.34558
1.17843
-1.26032
1.46179
-1.23261
1.75257
-1.26254
2.04778
-1.35134
2.34493
-1.4812
2.64142
-1.64036
2.93329
-1.82596
3.19447
-2.00547
3.41159
-2.15477
3.59702
-2.27143
3.77029
-2.36719
3.94822
-2.44192
4.13756
-2.49962
4.33852
-2.5507
4.55283
-2.59565
4.77797
-2.633
5.02197
-2.67859
5.2911
-2.73474
5.58444
-2.79852
5.89862
-2.8734
6.23063
-2.96097
6.57698
-3.05719
6.93595
-3.16104
7.30491
-3.27185
7.68105
-3.38686
8.06389
-3.50405
8.4545
-3.62333
8.85496
-3.74502
9.26828
-3.87007
9.69732
-3.99962
10.1434
-4.13384
10.6064
-4.27276
11.0846
-4.41654
11.5779
-4.56634
12.0871
-4.72165
12.6132
-4.88335
13.1579
-5.05156
13.7208
-5.22527
14.3017
-5.40336
14.8993
-5.58705
15.5163
-5.7767
16.1553
-5.97419
16.8156
-6.17738
17.498
-6.38813
18.2016
-6.60478
18.928
-6.83007
19.6794
-7.06223
-7.30313
20.4559
0.760784
-1.75827
-0.549239
0.983015
-1.56781
1.21777
-1.49508
1.46906
-1.4839
1.74004
-1.53352
2.02325
-1.63455
2.31614
-1.77408
2.59667
-1.92089
2.84717
-2.07646
3.07167
-2.22996
3.2843
-2.36741
3.48771
-2.47484
3.68569
-2.56518
3.8794
-2.63563
4.08107
-2.70129
4.28986
-2.75949
4.51012
-2.81591
4.7521
-2.87499
5.01776
-2.94424
5.29952
-3.0165
5.59713
-3.09613
5.91075
-3.18703
6.23696
-3.28717
6.57629
-3.39652
6.9273
-3.51204
7.28816
-3.63271
7.65731
-3.75601
8.03584
-3.88258
8.4258
-4.01328
8.82859
-4.14782
9.24538
-4.28686
9.67701
-4.43125
10.1234
-4.5802
10.5854
-4.73477
11.0632
-4.89435
11.5572
-5.06038
12.0676
-5.23203
12.5945
-5.41026
13.1377
-5.59476
13.6983
-5.7858
14.2774
-5.98247
14.8759
-6.18562
15.4957
-6.39644
16.1348
-6.61331
16.795
-6.83755
17.4776
-7.07071
18.182
-7.30924
18.9116
-7.55963
19.667
-7.81764
-8.08203
20.4459
0.772008
-1.94836
-0.581917
0.999284
-1.79509
1.2369
-1.73269
1.49236
-1.73937
1.75897
-1.80013
2.01662
-1.8922
2.26875
-2.02622
2.51544
-2.16758
2.7532
-2.31422
2.97878
-2.45554
3.18821
-2.57684
3.38642
-2.67304
3.58731
-2.76607
3.79252
-2.84083
4.00969
-2.91845
4.23763
-2.98743
4.47883
-3.05711
4.7342
-3.13036
4.99926
-3.20931
5.27867
-3.29591
5.57683
-3.39428
5.88985
-3.50005
6.21636
-3.61369
6.55455
-3.73471
6.90245
-3.85994
7.25963
-3.98989
7.62658
-4.12295
8.00491
-4.26091
8.39572
-4.40409
8.79982
-4.55192
9.21781
-4.70484
9.64999
-4.86344
10.0969
-5.0271
10.5585
-5.19638
11.0355
-5.37139
11.5286
-5.55344
12.0382
-5.74159
12.565
-5.93713
13.1087
-6.13845
13.6707
-6.34777
14.2511
-6.56291
14.8504
-6.78493
15.4706
-7.01662
16.111
-7.25374
16.7738
-7.50034
17.4586
-7.75548
18.1657
-8.01638
18.8975
-8.29141
19.6537
-8.57387
-8.86506
20.4368
0.804745
-2.14116
-0.61195
1.02024
-2.01058
1.24996
-1.96241
1.48795
-1.97737
1.72388
-2.03605
1.96634
-2.13466
2.20956
-2.26943
2.44963
-2.40765
2.67917
-2.54377
2.89349
-2.66985
3.10274
-2.78609
3.31556
-2.88586
3.52785
-2.97836
3.7431
-3.05609
3.96223
-3.13758
4.18841
-3.2136
4.43057
-3.29927
4.68848
-3.38827
4.96131
-3.48214
5.24946
-3.58407
5.55028
-3.69509
5.86191
-3.81168
6.18654
-3.93832
6.5223
-4.07047
6.86834
-4.20598
7.22447
-4.34602
7.59127
-4.48975
7.97044
-4.64009
8.36231
-4.79596
8.76742
-4.95703
9.18624
-5.12366
9.61913
-5.29633
10.0667
-5.47465
10.5296
-5.65925
11.008
-5.84979
11.5019
-6.04735
12.0122
-6.25188
12.5392
-6.46422
13.0836
-6.68277
13.646
-6.91018
14.227
-7.14399
14.8281
-7.386
15.449
-7.63751
16.0914
-7.89608
16.756
-8.16499
17.4425
-8.44199
18.1548
-8.72862
18.8899
-9.02655
19.6481
-9.33207
-9.65254
20.4356
1.02539
-2.18679
-0.979751
1.10591
-2.0911
1.21141
-2.06791
1.31759
-2.08355
1.40727
-2.12573
1.46004
-2.18742
1.47385
-2.28325
1.45927
-2.39307
1.42931
-2.51381
1.38251
-2.62305
1.32673
-2.73031
1.27293
-2.83206
1.22756
-2.93299
1.19488
-3.02341
1.17197
-3.11467
1.15613
-3.19776
1.14611
-3.28925
1.13801
-3.38018
1.13388
-3.47801
1.12858
-3.57876
1.12191
-3.68843
1.11291
-3.80268
1.09815
-3.92356
1.08072
-4.05304
1.06208
-4.18733
1.04307
-4.32702
1.02229
-4.46897
0.999138
-4.61693
0.974282
-4.7711
0.948263
-4.93101
0.92092
-5.09632
0.891999
-5.26741
0.861707
-5.44436
0.829
-5.62654
0.793333
-5.81413
0.755674
-6.00969
0.715677
-6.21188
0.673338
-6.42188
0.629122
-6.63855
0.582418
-6.86347
0.533603
-7.09518
0.48332
-7.33572
0.430065
-7.58426
0.374653
-7.84067
0.317775
-8.10811
0.258505
-8.38272
0.195659
-8.66577
0.133763
-8.96465
0.0637798
-9.26209
-9.58876
0.931907
-2.19574
-0.922962
0.984292
-2.14348
1.0492
-2.13282
1.10628
-2.14064
1.17124
-2.19069
1.22866
-2.24485
1.26573
-2.32032
1.27591
-2.40326
1.26533
-2.50322
1.24117
-2.59889
1.20957
-2.69872
1.1695
-2.79199
1.12544
-2.88893
1.08411
-2.98209
1.04943
-3.07999
1.02251
-3.17084
1.00225
-3.26899
0.987428
-3.36536
0.977491
-3.46807
0.969621
-3.57089
0.96332
-3.68213
0.95854
-3.7979
0.95094
-3.91596
0.939524
-4.04162
0.925567
-4.17338
0.910252
-4.3117
0.894201
-4.45292
0.876687
-4.59942
0.857198
-4.75161
0.835703
-4.90951
0.812517
-5.07313
0.787795
-5.24269
0.760763
-5.41733
0.732035
-5.59781
0.701882
-5.78397
0.670239
-5.97805
0.637135
-6.17877
0.602024
-6.38677
0.564834
-6.60136
0.525485
-6.82412
0.483902
-7.05359
0.440372
-7.29219
0.394104
-7.53799
0.346548
-7.79311
0.29529
-8.05685
0.241491
-8.32892
0.187465
-8.61174
0.12685
-8.90403
0.0673614
-9.2026
-9.5214
0.828183
-2.20207
-0.821847
0.856811
-2.17211
0.898876
-2.17488
0.943614
-2.18537
0.98385
-2.23092
1.01634
-2.27733
1.04401
-2.34799
1.05878
-2.41802
1.06041
-2.50485
1.05095
-2.58943
1.03457
-2.68234
1.01324
-2.77066
0.989636
-2.86532
0.966191
-2.95864
0.941949
-3.05575
0.920789
-3.14968
0.901489
-3.24969
0.883991
-3.34786
0.8694
-3.45348
0.856089
-3.55758
0.844588
-3.67063
0.833798
-3.78711
0.823743
-3.90591
0.812876
-4.03076
0.800378
-4.16088
0.785934
-4.29726
0.770784
-4.43777
0.755353
-4.58399
0.738745
-4.73501
0.721283
-4.89205
0.702632
-5.05448
0.682314
-5.22237
0.659759
-5.39477
0.635479
-5.57353
0.609351
-5.75784
0.581496
-5.95019
0.551829
-6.14911
0.520415
-6.35536
0.487242
-6.56819
0.452433
-6.78932
0.415825
-7.01698
0.37748
-7.25385
0.337291
-7.4978
0.294682
-7.75051
0.250656
-8.01283
0.204568
-8.28284
0.155742
-8.56292
0.106577
-8.85487
0.0544683
-9.15049
-9.46694
0.709913
-2.19421
-0.717775
0.718891
-2.18109
0.738577
-2.19457
0.767885
-2.21468
0.796313
-2.25935
0.820742
-2.30176
0.842486
-2.36974
0.856421
-2.43196
0.864382
-2.51281
0.865201
-2.59025
0.858989
-2.67613
0.844351
-2.75603
0.825693
-2.84666
0.808069
-2.94102
0.787621
-3.0353
0.770602
-3.13266
0.755927
-3.23501
0.742671
-3.3346
0.731087
-3.4419
0.720272
-3.54677
0.709881
-3.66023
0.698596
-3.77582
0.688931
-3.89624
0.679557
-4.02138
0.668486
-4.14981
0.656205
-4.28498
0.644214
-4.42578
0.631943
-4.57172
0.618625
-4.72169
0.604218
-4.87764
0.588596
-5.03886
0.571462
-5.20524
0.553001
-5.37631
0.533404
-5.55394
0.513231
-5.73767
0.492148
-5.92911
0.469685
-6.12664
0.445697
-6.33137
0.42008
-6.54257
0.392531
-6.76177
0.36332
-6.98777
0.332091
-7.22262
0.29878
-7.46449
0.26408
-7.71581
0.226321
-7.97507
0.186307
-8.24282
0.145897
-8.52251
0.0985999
-8.80757
0.0534537
-9.10535
-9.41348
0.561364
-2.18338
-0.572199
0.572011
-2.19174
0.587502
-2.21006
0.60714
-2.23432
0.625437
-2.27765
0.64145
-2.31777
0.653887
-2.38218
0.661428
-2.4395
0.666665
-2.51805
0.669929
-2.59351
0.672594
-2.67879
0.671481
-2.75491
0.667399
-2.84258
0.660134
-2.93375
0.650154
-3.02532
0.637267
-3.11978
0.622781
-3.22052
0.609752
-3.32158
0.597963
-3.43011
0.58937
-3.53817
0.581057
-3.65192
0.572591
-3.76736
0.566102
-3.88975
0.558062
-4.01334
0.548718
-4.14046
0.538441
-4.2747
0.527401
-4.41474
0.516137
-4.56045
0.504598
-4.71015
0.492302
-4.86535
0.479007
-5.02557
0.464878
-5.19111
0.450891
-5.36232
0.436452
-5.5395
0.420822
-5.72204
0.403343
-5.91163
0.384256
-6.10756
0.363763
-6.31088
0.341941
-6.52075
0.318944
-6.73877
0.294314
-6.96314
0.268279
-7.19658
0.241029
-7.43724
0.211182
-7.68596
0.180658
-7.94455
0.148563
-8.21073
0.113007
-8.48695
0.0776816
-8.77225
0.0391432
-9.06681
-9.37434
0.417345
-2.17794
-0.422783
0.41841
-2.1928
0.424486
-2.21614
0.435969
-2.2458
0.450859
-2.29254
0.467619
-2.33453
0.48265
-2.39721
0.494017
-2.45086
0.499258
-2.52329
0.496865
-2.59112
0.493537
-2.67546
0.491104
-2.75248
0.489474
-2.84095
0.484028
-2.9283
0.48239
-3.02368
0.479554
-3.11694
0.473503
-3.21447
0.466709
-3.31478
0.458243
-3.42164
0.450387
-3.53032
0.441574
-3.64311
0.43386
-3.75964
0.428595
-3.88449
0.422848
-4.0076
0.418453
-4.13607
0.4144
-4.27065
0.407614
-4.40796
0.399817
-4.55266
0.391833
-4.70217
0.38311
-4.85662
0.373628
-5.01608
0.363724
-5.1812
0.352691
-5.35129
0.340971
-5.52778
0.329174
-5.71025
0.317222
-5.89968
0.304526
-6.09486
0.290807
-6.29716
0.27589
-6.50583
0.259547
-6.72243
0.242017
-6.94561
0.223
-7.17756
0.201982
-7.41622
0.18036
-7.66434
0.155641
-7.91983
0.12926
-8.18435
0.101416
-8.45911
0.0692815
-8.74011
0.0374618
-9.03499
-9.33688
0.253616
-2.17487
-0.256685
0.260166
-2.19935
0.270339
-2.22631
0.278603
-2.25407
0.284262
-2.2982
0.292013
-2.34228
0.299289
-2.40448
0.311555
-2.46313
0.324358
-2.5361
0.332062
-2.59882
0.337392
-2.68079
0.340437
-2.75552
0.341462
-2.84198
0.334588
-2.92143
0.329013
-3.01811
0.325798
-3.11373
0.322959
-3.21163
0.319909
-3.31173
0.316367
-3.4181
0.313706
-3.52766
0.310265
-3.63967
0.306639
-3.75602
0.300577
-3.87843
0.29558
-4.0026
0.292764
-4.13325
0.290223
-4.26811
0.286665
-4.4044
0.281745
-4.54774
0.276368
-4.69679
0.270531
-4.85079
0.264384
-5.00994
0.258
-5.17482
0.251513
-5.3448
0.24493
-5.52119
0.237362
-5.70268
0.228597
-5.89092
0.218829
-6.08509
0.208243
-6.28657
0.196806
-6.4944
0.184697
-6.71032
0.171525
-6.93244
0.157417
-7.16346
0.142432
-7.40124
0.125603
-7.64751
0.108072
-7.9023
0.0895522
-8.16583
0.0682056
-8.43776
0.047849
-8.71976
0.0239597
-9.0111
-9.31292
0.092713
-2.17898
-0.0886071
0.097086
-2.20372
0.109437
-2.23866
0.12087
-2.2655
0.132308
-2.30963
0.142127
-2.3521
0.143763
-2.40612
0.14674
-2.46611
0.148953
-2.53831
0.153646
-2.60351
0.157617
-2.68477
0.161076
-2.75898
0.167217
-2.84812
0.172625
-2.92684
0.175276
-3.02076
0.174376
-3.11283
0.174221
-3.21148
0.172863
-3.31037
0.170172
-3.41541
0.168004
-3.52549
0.166037
-3.6377
0.165112
-3.75509
0.162136
-3.87545
0.160842
-4.00131
0.15927
-4.13168
0.1567
-4.26554
0.156749
-4.40445
0.156996
-4.54798
0.156076
-4.69587
0.154715
-4.84943
0.152866
-5.00809
0.150685
-5.17264
0.147864
-5.34198
0.144576
-5.5179
0.141237
-5.69934
0.137989
-5.88767
0.134575
-6.08168
0.13071
-6.28271
0.126279
-6.48997
0.120931
-6.70497
0.114909
-6.92642
0.10788
-7.15643
0.0995553
-7.39291
0.0907992
-7.63875
0.0798465
-7.89134
0.0678409
-8.15382
0.0544092
-8.42433
0.038148
-8.70349
0.0207091
-8.99366
-9.29221
-0.0686642
-2.19026
0.079944
-0.0618289
-2.21056
-0.0555115
-2.24498
-0.0541117
-2.2669
-0.0465352
-2.31721
-0.0306963
-2.36794
-0.0186152
-2.4182
-0.00742928
-2.47729
-0.00315719
-2.54258
0.00380383
-2.61047
0.00517485
-2.68614
0.0041037
-2.75791
0.00327251
-2.84728
0.00687127
-2.93044
0.0104915
-3.02438
0.0113387
-3.11367
0.014927
-3.21507
0.0179518
-3.3134
0.0209352
-3.41839
0.021971
-3.52652
0.0239387
-3.63967
0.0253921
-3.75655
0.0255168
-3.87557
0.0275565
-4.00335
0.0281127
-4.13224
0.027557
-4.26498
0.0291847
-4.40607
0.0307529
-4.54955
0.0321901
-4.69731
0.0336915
-4.85093
0.0351602
-5.00956
0.0366185
-5.1741
0.0382169
-5.34358
0.0398761
-5.51956
0.0410119
-5.70048
0.0414251
-5.88808
0.041313
-6.08157
0.0408556
-6.28225
0.039983
-6.48909
0.038991
-6.70398
0.0374451
-6.92487
0.0354869
-7.15447
0.0334591
-7.39088
0.0301846
-7.63548
0.0271105
-7.88827
0.0233111
-8.15002
0.017673
-8.41869
0.0137571
-8.69958
0.00628093
-8.98619
-9.28593
-0.230407
-2.20433
0.244477
-0.223533
-2.21743
-0.21042
-2.25809
-0.201935
-2.27538
-0.199528
-2.31962
-0.197748
-2.36972
-0.195119
-2.42083
-0.189187
-2.48322
-0.185967
-2.5458
-0.177242
-2.6192
-0.169572
-2.69381
-0.161452
-2.76603
-0.156199
-2.85254
-0.153094
-2.93354
-0.150658
-3.02681
-0.149349
-3.11498
-0.14645
-3.21797
-0.143632
-3.31622
-0.139319
-3.4227
-0.13616
-3.52968
-0.130988
-3.64484
-0.126467
-3.76107
-0.121772
-3.88027
-0.11841
-4.00671
-0.11543
-4.13522
-0.109746
-4.27067
-0.105484
-4.41034
-0.10179
-4.55324
-0.0967627
-4.70233
-0.091454
-4.85624
-0.0860917
-5.01492
-0.080536
-5.17965
-0.0752414
-5.34888
-0.0699175
-5.52489
-0.0643167
-5.70608
-0.0581563
-5.89424
-0.0517925
-6.08793
-0.0454276
-6.28861
-0.0390869
-6.49543
-0.0331353
-6.70993
-0.0272667
-6.93074
-0.0216201
-7.16012
-0.0167763
-7.39573
-0.0116377
-7.64061
-0.0072998
-7.89261
-0.004818
-8.1525
-0.00019511
-8.42331
-0.000756942
-8.69902
0.00130087
-8.98824
-9.28463
-0.387143
-2.2235
0.406321
-0.387031
-2.21755
-0.387843
-2.25728
-0.378208
-2.28502
-0.365755
-2.33207
-0.359087
-2.37639
-0.352324
-2.42759
-0.348195
-2.48735
-0.347094
-2.5469
-0.345167
-2.62113
-0.343944
-2.69503
-0.337704
-2.77227
-0.332664
-2.85758
-0.329011
-2.9372
-0.324559
-3.03127
-0.317899
-3.12164
-0.312011
-3.22386
-0.306952
-3.32128
-0.301123
-3.42853
-0.296546
-3.53426
-0.290391
-3.651
-0.283777
-3.76768
-0.274643
-3.8894
-0.267408
-4.01394
-0.260344
-4.14228
-0.251871
-4.27914
-0.246003
-4.4162
-0.238863
-4.56039
-0.230531
-4.71067
-0.22222
-4.86455
-0.213183
-5.02395
-0.203737
-5.1891
-0.193735
-5.35888
-0.183274
-5.53535
-0.172856
-5.71649
-0.162624
-5.90447
-0.152407
-6.09815
-0.142032
-6.29899
-0.13172
-6.50575
-0.120963
-6.72069
-0.110259
-6.94144
-0.0994188
-7.17096
-0.0879108
-7.40724
-0.0767487
-7.65178
-0.0654914
-7.90387
-0.0522464
-8.16575
-0.0407602
-8.4348
-0.0264968
-8.71328
-0.0140712
-9.00067
-9.2987
-0.549658
-2.24485
0.571008
-0.539414
-2.22779
-0.537208
-2.25949
-0.542509
-2.27972
-0.544858
-2.32972
-0.545245
-2.376
-0.541489
-2.43135
-0.536257
-2.49259
-0.528736
-2.55442
-0.523242
-2.62662
-0.521288
-2.69698
-0.515936
-2.77762
-0.512361
-2.86115
-0.50702
-2.94254
-0.501001
-3.03729
-0.494562
-3.12808
-0.489081
-3.22934
-0.481494
-3.32886
-0.47292
-3.43711
-0.464497
-3.54268
-0.457396
-3.6581
-0.451144
-3.77393
-0.440542
-3.90001
-0.430773
-4.02371
-0.418989
-4.15407
-0.408124
-4.29
-0.396264
-4.42806
-0.382154
-4.57449
-0.369109
-4.72371
-0.355419
-4.87824
-0.34138
-5.03799
-0.326987
-5.20349
-0.312273
-5.37359
-0.297397
-5.55022
-0.281713
-5.73218
-0.26524
-5.92095
-0.248263
-6.11512
-0.230892
-6.31636
-0.213123
-6.52352
-0.19543
-6.73838
-0.177319
-6.95956
-0.158871
-7.18941
-0.140666
-7.42544
-0.121428
-7.67101
-0.101916
-7.92338
-0.08201
-8.18565
-0.0614983
-8.45531
-0.0418387
-8.73294
-0.0204678
-9.02204
-9.31916
-0.711787
-2.24482
0.711753
-0.712468
-2.22711
-0.707185
-2.26477
-0.702753
-2.28415
-0.69938
-2.33309
-0.69975
-2.37563
-0.700498
-2.4306
-0.701187
-2.4919
-0.699722
-2.55589
-0.698577
-2.62777
-0.696249
-2.69931
-0.68983
-2.78404
-0.685565
-2.86542
-0.676834
-2.95127
-0.668627
-3.04549
-0.661697
-3.13501
-0.655664
-3.23537
-0.647498
-3.33703
-0.639348
-3.44526
-0.627654
-3.55438
-0.616046
-3.66971
-0.604663
-3.78532
-0.593926
-3.91074
-0.582135
-4.0355
-0.566798
-4.1694
-0.553134
-4.30367
-0.535802
-4.4454
-0.519139
-4.59116
-0.502946
-4.7399
-0.484494
-4.89669
-0.466765
-5.05572
-0.447579
-5.22268
-0.427875
-5.3933
-0.40788
-5.57022
-0.387423
-5.75263
-0.367366
-5.941
-0.346859
-6.13563
-0.326064
-6.33715
-0.304848
-6.54473
-0.282567
-6.76066
-0.259501
-6.98262
-0.235478
-7.21343
-0.210151
-7.45077
-0.184271
-7.69689
-0.157115
-7.95053
-0.129125
-8.21364
-0.100213
-8.48422
-0.0677561
-8.7654
-0.0353036
-9.05449
-9.35447
-0.861305
-2.2373
0.853788
-0.865573
-2.22284
-0.880321
-2.25002
-0.887168
-2.2773
-0.889898
-2.33036
-0.887996
-2.37754
-0.886061
-2.43253
-0.880858
-2.4971
-0.875749
-2.561
-0.871823
-2.63169
-0.867122
-2.70401
-0.862007
-2.78916
-0.859337
-2.86809
-0.850149
-2.96046
-0.842772
-3.05287
-0.832402
-3.14538
-0.820682
-3.24709
-0.809318
-3.34839
-0.800029
-3.45455
-0.786546
-3.56786
-0.773772
-3.68248
-0.756593
-3.8025
-0.741549
-3.92579
-0.723695
-4.05336
-0.705306
-4.18779
-0.6863
-4.32267
-0.665415
-4.46628
-0.646308
-4.61027
-0.624641
-4.76157
-0.603147
-4.91818
-0.581435
-5.07743
-0.55892
-5.24519
-0.536898
-5.41532
-0.51391
-5.59321
-0.490296
-5.77625
-0.465335
-5.96597
-0.439493
-6.16147
-0.412273
-6.36437
-0.383852
-6.57315
-0.354247
-6.79027
-0.323376
-7.01349
-0.2916
-7.2452
-0.259213
-7.48315
-0.225617
-7.73049
-0.191283
-7.98487
-0.156407
-8.24852
-0.119859
-8.52077
-0.0818768
-8.80338
-0.0422834
-9.09409
-9.39675
-1.01044
0.988329
-1.02009
-1.02984
-1.03451
-1.04875
-1.05123
-1.05635
-1.05576
-1.05312
-1.04889
-1.0403
-1.03443
-1.02701
-1.01633
-1.00992
-0.997046
-0.983357
-0.968455
-0.95192
-0.93436
-0.91764
-0.896871
-0.877493
-0.854618
-0.834574
-0.81164
-0.790221
-0.767826
-0.744258
-0.722769
-0.698516
-0.675697
-0.650674
-0.623852
-0.596009
-0.565866
-0.534915
-0.502014
-0.467915
-0.43229
-0.395821
-0.359203
-0.321559
-0.283233
-0.242673
-0.199316
-0.153301
-0.104509
-0.0536249
1.02523
-0.811905
0.900709
0.930381
-0.81941
0.914262
0.831794
-0.84555
0.944137
0.720737
-0.856542
0.967599
0.609736
-0.886887
0.997888
0.504346
-0.92188
1.02727
0.391769
-0.971595
1.08417
0.270397
-1.01118
1.13255
0.131456
-1.08493
1.22387
-1.18146
1.31292
1.13499
-0.706039
1.0236
-0.70802
0.904527
-0.726479
0.784119
-0.736134
0.67251
-0.775279
0.546757
-0.796128
0.409741
-0.834579
0.277844
-0.879278
0.150634
-0.957718
-1.03083
1.21535
-0.589758
1.09738
-0.590052
0.968894
-0.597992
0.852738
-0.619978
0.721778
-0.644318
0.594345
-0.668695
0.468513
-0.708746
0.336509
-0.747275
0.176449
-0.797657
-0.854377
1.27728
-0.46593
1.15281
-0.465578
1.03414
-0.479329
0.911203
-0.497039
0.776645
-0.50976
0.644403
-0.536454
0.494455
-0.558798
0.330931
-0.583751
0.169352
-0.636078
-0.685025
1.34523
-0.33662
1.21638
-0.336728
1.08502
-0.347965
0.947492
-0.359512
0.807188
-0.369455
0.662552
-0.391817
0.50863
-0.404877
0.365498
-0.440619
0.203435
-0.474015
-0.48159
1.35444
-0.20779
1.23356
-0.215849
1.09571
-0.210112
0.959483
-0.223287
0.819304
-0.229277
0.667663
-0.240175
0.515237
-0.252451
0.338701
-0.264083
0.156085
-0.2914
-0.325505
1.38831
-0.0794271
1.25332
-0.0808569
1.12478
-0.0815716
0.986223
-0.0847322
0.850206
-0.0932598
0.701995
-0.0919642
0.552213
-0.102669
0.393282
-0.105152
0.205905
-0.104022
-0.119599
1.3949
0.047966
1.26101
0.0530315
1.13071
0.0487332
0.989082
0.0568934
0.839553
0.0562691
0.692098
0.0554908
0.516579
0.0728507
0.353353
0.058073
0.166377
0.0829536
0.0467781
1.39016
0.182101
1.26042
0.182765
1.12247
0.186686
0.98654
0.192825
0.844801
0.198008
0.694007
0.206285
0.552155
0.214704
0.380353
0.229875
0.216213
0.247094
0.262991
1.36258
0.309928
1.23804
0.307308
1.10467
0.320059
0.967682
0.329809
0.827097
0.338592
0.679755
0.353627
0.530805
0.363653
0.362407
0.398273
0.177592
0.431909
0.440582
1.34831
0.435634
1.2153
0.440312
1.0835
0.451866
0.95081
0.462497
0.808377
0.481025
0.667836
0.494168
0.511284
0.520204
0.364088
0.54547
0.204836
0.59116
0.645419
1.27497
0.555745
1.15622
0.559069
1.0328
0.575278
0.904493
0.59081
0.772045
0.613473
0.632386
0.633827
0.486293
0.666297
0.32915
0.702613
0.173305
0.747005
0.818724
1.22031
0.671725
1.10223
0.677155
0.981717
0.695788
0.855575
0.716952
0.729725
0.739323
0.597952
0.7656
0.466825
0.797424
0.330546
0.838892
0.171972
0.905578
0.990696
1.12281
0.778229
1.01623
0.783738
0.908213
0.803801
0.795028
0.830136
0.6782
0.856151
0.55106
0.89274
0.418611
0.929873
0.284308
0.973196
0.149548
1.04034
1.14024
1.02493
0.877055
0.922722
0.885945
0.825151
0.901372
0.723405
0.931883
0.620691
0.958865
0.512459
1.00097
0.394968
1.04736
0.274588
1.09358
0.132973
1.18195
1.27322
-1.53314
-1.09488
1.05818
-1.4965
-1.10167
1.06503
-1.44914
-1.11066
1.06329
-1.38866
-1.11599
1.05551
-1.29475
-1.1096
1.01569
-1.16537
-1.09439
0.965006
-0.953333
-1.05953
0.8475
-0.52823
-0.94083
0.515728
-0.0138214
-0.487025
-0.0273843
0.241135
-0.254957
-1.3154
-1.13563
-1.2734
-1.14367
-1.23345
-1.15061
-1.18635
-1.1631
-1.12157
-1.17437
-1.04152
-1.17444
-0.934253
-1.1668
-0.733428
-1.14166
-0.263619
-0.956834
-0.0224838
-1.11977
-1.17474
-1.08015
-1.18329
-1.03282
-1.19794
-0.986338
-1.20958
-0.932137
-1.22858
-0.866458
-1.24012
-0.795005
-1.23825
-0.722408
-1.21425
-0.493914
-1.18533
-0.516398
-0.911179
-1.20988
-0.87498
-1.21949
-0.840443
-1.23247
-0.801597
-1.24843
-0.754012
-1.27616
-0.695124
-1.29901
-0.619424
-1.31395
-0.533589
-1.30009
-0.362883
-1.35603
-0.879281
-0.73003
-1.23732
-0.701266
-1.24825
-0.665597
-1.26814
-0.627018
-1.28701
-0.588173
-1.31501
-0.547261
-1.33992
-0.482599
-1.37861
-0.418174
-1.36451
-0.298099
-1.47611
-1.17738
-0.533568
-1.25418
-0.516228
-1.26559
-0.494541
-1.28983
-0.474631
-1.30692
-0.440507
-1.34913
-0.407024
-1.37341
-0.350162
-1.43547
-0.289091
-1.42558
-0.183766
-1.58143
-1.36115
-0.356839
-1.2575
-0.342307
-1.28013
-0.325325
-1.30681
-0.306589
-1.32565
-0.288816
-1.3669
-0.271424
-1.3908
-0.240522
-1.46638
-0.199709
-1.4664
-0.143567
-1.63758
-1.50471
-0.169379
-1.25038
-0.169449
-1.28006
-0.172238
-1.30402
-0.170034
-1.32786
-0.170115
-1.36682
-0.166675
-1.39424
-0.148587
-1.48446
-0.132089
-1.48289
-0.0880079
-1.68166
-1.59272
0.00741063
-1.23964
-0.00233234
-1.27031
-0.0137368
-1.29262
-0.0223506
-1.31924
-0.0433332
-1.34584
-0.0233161
-1.41425
-0.0546958
-1.45308
-0.0201493
-1.51744
-0.0408499
-1.66096
-1.63357
0.182265
-1.21819
0.153576
-1.24162
0.123328
-1.26237
0.0918662
-1.28778
0.0775119
-1.33149
0.0486071
-1.38535
0.0130305
-1.41751
0.0176292
-1.52204
-0.034918
-1.60841
-1.66849
0.34045
-1.18348
0.298017
-1.19919
0.255909
-1.22026
0.219277
-1.25115
0.188585
-1.30079
0.138697
-1.33546
0.108754
-1.38756
0.0769745
-1.49026
0.0413833
-1.57282
-1.6271
0.499451
-1.13164
0.440416
-1.14016
0.384592
-1.16444
0.333677
-1.20023
0.276848
-1.24396
0.219146
-1.27776
0.175724
-1.34414
0.0970681
-1.4116
0.0144568
-1.49021
-1.61265
0.631955
-1.06583
0.564219
-1.07242
0.50156
-1.10178
0.436659
-1.13533
0.362171
-1.16948
0.293868
-1.20946
0.226434
-1.27671
0.156436
-1.34161
0.0949568
-1.42873
-1.51769
0.775922
-0.985629
0.69566
-0.992158
0.617629
-1.02375
0.535772
-1.05347
0.460193
-1.0939
0.382611
-1.13187
0.294658
-1.18875
0.183692
-1.23064
0.0782539
-1.32329
-1.43944
0.872614
0.794717
0.715108
0.629233
0.533223
0.428618
0.324036
0.225944
0.126521
-0.0765482
-0.178408
0.126613
-0.230546
0.487995
0.154346
0.712512
0.622984
0.838133
0.839384
0.91977
0.934052
0.979209
0.996074
1.01561
1.02689
1.03354
1.0471
1.0417
-0.046861
-0.131547
0.0216501
-0.299057
0.317524
-0.141528
0.672769
0.267739
0.866394
0.64576
0.971477
0.828968
1.03943
0.92812
1.08158
0.984744
1.10959
1.01909
1.02669
0.0444774
-0.176025
0.0579919
-0.312571
0.156973
-0.240509
0.474321
-0.0496099
0.81375
0.306332
0.994957
0.647761
1.09626
0.826819
1.15753
0.92347
1.19559
0.981029
1.01165
0.120922
-0.296946
0.148093
-0.339743
0.19359
-0.286006
0.307816
-0.163836
0.607927
0.00622091
0.937963
0.317724
1.12249
0.642293
1.22203
0.823932
1.28006
0.922992
0.992125
0.130729
-0.427675
0.20064
-0.409654
0.282913
-0.368279
0.355603
-0.236526
0.472499
-0.110675
0.746184
0.0440386
1.06498
0.323501
1.24591
0.643003
1.34516
0.823735
0.952457
0.0971764
-0.524852
0.184648
-0.497126
0.292014
-0.475645
0.42141
-0.365922
0.563632
-0.252897
0.680403
-0.0727318
0.916334
0.0875694
1.18366
0.375682
1.35576
0.651634
0.874776
0.0748421
-0.599694
0.160571
-0.582855
0.272822
-0.587896
0.408872
-0.501972
0.607969
-0.451994
0.79374
-0.258503
0.910135
-0.0288253
1.07799
0.20783
1.29866
0.430956
0.722905
0.0368842
-0.636578
0.108259
-0.654229
0.228446
-0.708084
0.396904
-0.67043
0.574195
-0.629284
0.783348
-0.467656
0.97618
-0.221657
1.06437
0.119637
1.18869
0.306637
0.540668
0.0158656
-0.652444
0.0717114
-0.710075
0.164056
-0.800428
0.313758
-0.820133
0.487896
-0.803422
0.66736
-0.647121
0.891738
-0.446035
1.04856
-0.0371804
1.12587
0.229326
0.395588
-0.0391489
-0.613295
-0.0231168
-0.726107
0.0490501
-0.872595
0.160139
-0.931222
0.301214
-0.944497
0.485249
-0.831155
0.693961
-0.654747
0.90479
-0.248009
1.0379
0.0962135
0.263224
-0.0898189
-0.523476
-0.120192
-0.695734
-0.108117
-0.88467
-0.0446026
-0.994736
0.0676465
-1.05675
0.246694
-1.0102
0.428888
-0.836941
0.653431
-0.472552
0.865409
-0.115765
0.111539
-0.136245
-0.387231
-0.201607
-0.630372
-0.222242
-0.864035
-0.202586
-1.01439
-0.15304
-1.10629
-0.0350419
-1.1282
0.147684
-1.01967
0.379844
-0.704712
0.605461
-0.341382
-0.0471002
-0.168968
-0.218263
-0.272031
-0.527309
-0.305278
-0.830788
-0.306881
-1.01279
-0.285503
-1.12767
-0.235787
-1.17792
-0.114523
-1.14093
0.0839395
-0.903174
0.272091
-0.529533
-0.183585
-0.173188
-0.045075
-0.304381
-0.396116
-0.366298
-0.768871
-0.385329
-0.993758
-0.384188
-1.12881
-0.376783
-1.18532
-0.340047
-1.17767
-0.247648
-0.995573
-0.121528
-0.655653
-0.327169
-0.172715
0.12764
-0.308083
-0.260747
-0.396883
-0.680071
-0.434612
-0.95603
-0.457313
-1.10611
-0.471862
-1.17077
-0.482814
-1.16672
-0.474851
-1.00354
-0.427206
-0.703299
-0.430383
-0.137422
0.265061
-0.247876
-0.150293
-0.333672
-0.594275
-0.386434
-0.903268
-0.439575
-1.05297
-0.499741
-1.11061
-0.560961
-1.1055
-0.576309
-0.988189
-0.533801
-0.745807
-0.505884
-0.0898602
0.354922
-0.148247
-0.0919057
-0.214218
-0.528304
-0.260148
-0.857338
-0.297937
-1.01518
-0.363001
-1.04554
-0.462026
-1.00647
-0.52243
-0.927785
-0.491141
-0.777096
-0.574817
-0.0339696
0.388891
-0.054619
-0.0712562
-0.122558
-0.460365
-0.162908
-0.816989
-0.159528
-1.01856
-0.174473
-1.0306
-0.208388
-0.972556
-0.268655
-0.867518
-0.290375
-0.755376
-0.615672
0.0380589
0.350832
0.0335719
-0.0667692
-0.00623587
-0.420557
-0.0196942
-0.803531
-0.021474
-1.01678
-0.0167075
-1.03536
0.0116331
-1.0009
0.0411395
-0.897024
0.0349555
-0.749192
-0.618576
0.100623
0.250209
0.110978
-0.0771239
0.104324
-0.413903
0.143618
-0.842825
0.149252
-1.02241
0.146651
-1.03276
0.154258
-1.0085
0.186189
-0.928955
0.241527
-0.80453
-0.681805
0.122572
0.127637
0.151017
-0.105568
0.181778
-0.444664
0.248978
-0.910025
0.29093
-1.06436
0.321248
-1.06308
0.336231
-1.02349
0.335868
-0.928591
0.353912
-0.822574
-0.736272
0.105277
0.0223591
0.149286
-0.149577
0.246412
-0.541789
0.333512
-0.997125
0.370804
-1.10166
0.396152
-1.08843
0.414458
-1.04179
0.436091
-0.950225
0.473992
-0.860474
-0.773396
0.0341682
-0.0118092
0.119137
-0.234546
0.312858
-0.735511
0.404135
-1.0884
0.427946
-1.12547
0.441444
-1.10193
0.449525
-1.04987
0.46374
-0.96444
0.496966
-0.8937
-0.825669
-0.0345255
0.0227164
0.160921
-0.429992
0.38509
-0.959679
0.42541
-1.12872
0.446134
-1.14619
0.470063
-1.12586
0.492504
-1.07231
0.518394
-0.99033
0.549565
-0.924871
-0.858022
-0.00461068
0.027327
0.240155
-0.674759
0.387145
-1.10667
0.428138
-1.16972
0.457849
-1.1759
0.480657
-1.14866
0.503282
-1.09494
0.53028
-1.01733
0.568068
-0.962659
-0.901904
0.133933
-0.106606
0.532854
-1.07368
0.65679
-1.2306
0.730464
-1.24339
0.775305
-1.22074
0.803896
-1.17726
0.828206
-1.11925
0.872232
-1.06135
0.919443
-1.00987
-0.962212
0.318826
-0.425431
0.562617
-1.31747
0.643891
-1.31188
0.680948
-1.28045
0.699716
-1.23951
0.716954
-1.19449
0.748473
-1.15077
0.795487
-1.10837
0.856301
-1.07068
-1.02887
0.461103
-0.886534
0.515926
-1.37229
0.526219
-1.32217
0.560425
-1.31465
0.594183
-1.27327
0.632975
-1.23329
0.676228
-1.19402
0.721967
-1.15411
0.764956
-1.11367
-1.08576
0.217209
-1.10374
0.338854
-1.49394
0.400507
-1.38382
0.456601
-1.37075
0.507195
-1.32386
0.547185
-1.27328
0.576979
-1.22382
0.609316
-1.18644
0.660047
-1.1644
-1.14349
0.231088
-1.33483
0.307688
-1.57054
0.341414
-1.41755
0.382823
-1.41215
0.400703
-1.34174
0.42491
-1.29748
0.463414
-1.26232
0.508402
-1.23143
0.542398
-1.1984
-1.17329
0.11832
-1.45315
0.173175
-1.62539
0.218254
-1.46263
0.255279
-1.44918
0.282677
-1.36914
0.315351
-1.33016
0.338946
-1.28592
0.362643
-1.25513
0.391096
-1.22685
-1.20498
0.115017
-1.56817
0.151372
-1.66175
0.17689
-1.48815
0.193698
-1.46599
0.202115
-1.37756
0.213883
-1.34193
0.228509
-1.30054
0.241727
-1.26835
0.248624
-1.23375
-1.21304
0.0635655
-1.63173
0.0653376
-1.66352
0.0655758
-1.48839
0.0704844
-1.4709
0.071884
-1.37896
0.072567
-1.34261
0.0736593
-1.30163
0.0764794
-1.27117
0.0820642
-1.23934
-1.21958
0.00797789
-1.63971
-0.0048934
-1.65065
0.0315645
-1.52485
-0.0108119
-1.42852
-0.00141825
-1.38835
-0.0236602
-1.32037
-0.0353349
-1.28996
-0.0492252
-1.25728
-0.0657341
-1.22283
-1.20537
0.0313427
-1.67105
-0.042776
-1.57653
-0.0746453
-1.49298
-0.0982601
-1.40491
-0.132279
-1.35433
-0.149851
-1.30279
-0.178328
-1.26148
-0.201769
-1.23383
-0.223383
-1.20121
-1.18428
-0.0646317
-1.60642
-0.0879616
-1.5532
-0.119104
-1.46183
-0.159297
-1.36471
-0.209264
-1.30436
-0.245299
-1.26676
-0.283791
-1.22299
-0.326157
-1.19147
-0.366934
-1.16044
-1.14489
-0.0213341
-1.58509
-0.117756
-1.45678
-0.201653
-1.37794
-0.251566
-1.3148
-0.307734
-1.2482
-0.366134
-1.20836
-0.419096
-1.17003
-0.472083
-1.13848
-0.52149
-1.11103
-1.09538
-0.0994281
-1.48566
-0.158716
-1.39749
-0.233432
-1.30322
-0.304313
-1.24392
-0.37358
-1.17893
-0.446535
-1.1354
-0.515262
-1.1013
-0.584208
-1.06954
-0.648801
-1.04644
-1.03242
-0.0867531
-1.39891
-0.197468
-1.28678
-0.305269
-1.19542
-0.394957
-1.15423
-0.474581
-1.0993
-0.554137
-1.05585
-0.631734
-1.0237
-0.708675
-0.992596
-0.781726
-0.973384
-0.960362
-0.125691
-0.230513
-0.332356
-0.439223
-0.537556
-0.634539
-0.72636
-0.817583
-0.905023
20.4252
-0.00381731
20.4289
-0.0036843
20.4327
-0.00383577
20.4366
-0.00393675
20.4407
-0.00401784
20.4449
-0.00421734
20.4492
-0.00431916
20.4534
-0.00419849
20.4574
-0.004042
20.4612
-0.00378837
20.4646
-0.00336652
20.4677
-0.00305626
20.4705
-0.00280714
20.473
-0.00254898
20.4755
-0.00244973
20.4779
-0.00246618
20.4804
-0.00243129
20.4828
-0.00244874
20.4852
-0.00238121
20.4874
-0.00224296
20.4895
-0.00204387
20.4914
-0.00192303
20.4932
-0.00181185
20.495
-0.00176456
-0.00184944
20.428
-0.0085238
20.4325
-0.0081829
20.4367
-0.00805731
20.4411
-0.00835386
20.4455
-0.00840047
20.4497
-0.00845776
20.4538
-0.00844931
20.4577
-0.00801629
20.4611
-0.00747814
20.4642
-0.00688475
20.467
-0.00614442
20.4696
-0.00569828
20.4721
-0.00531666
20.4748
-0.00525013
20.4776
-0.00518116
20.4803
-0.00520724
20.483
-0.00515741
20.4855
-0.00489084
20.4877
-0.00458485
20.4896
-0.00415655
20.4913
-0.00373628
20.4929
-0.00359683
20.4945
-0.00339973
20.4964
-0.00367844
-0.00396461
20.4341
-0.0146453
20.4405
-0.0145842
20.4467
-0.014318
20.4523
-0.0138926
20.4569
-0.0130552
20.4606
-0.0121139
20.4632
-0.0111138
20.4654
-0.0101847
20.4675
-0.00960097
20.47
-0.00930363
20.473
-0.00918719
20.4765
-0.00918207
20.4802
-0.00905332
20.4837
-0.00873364
20.4866
-0.00807874
20.4888
-0.00738178
20.4902
-0.00656205
20.4912
-0.00591758
20.4922
-0.00560176
20.4936
-0.00552098
20.4956
-0.00578797
20.4981
-0.00609846
20.501
-0.00628033
20.5038
-0.00646451
-0.00606431
20.4489
-0.0205661
20.4542
-0.0199352
20.4591
-0.0191929
20.4634
-0.0182115
20.4674
-0.0170079
20.471
-0.0157788
20.4746
-0.0146541
20.4781
-0.0136656
20.4814
-0.0129345
20.4845
-0.0124657
20.4874
-0.0120859
20.49
-0.0117712
20.4923
-0.0113035
20.4942
-0.0106748
20.4961
-0.00990337
20.4978
-0.00909579
20.4996
-0.00838021
20.5015
-0.00784881
20.5034
-0.00752704
20.5054
-0.00749758
20.5073
-0.00767032
20.509
-0.00777359
20.5105
-0.00778922
20.5117
-0.00766528
-0.00735253
20.4689
-0.0268279
20.4744
-0.0254592
20.4791
-0.0238681
20.4827
-0.021827
20.4855
-0.0198028
20.488
-0.0182083
20.4903
-0.0170413
20.493
-0.0163634
20.4962
-0.0160683
20.4996
-0.015871
20.503
-0.0155154
20.5061
-0.0148711
20.5086
-0.0137464
20.5101
-0.0121869
20.5109
-0.0107276
20.5115
-0.00970728
20.5124
-0.00926738
20.5137
-0.0091482
20.5153
-0.00911411
20.5172
-0.00940718
20.5192
-0.00966826
20.521
-0.00962583
20.5226
-0.00932579
20.5235
-0.00862196
-0.00759225
20.4877
-0.0331742
20.4938
-0.0315705
20.4996
-0.0296299
20.5047
-0.0269187
20.509
-0.0241682
20.5128
-0.0219323
20.5157
-0.0200288
20.5181
-0.018762
20.5202
-0.0181336
20.5221
-0.0177745
20.524
-0.0174402
20.5259
-0.0166928
20.5275
-0.0153926
20.529
-0.0136686
20.5302
-0.0119117
20.531
-0.0105369
20.5315
-0.00976248
20.5318
-0.00949654
20.5323
-0.0095496
20.5329
-0.010032
20.5337
-0.0104978
20.5347
-0.0105908
20.5358
-0.0104151
20.5368
-0.00964921
-0.00836577
20.5252
-0.0383958
20.5289
-0.0353249
20.5313
-0.0320154
20.5333
-0.0288749
20.5353
-0.0261613
20.5375
-0.0242104
20.5401
-0.0226021
20.5427
-0.0213564
20.5449
-0.0203739
20.5471
-0.0199813
20.5495
-0.0197515
20.5511
-0.0182854
20.551
-0.015391
20.5505
-0.0130926
20.5501
-0.0115605
20.5504
-0.0108531
20.5512
-0.0105427
20.5522
-0.0104463
20.5534
-0.0107341
20.5545
-0.0111881
20.5554
-0.0113526
20.5555
-0.0107416
20.5545
-0.00943346
20.5531
-0.00818753
-0.00739699
20.5566
-0.0460581
20.5714
-0.050089
20.5864
-0.0470096
20.5946
-0.0371006
20.5941
-0.0256607
20.5865
-0.0165352
20.5762
-0.0123058
20.5672
-0.0124286
20.5616
-0.0147913
20.5603
-0.0186411
20.5663
-0.025728
20.5771
-0.0290761
20.5877
-0.0259922
20.5933
-0.0187488
20.5928
-0.0110734
20.5862
-0.00419418
20.5756
6.10846e-05
20.5652
-0.000107154
20.5585
-0.00401444
20.5578
-0.0104484
20.5623
-0.015829
20.57
-0.0184891
20.5786
-0.018004
20.5854
-0.0149694
-0.0074072
20.5627
-0.0822562
20.6057
-0.0931057
20.645
-0.0862611
20.6558
-0.0479455
20.6409
-0.0107638
20.6146
0.00980762
20.5854
0.0168555
20.5618
0.0111985
20.5599
-0.0129213
20.5745
-0.0331715
20.5963
-0.0475698
20.6203
-0.0530725
20.6414
-0.0470524
20.6418
-0.0191554
20.6254
0.0053064
20.6046
0.0166045
20.5833
0.0213069
20.5652
0.0179958
20.5627
-0.00149337
20.5733
-0.0209947
20.5864
-0.0289888
20.5992
-0.0312427
20.61
-0.0287946
20.6097
-0.0147533
0.003095
20.4908
-0.0625373
20.5531
-0.155334
20.6573
-0.190475
20.7645
-0.155154
20.8515
-0.0977498
20.8698
-0.00851929
20.8169
0.0697636
20.7281
0.100015
20.6389
0.0763045
20.5701
0.0355408
20.5547
-0.0320922
20.5785
-0.0769588
20.6205
-0.0890107
20.6711
-0.0697548
20.7251
-0.0486662
20.7567
-0.0150083
20.7497
0.0282562
20.7204
0.0473182
20.6816
0.0373095
20.6371
0.0234858
20.6037
0.00444101
20.5945
-0.0220176
20.6063
-0.0406179
20.6342
-0.0426194
-0.0268111
20.7458
-0.217713
20.9685
-0.378026
21.1914
-0.413432
21.3399
-0.303581
21.2762
-0.0341036
21.0978
0.169881
20.8964
0.271218
20.7125
0.283848
20.629
0.159791
20.6845
-0.0199486
20.801
-0.148526
20.9225
-0.198491
21.0176
-0.184105
21.0166
-0.0687629
20.9391
0.0287923
20.8346
0.0895273
20.7332
0.129718
20.6737
0.106785
20.691
0.0200111
20.7449
-0.0304212
20.8091
-0.0597506
20.868
-0.0809763
20.8816
-0.0542239
20.8391
-0.000111238
0.0213897
17.7323
-0.317475
17.6748
-0.320504
17.5256
-0.264233
17.3725
-0.150505
17.2597
0.078695
17.238
0.191551
17.2842
0.225105
17.3468
0.221213
17.4029
0.103701
17.4388
-0.0558833
17.4348
-0.144542
17.4138
-0.177502
17.3865
-0.156715
17.3497
-0.0320093
17.292
0.0864553
17.2439
0.137625
17.2297
0.143954
17.2369
0.099618
17.2697
-0.0128319
17.3174
-0.078151
17.3535
-0.0958118
17.3621
-0.0895615
17.3412
-0.0333129
17.297
0.0440636
0.0618337
12.6818
-0.331815
12.6943
-0.333036
12.7039
-0.273774
12.7149
-0.161558
12.7313
0.0623422
12.7455
0.177357
12.7573
0.213278
12.7691
0.209422
12.7834
0.089423
12.7994
-0.0719609
12.8143
-0.159378
12.828
-0.191227
12.8405
-0.1692
12.8528
-0.0442848
12.8665
0.0726785
12.8779
0.1263
12.8879
0.13388
12.895
0.0925149
12.9044
-0.0221953
12.9149
-0.088654
12.9238
-0.104748
12.9315
-0.0972324
12.9374
-0.039212
12.9454
0.0360318
0.0547874
17.2144
-0.199807
17.2359
-0.354508
17.3546
-0.392468
17.4825
-0.289477
17.5684
-0.0235786
17.5576
0.188251
17.491
0.279847
17.4167
0.283658
17.3493
0.156875
17.2916
-0.0142952
17.2655
-0.13324
17.2742
-0.19997
17.2954
-0.19032
17.3232
-0.0720882
17.3659
0.0299015
17.3936
0.0986316
17.3962
0.131285
17.3797
0.109044
17.3368
0.0206433
17.2783
-0.0301533
17.2334
-0.0597737
17.2174
-0.081297
17.2295
-0.0512595
17.2627
0.00275726
0.023744
21.3482
0.0160815
21.0717
-0.077951
20.8001
-0.120926
20.6136
-0.103011
20.6384
-0.0483279
20.7829
0.0437132
20.952
0.110816
21.1054
0.13025
21.1609
0.101353
21.0796
0.0669699
20.9391
0.00728213
20.7941
-0.0549742
20.6785
-0.0747115
20.6611
-0.0546461
20.7217
-0.0307219
20.8103
0.0100262
20.8968
0.0447506
20.9461
0.0597295
20.917
0.0497579
20.8503
0.0365479
20.7733
0.0172362
20.7039
-0.0118403
20.6831
-0.0305214
20.7157
-0.0298719
-0.0143486
20.9394
0.00792818
20.8654
-0.00397734
20.7443
0.000202663
20.6233
0.0180269
20.5371
0.0378787
20.5244
0.056328
20.5693
0.0659357
20.6403
0.0592588
20.7159
0.0257294
20.7869
-0.00403826
20.8128
-0.0185856
20.782
-0.0241178
20.7263
-0.0190961
20.667
0.00472592
20.6112
0.0250747
20.5856
0.0356401
20.5907
0.0395983
20.6147
0.0357083
20.6493
0.0151494
20.6913
-0.00546234
20.7232
-0.0146257
20.7293
-0.0179575
20.7151
-0.0163418
20.6869
-0.00166655
0.0169341
20.6147
0.026844
20.589
0.0216429
20.567
0.0222874
20.5607
0.0242748
20.572
0.0265685
20.5969
0.0314068
20.6276
0.0352745
20.6554
0.0314995
20.6587
0.0223668
20.6414
0.0132608
20.6167
0.00615928
20.5903
0.00224055
20.5688
0.00244712
20.5673
0.00619808
20.5802
0.012203
20.5972
0.0186013
20.615
0.0217889
20.6307
0.0200596
20.6304
0.0154676
20.6167
0.00818022
20.6001
0.00199979
20.5838
-0.00167321
20.5692
-0.00176189
20.5657
0.00189281
0.0102008
20.5861
0.0322781
20.5775
0.0302844
20.5711
0.028678
20.5681
0.0273299
20.5684
0.0261789
20.5746
0.0252484
20.5869
0.0230155
20.599
0.0193851
20.6047
0.0166911
20.603
0.0148976
20.5951
0.0140435
20.5839
0.0134726
20.5733
0.0130381
20.5664
0.0131104
20.5652
0.013377
20.5704
0.0134118
20.5796
0.0126011
20.589
0.0106313
20.5955
0.00902613
20.5958
0.00785529
20.5904
0.00741264
20.5812
0.0074879
20.5716
0.00786401
20.5649
0.00861353
0.00929842
20.5347
0.0292761
20.5381
0.0269282
20.5415
0.0252373
20.5448
0.0240157
20.548
0.0230256
20.5512
0.0220228
20.5533
0.020886
20.5535
0.0192224
20.553
0.0172406
20.5526
0.0152754
20.5532
0.013472
20.5545
0.0121456
20.556
0.0114864
20.5577
0.0114123
20.5594
0.0117483
20.5609
0.0118649
20.5618
0.0117435
20.561
0.011361
20.5599
0.0101623
20.5591
0.00861287
20.5588
0.00775418
20.5587
0.007562
20.559
0.00760677
20.5597
0.00784503
0.00896747
20.5012
0.0222329
20.5072
0.0209538
20.5121
0.0203395
20.5161
0.0199755
20.5194
0.019699
20.5223
0.0191026
20.5251
0.0180979
20.5277
0.0166207
20.5302
0.0147622
20.5324
0.0130784
20.5342
0.0116962
20.5354
0.010969
20.536
0.0108162
20.5366
0.0108551
20.5373
0.0110674
20.538
0.011104
20.5389
0.010856
20.5399
0.0103515
20.5409
0.00920631
20.5415
0.00801449
20.5418
0.00739723
20.5422
0.00723314
20.5425
0.00726749
20.5429
0.00747803
0.00809184
20.4803
0.0188776
20.4836
0.0175655
20.4874
0.0165805
20.4917
0.0157187
20.4962
0.0151575
20.5006
0.0147268
20.5044
0.0142333
20.5074
0.0136529
20.5093
0.0128659
20.5105
0.0118943
20.5113
0.010888
20.5123
0.00997412
20.5139
0.00923457
20.516
0.00877182
20.5185
0.00855127
20.521
0.00855506
20.5233
0.00855793
20.5252
0.0084417
20.5263
0.00816087
20.5265
0.00774812
20.5267
0.00722591
20.5271
0.00683178
20.5279
0.00647955
20.5289
0.00647393
0.00682341
20.4612
0.0135466
20.4663
0.0124909
20.4711
0.0117734
20.4756
0.0112029
20.4798
0.0110033
20.4835
0.0109653
20.4869
0.0108936
20.4897
0.0107864
20.4923
0.010298
20.4946
0.00959139
20.4968
0.00868443
20.499
0.00777897
20.5013
0.00698716
20.5035
0.00651344
20.5057
0.00639186
20.5078
0.00646015
20.5097
0.00668164
20.5112
0.00687426
20.5126
0.00676149
20.5138
0.00654259
20.5151
0.00595873
20.5165
0.00545505
20.518
0.00498824
20.5196
0.00478872
0.00504928
20.451
0.00848599
20.455
0.00843087
20.4585
0.00829914
20.4618
0.00790462
20.4653
0.00753285
20.4691
0.00712621
20.4734
0.00662856
20.4776
0.00656209
20.4815
0.00641293
20.4847
0.00638182
20.487
0.0063602
20.4886
0.00616307
20.4898
0.00582945
20.491
0.00532226
20.4926
0.00476208
20.4948
0.0042702
20.4976
0.0038354
20.5007
0.0037804
20.5038
0.00373378
20.5063
0.00396784
20.5081
0.00419955
20.5093
0.00425327
20.51
0.00429955
20.5107
0.00411097
0.00381775
20.4419
0.00337812
20.4466
0.00370686
20.4512
0.00375359
20.4551
0.0039124
20.4587
0.00400076
20.462
0.00380814
20.465
0.00360021
20.4681
0.00350639
20.4712
0.00330191
20.4744
0.00313521
20.4776
0.00316243
20.4807
0.00309587
20.4836
0.00294137
20.4861
0.00284836
20.4882
0.00257696
20.4902
0.00228204
20.492
0.00205584
20.4939
0.00187616
20.4959
0.00179092
20.498
0.00181999
20.5003
0.00195007
20.5025
0.00204913
20.5046
0.00213552
20.5066
0.00217344
0.00202905
20.439
20.4427
20.4464
20.4503
20.4543
20.4581
20.4617
20.4652
20.4685
20.4717
20.4748
20.4779
20.4809
20.4837
20.4863
20.4886
20.4906
20.4925
20.4943
20.4961
20.4981
20.5001
20.5023
20.5044
)
;

boundaryField
{
    inlet
    {
        type            calculated;
        value           nonuniform List<scalar> 
15
(
-33.3333
-33.3333
-33.3333
-33.3333
-33.3333
-33.3333
-33.3333
-33.3333
-33.3333
-33.3333
-33.3333
-33.3333
-33.3333
-33.3333
-33.3333
)
;
    }
    outlet
    {
        type            calculated;
        value           nonuniform List<scalar> 
25
(
20.4968
20.4986
20.5059
20.513
20.5238
20.5376
20.5521
20.5854
20.5992
20.6641
20.7909
17.2566
12.9525
17.2938
20.7538
20.6557
20.5724
20.5658
20.5601
20.5437
20.5302
20.5214
20.5119
20.5084
20.5065
)
;
    }
    top
    {
        type            calculated;
        value           uniform 0;
    }
    bottom
    {
        type            calculated;
        value           uniform 0;
    }
    cylinder
    {
        type            calculated;
        value           uniform 0;
    }
    sides
    {
        type            empty;
        value           nonuniform 0();
    }
}


// ************************************************************************* //
