# Force coefficients
# liftDir    : (0.000000e+00 1.000000e+00 0.000000e+00)
# dragDir    : (1.000000e+00 0.000000e+00 0.000000e+00)
# pitchAxis  : (0.000000e+00 0.000000e+00 1.000000e+00)
# magUInf    : 1.000000e+00
# lRef       : 1.000000e+00
# Aref       : 2.000000e+00
# CofR       : (0.000000e+00 0.000000e+00 0.000000e+00)
# Time       	Cm           	Cd           	Cl           	Cl(f)        	Cl(r)        	Cm	Cd	Cl	Cl(f)	Cl(r)
1.000000e-02	-8.088423e-08	-1.508419e+02	2.527155e-01	1.263577e-01	1.263578e-01
2.000000e-02	-1.330313e-08	-7.260711e-01	-5.365348e-03	-2.682687e-03	-2.682661e-03
3.000000e-02	-8.048648e-09	2.015010e+00	-7.947215e-03	-3.973616e-03	-3.973600e-03
4.000000e-02	-7.998310e-09	3.579192e+00	-7.412165e-03	-3.706091e-03	-3.706075e-03
5.000000e-02	-8.951723e-09	4.646248e+00	-7.293123e-03	-3.646571e-03	-3.646553e-03
6.000000e-02	-1.488676e-09	5.511514e+00	-1.005434e-02	-5.027170e-03	-5.027167e-03
7.000000e-02	2.846971e-09	6.332534e+00	-3.355955e-03	-1.677975e-03	-1.677980e-03
8.000000e-02	4.219242e-09	7.237454e+00	-8.362317e-03	-4.181154e-03	-4.181163e-03
9.000000e-02	4.248876e-09	8.325653e+00	-6.351406e-03	-3.175699e-03	-3.175707e-03
1.000000e-01	1.527791e-09	9.639678e+00	-9.175857e-03	-4.587927e-03	-4.587930e-03
1.100000e-01	1.423793e-09	1.095776e+01	-8.132324e-03	-4.066160e-03	-4.066163e-03
1.200000e-01	-3.972059e-10	1.273339e+01	-2.959904e-03	-1.479952e-03	-1.479952e-03
1.300000e-01	-4.278058e-12	1.469812e+01	-1.197096e-02	-5.985478e-03	-5.985478e-03
1.400000e-01	4.170258e-09	1.675649e+01	-1.665773e-02	-8.328859e-03	-8.328867e-03
1.500000e-01	1.153955e-08	1.898410e+01	-1.164477e-02	-5.822374e-03	-5.822397e-03
1.600000e-01	2.254229e-08	2.135535e+01	-8.480566e-03	-4.240260e-03	-4.240305e-03
1.700000e-01	1.477552e-08	2.383935e+01	-8.389644e-03	-4.194807e-03	-4.194837e-03
1.800000e-01	3.860905e-08	2.653754e+01	-4.883204e-03	-2.441563e-03	-2.441641e-03
1.900000e-01	3.611698e-08	2.973165e+01	-8.099272e-03	-4.049600e-03	-4.049672e-03
2.000000e-01	3.455389e-08	3.324364e+01	-1.183633e-02	-5.918133e-03	-5.918202e-03
2.100000e-01	5.156072e-08	3.670471e+01	-1.110795e-02	-5.553924e-03	-5.554027e-03
2.200000e-01	3.200903e-08	4.008027e+01	-8.517759e-03	-4.258848e-03	-4.258912e-03
2.300000e-01	2.199941e-08	4.356909e+01	-7.852978e-03	-3.926467e-03	-3.926511e-03
2.400000e-01	4.957698e-08	4.717815e+01	-8.304745e-03	-4.152323e-03	-4.152422e-03
2.500000e-01	5.817554e-08	5.038297e+01	-7.975646e-03	-3.987765e-03	-3.987881e-03
2.600000e-01	3.924946e-08	5.284221e+01	-7.601623e-03	-3.800772e-03	-3.800851e-03
2.700000e-01	6.148343e-10	5.515006e+01	-3.459495e-03	-1.729747e-03	-1.729748e-03
2.800000e-01	2.936448e-08	5.698928e+01	-6.184817e-03	-3.092379e-03	-3.092438e-03
2.900000e-01	-9.288667e-08	5.856814e+01	-3.148482e-04	-1.575170e-04	-1.573312e-04
3.000000e-01	1.288271e-08	5.963119e+01	-6.540303e-03	-3.270139e-03	-3.270164e-03
3.100000e-01	-2.927840e-08	6.013465e+01	-6.761220e-03	-3.380639e-03	-3.380581e-03
3.200000e-01	3.282964e-09	6.060268e+01	-6.964596e-03	-3.482295e-03	-3.482301e-03
3.300000e-01	-3.722973e-09	6.063646e+01	-8.707019e-03	-4.353513e-03	-4.353506e-03
3.400000e-01	8.966761e-09	6.040116e+01	-4.545187e-03	-2.272584e-03	-2.272602e-03
3.500000e-01	-1.988693e-08	6.020905e+01	-6.792112e-03	-3.396076e-03	-3.396036e-03
3.600000e-01	-4.328076e-08	5.964624e+01	-8.309863e-03	-4.154975e-03	-4.154888e-03
3.700000e-01	-4.281271e-08	5.927321e+01	-9.820804e-03	-4.910445e-03	-4.910359e-03
3.800000e-01	-4.746755e-08	5.860124e+01	-9.417235e-03	-4.708665e-03	-4.708570e-03
3.900000e-01	-9.609871e-08	5.778357e+01	-6.073165e-03	-3.036678e-03	-3.036486e-03
4.000000e-01	-6.686180e-08	5.685754e+01	-1.061647e-02	-5.308303e-03	-5.308170e-03
4.100000e-01	-5.127339e-08	5.594957e+01	-1.032987e-02	-5.164985e-03	-5.164883e-03
4.200000e-01	-2.582027e-08	5.493032e+01	-8.385539e-03	-4.192795e-03	-4.192744e-03
4.300000e-01	-4.733630e-08	5.391460e+01	-9.937682e-03	-4.968889e-03	-4.968794e-03
4.400000e-01	-5.354460e-08	5.288474e+01	-1.061002e-02	-5.305062e-03	-5.304955e-03
4.500000e-01	-3.798350e-08	5.185780e+01	-9.794574e-03	-4.897325e-03	-4.897249e-03
4.600000e-01	-2.842024e-08	5.109049e+01	-8.924262e-03	-4.462159e-03	-4.462102e-03
4.700000e-01	-6.104260e-08	5.035127e+01	-1.435102e-02	-7.175572e-03	-7.175450e-03
4.800000e-01	-3.538656e-08	4.961714e+01	-1.003340e-02	-5.016734e-03	-5.016663e-03
4.900000e-01	-2.521715e-08	4.901828e+01	-7.619811e-03	-3.809931e-03	-3.809880e-03
5.000000e-01	-2.087012e-08	4.861459e+01	-1.001050e-02	-5.005269e-03	-5.005227e-03
5.100000e-01	-6.225065e-08	4.838160e+01	-1.774758e-02	-8.873852e-03	-8.873727e-03
5.200000e-01	-2.958513e-07	4.839645e+01	-8.087798e-02	-4.043929e-02	-4.043870e-02
5.300000e-01	-4.137408e-07	4.857607e+01	-1.197864e-01	-5.989360e-02	-5.989278e-02
5.400000e-01	-8.749844e-08	4.874944e+01	-1.433910e-02	-7.169638e-03	-7.169463e-03
5.500000e-01	-1.051684e-07	4.891258e+01	-9.141720e-03	-4.570965e-03	-4.570755e-03
5.600000e-01	-1.183223e-07	4.892531e+01	-1.224542e-02	-6.122826e-03	-6.122590e-03
5.700000e-01	-1.362764e-07	4.881187e+01	-1.094722e-02	-5.473744e-03	-5.473472e-03
5.800000e-01	-1.389584e-07	4.865923e+01	-1.238639e-02	-6.193335e-03	-6.193057e-03
5.900000e-01	-1.436095e-07	4.846393e+01	-1.124444e-02	-5.622365e-03	-5.622078e-03
6.000000e-01	-1.464408e-07	4.831954e+01	-1.070504e-02	-5.352667e-03	-5.352374e-03
6.100000e-01	-1.289098e-07	4.836581e+01	-9.983146e-03	-4.991702e-03	-4.991444e-03
6.200000e-01	-1.016440e-07	4.867260e+01	-9.618566e-03	-4.809385e-03	-4.809181e-03
6.300000e-01	-6.690074e-08	4.908623e+01	-7.132603e-03	-3.566368e-03	-3.566235e-03
6.400000e-01	-7.960522e-08	4.963548e+01	-1.370706e-02	-6.853608e-03	-6.853449e-03
6.500000e-01	-4.303046e-08	5.026713e+01	-8.799492e-03	-4.399789e-03	-4.399703e-03
6.600000e-01	-6.649708e-08	5.102313e+01	-1.240084e-02	-6.200488e-03	-6.200355e-03
6.700000e-01	-6.845061e-08	5.184639e+01	-7.546939e-03	-3.773538e-03	-3.773401e-03
6.800000e-01	-9.315764e-08	5.264275e+01	-1.041544e-02	-5.207811e-03	-5.207625e-03
6.900000e-01	-1.057546e-07	5.345304e+01	-1.241806e-02	-6.209137e-03	-6.208925e-03
7.000000e-01	-1.209271e-07	5.421655e+01	-1.417560e-02	-7.087921e-03	-7.087679e-03
7.100000e-01	-1.605137e-07	5.486892e+01	-1.201923e-02	-6.009774e-03	-6.009453e-03
7.200000e-01	-1.768896e-07	5.538563e+01	-1.107854e-02	-5.539447e-03	-5.539094e-03
7.300000e-01	-1.711919e-07	5.574269e+01	-1.006072e-02	-5.030530e-03	-5.030187e-03
7.400000e-01	-1.455519e-07	5.584333e+01	-7.736256e-03	-3.868274e-03	-3.867983e-03
7.500000e-01	-1.180978e-07	5.579804e+01	-6.200484e-03	-3.100360e-03	-3.100124e-03
7.600000e-01	-6.114432e-08	5.560262e+01	-4.513752e-03	-2.256937e-03	-2.256815e-03
7.700000e-01	-1.419636e-08	5.538481e+01	-4.096007e-03	-2.048018e-03	-2.047989e-03
7.800000e-01	4.896649e-08	5.514137e+01	-4.971279e-03	-2.485591e-03	-2.485689e-03
7.900000e-01	8.685929e-08	5.487810e+01	-5.845730e-03	-2.922778e-03	-2.922952e-03
8.000000e-01	1.247873e-07	5.474761e+01	-7.433205e-03	-3.716478e-03	-3.716727e-03
8.100000e-01	1.116251e-07	5.474925e+01	-1.130976e-02	-5.654769e-03	-5.654992e-03
8.200000e-01	1.614344e-07	5.486857e+01	-8.638423e-03	-4.319050e-03	-4.319373e-03
8.300000e-01	1.825766e-07	5.507774e+01	-8.931170e-03	-4.465403e-03	-4.465768e-03
8.400000e-01	2.456726e-07	5.541193e+01	-2.008355e-03	-1.003932e-03	-1.004423e-03
8.500000e-01	2.566507e-07	5.577798e+01	-3.419923e-04	-1.707395e-04	-1.712528e-04
8.600000e-01	2.401936e-07	5.612282e+01	-1.516115e-03	-7.578172e-04	-7.582976e-04
8.700000e-01	2.718835e-07	5.643363e+01	1.909421e-03	9.549823e-04	9.544386e-04
8.800000e-01	2.761723e-07	5.671291e+01	1.126606e-03	5.635794e-04	5.630270e-04
8.900000e-01	2.440711e-07	5.689873e+01	6.489336e-03	3.244912e-03	3.244424e-03
9.000000e-01	2.067284e-07	5.703832e+01	6.999566e-03	3.499990e-03	3.499576e-03
9.100000e-01	1.518508e-07	5.714794e+01	7.481997e-03	3.741151e-03	3.740847e-03
9.200000e-01	8.116512e-08	5.710560e+01	7.311453e-03	3.655808e-03	3.655645e-03
9.300000e-01	2.960621e-08	5.705344e+01	7.358008e-03	3.679033e-03	3.678974e-03
9.400000e-01	-1.734376e-08	5.700918e+01	6.385165e-03	3.192565e-03	3.192600e-03
9.500000e-01	-3.469797e-08	5.694812e+01	3.993260e-03	1.996596e-03	1.996665e-03
9.600000e-01	1.139626e-09	5.689195e+01	7.759546e-03	3.879774e-03	3.879772e-03
9.700000e-01	6.357776e-08	5.675247e+01	9.135902e-03	4.568015e-03	4.567888e-03
9.800000e-01	1.427435e-07	5.661111e+01	1.199576e-02	5.998024e-03	5.997739e-03
9.900000e-01	2.524113e-07	5.651416e+01	1.318762e-02	6.594062e-03	6.593557e-03
1.000000e+00	3.236283e-07	5.644791e+01	1.980125e-02	9.900951e-03	9.900304e-03
1.010000e+00	4.041483e-07	5.642045e+01	2.860368e-02	1.430224e-02	1.430144e-02
1.020000e+00	4.324286e-07	5.643035e+01	3.058811e-02	1.529449e-02	1.529362e-02
1.030000e+00	4.281014e-07	5.640284e+01	3.856236e-02	1.928161e-02	1.928075e-02
1.040000e+00	3.848427e-07	5.637195e+01	4.708488e-02	2.354282e-02	2.354206e-02
1.050000e+00	3.250763e-07	5.633616e+01	5.087121e-02	2.543593e-02	2.543528e-02
1.060000e+00	2.220772e-07	5.623787e+01	5.307071e-02	2.653558e-02	2.653513e-02
1.070000e+00	1.419832e-07	5.610286e+01	5.692213e-02	2.846121e-02	2.846093e-02
1.080000e+00	6.442985e-08	5.595510e+01	6.216289e-02	3.108151e-02	3.108138e-02
1.090000e+00	2.435979e-08	5.581892e+01	6.064794e-02	3.032400e-02	3.032395e-02
1.100000e+00	-1.123984e-08	5.568782e+01	6.525678e-02	3.262838e-02	3.262840e-02
1.110000e+00	1.398663e-08	5.553425e+01	5.670965e-02	2.835484e-02	2.835481e-02
1.120000e+00	5.109185e-08	5.536739e+01	6.393314e-02	3.196662e-02	3.196652e-02
1.130000e+00	7.832023e-08	5.526617e+01	6.456173e-02	3.228094e-02	3.228079e-02
1.140000e+00	1.223085e-07	5.521673e+01	6.903030e-02	3.451527e-02	3.451503e-02
1.150000e+00	2.222862e-07	5.528573e+01	6.987135e-02	3.493590e-02	3.493545e-02
1.160000e+00	3.026110e-07	5.537690e+01	6.674280e-02	3.337170e-02	3.337110e-02
1.170000e+00	3.972811e-07	5.549808e+01	6.984647e-02	3.492363e-02	3.492284e-02
1.180000e+00	5.039538e-07	5.559954e+01	7.261830e-02	3.630965e-02	3.630864e-02
1.190000e+00	5.759486e-07	5.565159e+01	7.708149e-02	3.854132e-02	3.854017e-02
1.200000e+00	6.373002e-07	5.567223e+01	8.149084e-02	4.074606e-02	4.074478e-02
1.210000e+00	6.546269e-07	5.566555e+01	8.266100e-02	4.133115e-02	4.132985e-02
1.220000e+00	6.381431e-07	5.561747e+01	8.742284e-02	4.371206e-02	4.371078e-02
1.230000e+00	6.407674e-07	5.549389e+01	9.357186e-02	4.678657e-02	4.678529e-02
1.240000e+00	7.271659e-07	5.527197e+01	1.168672e-01	5.843434e-02	5.843289e-02
1.250000e+00	6.354776e-07	5.505375e+01	1.052134e-01	5.260733e-02	5.260606e-02
1.260000e+00	6.185045e-07	5.477333e+01	1.011215e-01	5.056138e-02	5.056014e-02
1.270000e+00	6.331941e-07	5.443838e+01	1.098883e-01	5.494478e-02	5.494351e-02
1.280000e+00	6.518944e-07	5.411606e+01	1.031384e-01	5.156984e-02	5.156853e-02
1.290000e+00	6.668202e-07	5.376309e+01	1.034284e-01	5.171488e-02	5.171355e-02
1.300000e+00	7.154651e-07	5.340997e+01	1.006932e-01	5.034730e-02	5.034587e-02
1.310000e+00	7.635580e-07	5.309330e+01	9.797570e-02	4.898861e-02	4.898708e-02
1.320000e+00	8.207645e-07	5.277011e+01	9.602734e-02	4.801449e-02	4.801285e-02
1.330000e+00	8.999450e-07	5.248907e+01	9.612368e-02	4.806274e-02	4.806094e-02
1.340000e+00	9.754269e-07	5.223376e+01	9.191361e-02	4.595778e-02	4.595583e-02
1.350000e+00	1.086610e-06	5.205726e+01	9.299655e-02	4.649936e-02	4.649719e-02
1.360000e+00	1.217281e-06	5.185159e+01	9.723770e-02	4.862007e-02	4.861763e-02
1.370000e+00	1.253335e-06	5.168272e+01	9.851356e-02	4.925803e-02	4.925553e-02
1.380000e+00	1.309983e-06	5.155702e+01	1.013020e-01	5.065229e-02	5.064967e-02
1.390000e+00	1.377356e-06	5.144666e+01	9.855813e-02	4.928044e-02	4.927769e-02
1.400000e+00	1.426520e-06	5.134116e+01	1.065771e-01	5.328995e-02	5.328710e-02
1.410000e+00	1.455625e-06	5.123970e+01	1.121932e-01	5.609807e-02	5.609516e-02
1.420000e+00	1.471056e-06	5.112681e+01	1.171045e-01	5.855370e-02	5.855076e-02
1.430000e+00	1.488313e-06	5.099401e+01	1.162761e-01	5.813952e-02	5.813655e-02
1.440000e+00	1.477508e-06	5.083815e+01	1.126427e-01	5.632281e-02	5.631986e-02
1.450000e+00	1.480981e-06	5.064417e+01	1.156887e-01	5.784583e-02	5.784287e-02
1.460000e+00	1.484655e-06	5.042860e+01	1.140893e-01	5.704616e-02	5.704319e-02
1.470000e+00	1.523981e-06	5.022062e+01	1.078253e-01	5.391416e-02	5.391111e-02
1.480000e+00	1.567625e-06	5.006051e+01	1.095113e-01	5.475720e-02	5.475407e-02
1.490000e+00	1.548822e-06	4.990046e+01	1.148428e-01	5.742293e-02	5.741983e-02
1.500000e+00	1.654492e-06	4.976142e+01	1.025652e-01	5.128424e-02	5.128093e-02
1.510000e+00	1.726796e-06	4.965281e+01	1.002837e-01	5.014356e-02	5.014010e-02
1.520000e+00	1.729396e-06	4.956917e+01	9.102989e-02	4.551667e-02	4.551321e-02
1.530000e+00	1.783773e-06	4.949634e+01	8.789615e-02	4.394986e-02	4.394629e-02
1.540000e+00	1.836224e-06	4.945439e+01	8.137484e-02	4.068926e-02	4.068559e-02
1.550000e+00	1.863652e-06	4.941764e+01	7.698074e-02	3.849224e-02	3.848851e-02
1.560000e+00	1.970049e-06	4.938544e+01	7.288711e-02	3.644553e-02	3.644159e-02
1.570000e+00	2.028820e-06	4.932946e+01	6.949870e-02	3.475138e-02	3.474732e-02
1.580000e+00	2.053285e-06	4.926512e+01	6.581573e-02	3.290992e-02	3.290581e-02
1.590000e+00	2.147580e-06	4.915768e+01	6.426054e-02	3.213242e-02	3.212812e-02
1.600000e+00	2.060826e-06	4.903092e+01	5.927989e-02	2.964200e-02	2.963788e-02
1.610000e+00	1.997005e-06	4.886461e+01	5.583812e-02	2.792106e-02	2.791707e-02
1.620000e+00	1.901701e-06	4.868393e+01	4.926437e-02	2.463408e-02	2.463028e-02
1.630000e+00	1.768253e-06	4.845548e+01	4.201475e-02	2.100914e-02	2.100561e-02
1.640000e+00	1.615144e-06	4.824084e+01	3.624730e-02	1.812526e-02	1.812203e-02
1.650000e+00	1.445645e-06	4.803528e+01	2.642051e-02	1.321170e-02	1.320881e-02
1.660000e+00	1.298935e-06	4.785952e+01	2.037666e-02	1.018963e-02	1.018703e-02
1.670000e+00	1.182248e-06	4.768894e+01	1.286694e-02	6.434653e-03	6.432288e-03
1.680000e+00	1.093115e-06	4.758232e+01	6.751715e-03	3.376950e-03	3.374764e-03
1.690000e+00	1.027827e-06	4.752496e+01	2.090840e-03	1.046448e-03	1.044392e-03
1.700000e+00	9.425366e-07	4.749798e+01	-2.823470e-05	-1.317481e-05	-1.505989e-05
1.710000e+00	8.920847e-07	4.749791e+01	-6.990081e-03	-3.494148e-03	-3.495933e-03
1.720000e+00	7.835427e-07	4.749159e+01	-1.225180e-02	-6.125119e-03	-6.126686e-03
1.730000e+00	6.409648e-07	4.749919e+01	-2.075615e-02	-1.037744e-02	-1.037872e-02
1.740000e+00	4.777266e-07	4.751729e+01	-2.837145e-02	-1.418525e-02	-1.418620e-02
1.750000e+00	3.417561e-07	4.753291e+01	-3.860461e-02	-1.930196e-02	-1.930265e-02
1.760000e+00	1.985111e-07	4.753549e+01	-5.077481e-02	-2.538721e-02	-2.538760e-02
1.770000e+00	4.531543e-08	4.749493e+01	-6.420956e-02	-3.210474e-02	-3.210483e-02
1.780000e+00	-8.738369e-08	4.743313e+01	-8.220731e-02	-4.110374e-02	-4.110357e-02
1.790000e+00	-2.294061e-07	4.734900e+01	-9.872461e-02	-4.936253e-02	-4.936207e-02
1.800000e+00	-3.445190e-07	4.723027e+01	-1.169284e-01	-5.846453e-02	-5.846385e-02
1.810000e+00	-4.327219e-07	4.708973e+01	-1.336359e-01	-6.681840e-02	-6.681753e-02
1.820000e+00	-5.210735e-07	4.692408e+01	-1.519386e-01	-7.596982e-02	-7.596878e-02
1.830000e+00	-5.560121e-07	4.675422e+01	-1.688417e-01	-8.442140e-02	-8.442029e-02
1.840000e+00	-5.968733e-07	4.656763e+01	-1.835350e-01	-9.176811e-02	-9.176692e-02
1.850000e+00	-6.361624e-07	4.636051e+01	-1.961840e-01	-9.809265e-02	-9.809138e-02
1.860000e+00	-6.867812e-07	4.613461e+01	-2.056018e-01	-1.028016e-01	-1.028002e-01
1.870000e+00	-7.479137e-07	4.593508e+01	-2.124020e-01	-1.062017e-01	-1.062003e-01
1.880000e+00	-8.265299e-07	4.570562e+01	-2.219937e-01	-1.109977e-01	-1.109960e-01
1.890000e+00	-9.198989e-07	4.548456e+01	-2.202509e-01	-1.101264e-01	-1.101245e-01
1.900000e+00	-1.114883e-06	4.529107e+01	-2.352645e-01	-1.176334e-01	-1.176312e-01
1.910000e+00	-1.402415e-06	4.510275e+01	-2.421503e-01	-1.210765e-01	-1.210737e-01
1.920000e+00	-1.787887e-06	4.493821e+01	-2.577761e-01	-1.288898e-01	-1.288863e-01
1.930000e+00	-2.227937e-06	4.478585e+01	-2.763161e-01	-1.381603e-01	-1.381558e-01
1.940000e+00	-2.647749e-06	4.464864e+01	-2.966699e-01	-1.483376e-01	-1.483323e-01
1.950000e+00	-2.984810e-06	4.451909e+01	-3.220852e-01	-1.610456e-01	-1.610396e-01
1.960000e+00	-3.204309e-06	4.440463e+01	-3.465507e-01	-1.732785e-01	-1.732721e-01
1.970000e+00	-3.316316e-06	4.428858e+01	-3.733805e-01	-1.866936e-01	-1.866869e-01
1.980000e+00	-3.350535e-06	4.417511e+01	-3.978724e-01	-1.989395e-01	-1.989328e-01
1.990000e+00	-3.348039e-06	4.403487e+01	-4.193295e-01	-2.096681e-01	-2.096614e-01
2.000000e+00	-3.336376e-06	4.391013e+01	-4.378559e-01	-2.189313e-01	-2.189246e-01
2.010000e+00	-3.325614e-06	4.375920e+01	-4.496903e-01	-2.248485e-01	-2.248418e-01
2.020000e+00	-3.350520e-06	4.360241e+01	-4.703757e-01	-2.351912e-01	-2.351845e-01
2.030000e+00	-3.428994e-06	4.342139e+01	-4.756508e-01	-2.378288e-01	-2.378220e-01
2.040000e+00	-3.582515e-06	4.323025e+01	-4.876276e-01	-2.438174e-01	-2.438102e-01
2.050000e+00	-3.814155e-06	4.303379e+01	-5.034923e-01	-2.517500e-01	-2.517424e-01
2.060000e+00	-4.126170e-06	4.283686e+01	-5.155507e-01	-2.577795e-01	-2.577712e-01
2.070000e+00	-4.471765e-06	4.264117e+01	-5.319190e-01	-2.659640e-01	-2.659550e-01
2.080000e+00	-4.825314e-06	4.244398e+01	-5.462446e-01	-2.731271e-01	-2.731175e-01
2.090000e+00	-5.127628e-06	4.225216e+01	-5.635952e-01	-2.818027e-01	-2.817925e-01
2.100000e+00	-5.328646e-06	4.207869e+01	-5.808281e-01	-2.904194e-01	-2.904087e-01
2.110000e+00	-5.625450e-06	4.190542e+01	-6.032895e-01	-3.016504e-01	-3.016391e-01
2.120000e+00	-5.859861e-06	4.175378e+01	-6.248060e-01	-3.124089e-01	-3.123972e-01
2.130000e+00	-6.044747e-06	4.162465e+01	-6.493359e-01	-3.246740e-01	-3.246619e-01
2.140000e+00	-6.173137e-06	4.151221e+01	-6.720742e-01	-3.360433e-01	-3.360309e-01
2.150000e+00	-6.300285e-06	4.140389e+01	-6.864571e-01	-3.432349e-01	-3.432223e-01
2.160000e+00	-6.404492e-06	4.131710e+01	-7.249092e-01	-3.624610e-01	-3.624482e-01
2.170000e+00	-7.084260e-06	4.123132e+01	-8.275988e-01	-4.138065e-01	-4.137923e-01
2.180000e+00	-7.505921e-06	4.112237e+01	-8.827208e-01	-4.413679e-01	-4.413529e-01
2.190000e+00	-7.259207e-06	4.102523e+01	-8.459909e-01	-4.230027e-01	-4.229882e-01
2.200000e+00	-6.757273e-06	4.094302e+01	-7.835767e-01	-3.917951e-01	-3.917816e-01
2.210000e+00	-6.606943e-06	4.085852e+01	-7.568693e-01	-3.784413e-01	-3.784281e-01
2.220000e+00	-6.708983e-06	4.074660e+01	-7.493747e-01	-3.746940e-01	-3.746806e-01
2.230000e+00	-7.052602e-06	4.060709e+01	-7.511186e-01	-3.755663e-01	-3.755522e-01
2.240000e+00	-7.414238e-06	4.045085e+01	-7.466701e-01	-3.733425e-01	-3.733277e-01
2.250000e+00	-7.776077e-06	4.027836e+01	-7.423424e-01	-3.711790e-01	-3.711634e-01
2.260000e+00	-8.160313e-06	4.009187e+01	-7.352762e-01	-3.676463e-01	-3.676299e-01
2.270000e+00	-8.565407e-06	3.990390e+01	-7.341887e-01	-3.671029e-01	-3.670858e-01
2.280000e+00	-8.951259e-06	3.970953e+01	-7.364953e-01	-3.682566e-01	-3.682387e-01
2.290000e+00	-9.308174e-06	3.951596e+01	-7.413910e-01	-3.707048e-01	-3.706862e-01
2.300000e+00	-9.531299e-06	3.932820e+01	-7.378022e-01	-3.689106e-01	-3.688916e-01
2.310000e+00	-9.787228e-06	3.915062e+01	-7.420088e-01	-3.710142e-01	-3.709946e-01
2.320000e+00	-9.865353e-06	3.897595e+01	-7.535280e-01	-3.767739e-01	-3.767541e-01
2.330000e+00	-9.863687e-06	3.880579e+01	-7.592832e-01	-3.796515e-01	-3.796317e-01
2.340000e+00	-9.622767e-06	3.863801e+01	-7.599446e-01	-3.799819e-01	-3.799627e-01
2.350000e+00	-9.398645e-06	3.848212e+01	-7.659503e-01	-3.829845e-01	-3.829657e-01
2.360000e+00	-9.094277e-06	3.833983e+01	-7.643237e-01	-3.821710e-01	-3.821528e-01
2.370000e+00	-8.773215e-06	3.820803e+01	-7.588559e-01	-3.794367e-01	-3.794192e-01
2.380000e+00	-8.498008e-06	3.808813e+01	-7.496182e-01	-3.748176e-01	-3.748006e-01
2.390000e+00	-8.288565e-06	3.796766e+01	-7.407698e-01	-3.703932e-01	-3.703766e-01
2.400000e+00	-8.153516e-06	3.785430e+01	-7.339614e-01	-3.669889e-01	-3.669725e-01
2.410000e+00	-8.104452e-06	3.775132e+01	-7.217338e-01	-3.608750e-01	-3.608588e-01
2.420000e+00	-8.053362e-06	3.765403e+01	-7.067362e-01	-3.533762e-01	-3.533601e-01
2.430000e+00	-8.106747e-06	3.757580e+01	-6.898618e-01	-3.449390e-01	-3.449228e-01
2.440000e+00	-8.097158e-06	3.750793e+01	-6.729121e-01	-3.364641e-01	-3.364479e-01
2.450000e+00	-7.993422e-06	3.743445e+01	-6.516994e-01	-3.258577e-01	-3.258417e-01
2.460000e+00	-7.792355e-06	3.736442e+01	-6.244964e-01	-3.122560e-01	-3.122404e-01
2.470000e+00	-7.543684e-06	3.729596e+01	-5.996829e-01	-2.998490e-01	-2.998339e-01
2.480000e+00	-7.230511e-06	3.721455e+01	-5.685695e-01	-2.842920e-01	-2.842775e-01
2.490000e+00	-6.776577e-06	3.714081e+01	-5.348946e-01	-2.674541e-01	-2.674405e-01
2.500000e+00	-6.222941e-06	3.706520e+01	-5.050188e-01	-2.525156e-01	-2.525032e-01
2.510000e+00	-5.723697e-06	3.698669e+01	-4.752337e-01	-2.376226e-01	-2.376111e-01
2.520000e+00	-5.237282e-06	3.691120e+01	-4.494767e-01	-2.247436e-01	-2.247331e-01
2.530000e+00	-4.705768e-06	3.683075e+01	-4.312384e-01	-2.156239e-01	-2.156145e-01
2.540000e+00	-4.183625e-06	3.674319e+01	-4.190184e-01	-2.095134e-01	-2.095050e-01
2.550000e+00	-3.658156e-06	3.664267e+01	-4.094920e-01	-2.047497e-01	-2.047423e-01
2.560000e+00	-3.085175e-06	3.653633e+01	-4.031800e-01	-2.015931e-01	-2.015869e-01
2.570000e+00	-2.467628e-06	3.641391e+01	-3.994486e-01	-1.997268e-01	-1.997218e-01
2.580000e+00	-1.636011e-06	3.628408e+01	-3.933238e-01	-1.966636e-01	-1.966603e-01
2.590000e+00	-6.307410e-07	3.615496e+01	-3.747475e-01	-1.873744e-01	-1.873731e-01
2.600000e+00	7.799989e-07	3.602547e+01	-3.497810e-01	-1.748897e-01	-1.748913e-01
2.610000e+00	2.375795e-06	3.590133e+01	-3.117817e-01	-1.558885e-01	-1.558932e-01
2.620000e+00	4.120963e-06	3.579110e+01	-2.524828e-01	-1.262373e-01	-1.262455e-01
2.630000e+00	5.926003e-06	3.569535e+01	-1.783077e-01	-8.914794e-02	-8.915979e-02
2.640000e+00	7.730480e-06	3.561106e+01	-9.867788e-02	-4.933121e-02	-4.934667e-02
2.650000e+00	9.423513e-06	3.554727e+01	-1.051481e-02	-5.247982e-03	-5.266829e-03
2.660000e+00	1.102112e-05	3.549904e+01	8.099752e-02	4.050978e-02	4.048774e-02
2.670000e+00	1.234866e-05	3.545787e+01	1.707183e-01	8.537150e-02	8.534680e-02
2.680000e+00	1.331428e-05	3.541889e+01	2.567544e-01	1.283905e-01	1.283639e-01
2.690000e+00	1.394780e-05	3.537328e+01	3.322827e-01	1.661553e-01	1.661274e-01
2.700000e+00	1.442499e-05	3.531132e+01	3.946990e-01	1.973639e-01	1.973351e-01
2.710000e+00	1.481167e-05	3.523916e+01	4.398409e-01	2.199353e-01	2.199056e-01
2.720000e+00	1.529995e-05	3.514167e+01	4.601115e-01	2.300710e-01	2.300404e-01
2.730000e+00	1.599881e-05	3.503516e+01	4.737803e-01	2.369062e-01	2.368742e-01
2.740000e+00	1.705048e-05	3.491939e+01	4.601499e-01	2.300920e-01	2.300579e-01
2.750000e+00	1.849485e-05	3.479913e+01	4.361566e-01	2.180968e-01	2.180598e-01
2.760000e+00	2.036248e-05	3.468120e+01	4.026784e-01	2.013596e-01	2.013188e-01
2.770000e+00	2.259960e-05	3.456347e+01	3.708934e-01	1.854693e-01	1.854241e-01
2.780000e+00	2.535461e-05	3.445946e+01	3.528172e-01	1.764339e-01	1.763832e-01
2.790000e+00	2.818406e-05	3.437449e+01	3.369206e-01	1.684885e-01	1.684321e-01
2.800000e+00	3.096192e-05	3.430539e+01	3.354808e-01	1.677713e-01	1.677094e-01
2.810000e+00	3.344533e-05	3.425104e+01	3.397001e-01	1.698835e-01	1.698166e-01
2.820000e+00	3.543064e-05	3.421667e+01	3.563829e-01	1.782269e-01	1.781560e-01
2.830000e+00	3.681297e-05	3.419520e+01	3.845080e-01	1.922908e-01	1.922172e-01
2.840000e+00	3.765379e-05	3.415807e+01	4.091484e-01	2.046119e-01	2.045366e-01
2.850000e+00	3.808434e-05	3.411768e+01	4.476160e-01	2.238461e-01	2.237699e-01
2.860000e+00	3.824692e-05	3.407103e+01	4.965470e-01	2.483117e-01	2.482352e-01
2.870000e+00	3.844908e-05	3.401407e+01	5.564562e-01	2.782666e-01	2.781897e-01
2.880000e+00	3.891077e-05	3.394467e+01	6.289801e-01	3.145289e-01	3.144511e-01
2.890000e+00	3.967471e-05	3.385563e+01	7.066428e-01	3.533611e-01	3.532817e-01
2.900000e+00	4.059320e-05	3.376456e+01	7.974925e-01	3.987869e-01	3.987057e-01
2.910000e+00	4.175725e-05	3.368320e+01	8.983751e-01	4.492293e-01	4.491458e-01
2.920000e+00	4.294238e-05	3.360966e+01	9.965112e-01	4.982986e-01	4.982127e-01
2.930000e+00	4.411605e-05	3.354988e+01	1.088281e+00	5.441846e-01	5.440964e-01
2.940000e+00	4.504187e-05	3.351458e+01	1.175912e+00	5.880010e-01	5.879109e-01
2.950000e+00	4.574558e-05	3.349655e+01	1.247992e+00	6.240415e-01	6.239500e-01
2.960000e+00	4.622939e-05	3.349918e+01	1.304761e+00	6.524268e-01	6.523344e-01
2.970000e+00	4.665231e-05	3.351917e+01	1.347785e+00	6.739391e-01	6.738458e-01
2.980000e+00	4.709046e-05	3.354901e+01	1.375450e+00	6.877723e-01	6.876781e-01
2.990000e+00	4.777678e-05	3.359170e+01	1.389176e+00	6.946359e-01	6.945404e-01
3.000000e+00	4.862361e-05	3.363258e+01	1.392214e+00	6.961554e-01	6.960582e-01
3.010000e+00	4.950319e-05	3.366557e+01	1.382993e+00	6.915459e-01	6.914468e-01
3.020000e+00	5.032270e-05	3.368187e+01	1.369383e+00	6.847418e-01	6.846412e-01
3.030000e+00	5.103729e-05	3.368433e+01	1.344078e+00	6.720900e-01	6.719880e-01
3.040000e+00	5.165286e-05	3.366487e+01	1.314249e+00	6.571762e-01	6.570729e-01
3.050000e+00	5.196841e-05	3.362655e+01	1.286177e+00	6.431407e-01	6.430367e-01
3.060000e+00	5.213676e-05	3.356662e+01	1.258382e+00	6.292430e-01	6.291387e-01
3.070000e+00	5.192869e-05	3.348845e+01	1.234130e+00	6.171171e-01	6.170132e-01
3.080000e+00	5.149985e-05	3.340093e+01	1.209560e+00	6.048315e-01	6.047285e-01
3.090000e+00	5.089800e-05	3.330887e+01	1.188312e+00	5.942071e-01	5.941053e-01
3.100000e+00	5.013870e-05	3.321663e+01	1.166536e+00	5.833182e-01	5.832180e-01
3.110000e+00	4.925447e-05	3.313638e+01	1.146963e+00	5.735305e-01	5.734320e-01
3.120000e+00	4.817038e-05	3.306319e+01	1.128855e+00	5.644756e-01	5.643793e-01
3.130000e+00	4.675059e-05	3.300767e+01	1.113067e+00	5.565803e-01	5.564867e-01
3.140000e+00	4.502760e-05	3.297350e+01	1.098116e+00	5.491028e-01	5.490128e-01
3.150000e+00	4.306053e-05	3.294234e+01	1.072375e+00	5.362306e-01	5.361445e-01
3.160000e+00	4.091368e-05	3.291359e+01	1.040999e+00	5.205406e-01	5.204588e-01
3.170000e+00	3.867510e-05	3.288473e+01	9.976760e-01	4.988767e-01	4.987993e-01
3.180000e+00	3.632416e-05	3.283927e+01	9.408596e-01	4.704661e-01	4.703935e-01
3.190000e+00	3.391277e-05	3.278503e+01	8.753622e-01	4.377150e-01	4.376472e-01
3.200000e+00	3.130568e-05	3.270796e+01	8.027450e-01	4.014038e-01	4.013412e-01
3.210000e+00	2.871377e-05	3.261451e+01	7.208076e-01	3.604325e-01	3.603751e-01
3.220000e+00	2.621184e-05	3.250306e+01	6.271903e-01	3.136214e-01	3.135689e-01
3.230000e+00	2.384708e-05	3.237068e+01	5.376578e-01	2.688528e-01	2.688051e-01
3.240000e+00	2.171338e-05	3.223328e+01	4.445274e-01	2.222854e-01	2.222420e-01
3.250000e+00	1.976836e-05	3.208356e+01	3.524853e-01	1.762624e-01	1.762229e-01
3.260000e+00	1.789610e-05	3.193908e+01	2.731002e-01	1.365680e-01	1.365322e-01
3.270000e+00	1.593788e-05	3.179514e+01	1.902658e-01	9.514886e-02	9.511698e-02
3.280000e+00	1.387087e-05	3.167316e+01	1.035625e-01	5.179513e-02	5.176739e-02
3.290000e+00	1.164011e-05	3.157928e+01	9.305359e-03	4.664320e-03	4.641040e-03
3.300000e+00	9.251914e-06	3.151015e+01	-9.893568e-02	-4.945859e-02	-4.947709e-02
3.310000e+00	6.812043e-06	3.146683e+01	-2.253315e-01	-1.126589e-01	-1.126725e-01
3.320000e+00	4.344923e-06	3.144711e+01	-3.843955e-01	-1.921934e-01	-1.922021e-01
3.330000e+00	1.881980e-06	3.144634e+01	-5.706819e-01	-2.853390e-01	-2.853428e-01
3.340000e+00	-5.666320e-07	3.146418e+01	-7.912154e-01	-3.956083e-01	-3.956071e-01
3.350000e+00	-3.034963e-06	3.149516e+01	-1.039679e+00	-5.198426e-01	-5.198366e-01
3.360000e+00	-5.522645e-06	3.153663e+01	-1.315945e+00	-6.579780e-01	-6.579670e-01
3.370000e+00	-7.970806e-06	3.157157e+01	-1.609470e+00	-8.047428e-01	-8.047269e-01
3.380000e+00	-1.025001e-05	3.159740e+01	-1.913228e+00	-9.566241e-01	-9.566036e-01
3.390000e+00	-1.226001e-05	3.160938e+01	-2.223169e+00	-1.111597e+00	-1.111572e+00
3.400000e+00	-1.409071e-05	3.160129e+01	-2.527256e+00	-1.263642e+00	-1.263614e+00
3.410000e+00	-1.588392e-05	3.156568e+01	-2.818492e+00	-1.409262e+00	-1.409230e+00
3.420000e+00	-1.779378e-05	3.150670e+01	-3.096122e+00	-1.548079e+00	-1.548043e+00
3.430000e+00	-1.998252e-05	3.141644e+01	-3.357210e+00	-1.678625e+00	-1.678585e+00
3.440000e+00	-2.256664e-05	3.130701e+01	-3.599693e+00	-1.799869e+00	-1.799824e+00
3.450000e+00	-2.542453e-05	3.118271e+01	-3.829332e+00	-1.914692e+00	-1.914641e+00
3.460000e+00	-2.850329e-05	3.105500e+01	-4.044426e+00	-2.022241e+00	-2.022184e+00
3.470000e+00	-3.164939e-05	3.092269e+01	-4.248593e+00	-2.124328e+00	-2.124265e+00
3.480000e+00	-3.471283e-05	3.079731e+01	-4.445374e+00	-2.222722e+00	-2.222652e+00
3.490000e+00	-3.759009e-05	3.068515e+01	-4.641990e+00	-2.321033e+00	-2.320958e+00
3.500000e+00	-4.021291e-05	3.059227e+01	-4.844154e+00	-2.422117e+00	-2.422037e+00
3.510000e+00	-4.278029e-05	3.050881e+01	-5.053528e+00	-2.526807e+00	-2.526721e+00
3.520000e+00	-4.513609e-05	3.044061e+01	-5.280164e+00	-2.640127e+00	-2.640037e+00
3.530000e+00	-4.756945e-05	3.038595e+01	-5.511164e+00	-2.755629e+00	-2.755534e+00
3.540000e+00	-5.005355e-05	3.034644e+01	-5.760179e+00	-2.880140e+00	-2.880040e+00
3.550000e+00	-5.273717e-05	3.031455e+01	-6.029110e+00	-3.014608e+00	-3.014502e+00
3.560000e+00	-5.545529e-05	3.029206e+01	-6.312486e+00	-3.156298e+00	-3.156187e+00
3.570000e+00	-5.834278e-05	3.027375e+01	-6.613685e+00	-3.306901e+00	-3.306784e+00
3.580000e+00	-6.138936e-05	3.026543e+01	-6.926187e+00	-3.463155e+00	-3.463032e+00
3.590000e+00	-6.461580e-05	3.026513e+01	-7.256559e+00	-3.628344e+00	-3.628215e+00
3.600000e+00	-6.800968e-05	3.026611e+01	-7.597248e+00	-3.798692e+00	-3.798556e+00
3.610000e+00	-7.160068e-05	3.028142e+01	-7.955343e+00	-3.977743e+00	-3.977600e+00
3.620000e+00	-7.538112e-05	3.030029e+01	-8.324553e+00	-4.162352e+00	-4.162201e+00
3.630000e+00	-7.932108e-05	3.033819e+01	-8.701524e+00	-4.350841e+00	-4.350682e+00
3.640000e+00	-8.348513e-05	3.039088e+01	-9.094350e+00	-4.547259e+00	-4.547092e+00
3.650000e+00	-8.772888e-05	3.045673e+01	-9.495841e+00	-4.748008e+00	-4.747833e+00
3.660000e+00	-9.222612e-05	3.053965e+01	-9.904350e+00	-4.952267e+00	-4.952083e+00
3.670000e+00	-9.679327e-05	3.063053e+01	-1.032254e+01	-5.161367e+00	-5.161174e+00
3.680000e+00	-1.014526e-04	3.073491e+01	-1.073898e+01	-5.369592e+00	-5.369389e+00
3.690000e+00	-1.061164e-04	3.084806e+01	-1.114596e+01	-5.573084e+00	-5.572872e+00
3.700000e+00	-1.107322e-04	3.095771e+01	-1.155345e+01	-5.776838e+00	-5.776616e+00
3.710000e+00	-1.152052e-04	3.106650e+01	-1.196047e+01	-5.980352e+00	-5.980121e+00
3.720000e+00	-1.195096e-04	3.116873e+01	-1.234423e+01	-6.172234e+00	-6.171995e+00
3.730000e+00	-1.238188e-04	3.125639e+01	-1.274496e+01	-6.372602e+00	-6.372354e+00
3.740000e+00	-1.280119e-04	3.132262e+01	-1.313616e+01	-6.568209e+00	-6.567953e+00
3.750000e+00	-1.325410e-04	3.137416e+01	-1.354326e+01	-6.771760e+00	-6.771495e+00
3.760000e+00	-1.372571e-04	3.139809e+01	-1.395353e+01	-6.976904e+00	-6.976629e+00
3.770000e+00	-1.418530e-04	3.140522e+01	-1.437129e+01	-7.185788e+00	-7.185504e+00
3.780000e+00	-1.462517e-04	3.136950e+01	-1.479157e+01	-7.395934e+00	-7.395641e+00
3.790000e+00	-1.501054e-04	3.132009e+01	-1.522560e+01	-7.612952e+00	-7.612652e+00
3.800000e+00	-1.534001e-04	3.124606e+01	-1.566220e+01	-7.831253e+00	-7.830946e+00
3.810000e+00	-1.559323e-04	3.114937e+01	-1.609379e+01	-8.047049e+00	-8.046737e+00
3.820000e+00	-1.578261e-04	3.103473e+01	-1.649892e+01	-8.249617e+00	-8.249301e+00
3.830000e+00	-1.590587e-04	3.089832e+01	-1.687143e+01	-8.435874e+00	-8.435556e+00
3.840000e+00	-1.598794e-04	3.074903e+01	-1.722405e+01	-8.612183e+00	-8.611863e+00
3.850000e+00	-1.604110e-04	3.057991e+01	-1.752873e+01	-8.764527e+00	-8.764206e+00
3.860000e+00	-1.607270e-04	3.038696e+01	-1.778219e+01	-8.891254e+00	-8.890933e+00
3.870000e+00	-1.609154e-04	3.018699e+01	-1.799230e+01	-8.996308e+00	-8.995987e+00
3.880000e+00	-1.608980e-04	2.997400e+01	-1.814911e+01	-9.074714e+00	-9.074392e+00
3.890000e+00	-1.608020e-04	2.975004e+01	-1.824613e+01	-9.123224e+00	-9.122903e+00
3.900000e+00	-1.605667e-04	2.951712e+01	-1.828958e+01	-9.144953e+00	-9.144632e+00
3.910000e+00	-1.604213e-04	2.926903e+01	-1.827615e+01	-9.138234e+00	-9.137913e+00
3.920000e+00	-1.602196e-04	2.900850e+01	-1.824149e+01	-9.120904e+00	-9.120583e+00
3.930000e+00	-1.610946e-04	2.876698e+01	-1.812759e+01	-9.063957e+00	-9.063635e+00
3.940000e+00	-1.616586e-04	2.849118e+01	-1.799950e+01	-8.999910e+00	-8.999586e+00
3.950000e+00	-1.626047e-04	2.820683e+01	-1.784312e+01	-8.921724e+00	-8.921399e+00
3.960000e+00	-1.640565e-04	2.791524e+01	-1.764964e+01	-8.824982e+00	-8.824654e+00
3.970000e+00	-1.656196e-04	2.762481e+01	-1.743240e+01	-8.716365e+00	-8.716033e+00
3.980000e+00	-1.671549e-04	2.732909e+01	-1.718882e+01	-8.594577e+00	-8.594242e+00
3.990000e+00	-1.686598e-04	2.704891e+01	-1.692301e+01	-8.461672e+00	-8.461335e+00
4.000000e+00	-1.700742e-04	2.678529e+01	-1.662485e+01	-8.312595e+00	-8.312255e+00
4.010000e+00	-1.713869e-04	2.653652e+01	-1.628452e+01	-8.142431e+00	-8.142088e+00
4.020000e+00	-1.724512e-04	2.629822e+01	-1.591388e+01	-7.957111e+00	-7.956766e+00
4.030000e+00	-1.733759e-04	2.609264e+01	-1.548704e+01	-7.743695e+00	-7.743348e+00
4.040000e+00	-1.740614e-04	2.591689e+01	-1.502343e+01	-7.511889e+00	-7.511540e+00
4.050000e+00	-1.744008e-04	2.577325e+01	-1.452614e+01	-7.263246e+00	-7.262897e+00
4.060000e+00	-1.744936e-04	2.565794e+01	-1.398818e+01	-6.994265e+00	-6.993916e+00
4.070000e+00	-1.742842e-04	2.557017e+01	-1.340920e+01	-6.704776e+00	-6.704428e+00
4.080000e+00	-1.739099e-04	2.549200e+01	-1.280300e+01	-6.401673e+00	-6.401325e+00
4.090000e+00	-1.733489e-04	2.541459e+01	-1.214139e+01	-6.070867e+00	-6.070520e+00
4.100000e+00	-1.725036e-04	2.534261e+01	-1.144340e+01	-5.721874e+00	-5.721529e+00
4.110000e+00	-1.713021e-04	2.525731e+01	-1.069655e+01	-5.348447e+00	-5.348104e+00
4.120000e+00	-1.695830e-04	2.517421e+01	-9.900883e+00	-4.950611e+00	-4.950272e+00
4.130000e+00	-1.672152e-04	2.507992e+01	-9.045877e+00	-4.523106e+00	-4.522771e+00
4.140000e+00	-1.641424e-04	2.497009e+01	-8.142066e+00	-4.071197e+00	-4.070869e+00
4.150000e+00	-1.603630e-04	2.483488e+01	-7.172772e+00	-3.586547e+00	-3.586226e+00
4.160000e+00	-1.558019e-04	2.469812e+01	-6.127092e+00	-3.063702e+00	-3.063390e+00
4.170000e+00	-1.504727e-04	2.454083e+01	-5.012196e+00	-2.506249e+00	-2.505948e+00
4.180000e+00	-1.444827e-04	2.436554e+01	-3.846500e+00	-1.923395e+00	-1.923106e+00
4.190000e+00	-1.379285e-04	2.418787e+01	-2.622356e+00	-1.311316e+00	-1.311040e+00
4.200000e+00	-1.309510e-04	2.400876e+01	-1.351076e+00	-6.756688e-01	-6.754069e-01
4.210000e+00	-1.235881e-04	2.380878e+01	-1.599402e-02	-8.120597e-03	-7.873421e-03
4.220000e+00	-1.160968e-04	2.359490e+01	1.374869e+00	6.873186e-01	6.875508e-01
4.230000e+00	-1.084688e-04	2.338472e+01	2.820780e+00	1.410282e+00	1.410499e+00
4.240000e+00	-1.006306e-04	2.316552e+01	4.314063e+00	2.156931e+00	2.157132e+00
4.250000e+00	-9.256536e-05	2.294381e+01	5.871683e+00	2.935749e+00	2.935934e+00
4.260000e+00	-8.435886e-05	2.273771e+01	7.488730e+00	3.744281e+00	3.744449e+00
4.270000e+00	-7.568301e-05	2.253435e+01	9.166853e+00	4.583351e+00	4.583502e+00
4.280000e+00	-6.658941e-05	2.234122e+01	1.090200e+01	5.450933e+00	5.451066e+00
4.290000e+00	-5.678080e-05	2.216667e+01	1.272489e+01	6.362388e+00	6.362502e+00
4.300000e+00	-4.639150e-05	2.202368e+01	1.462056e+01	7.310235e+00	7.310327e+00
4.310000e+00	-3.531922e-05	2.189032e+01	1.660436e+01	8.302145e+00	8.302215e+00
4.320000e+00	-2.364184e-05	2.178840e+01	1.866319e+01	9.331569e+00	9.331616e+00
4.330000e+00	-1.115315e-05	2.170975e+01	2.081549e+01	1.040773e+01	1.040775e+01
4.340000e+00	1.836277e-06	2.167751e+01	2.303526e+01	1.151763e+01	1.151763e+01
4.350000e+00	1.572836e-05	2.166903e+01	2.538033e+01	1.269018e+01	1.269015e+01
4.360000e+00	2.989035e-05	2.168925e+01	2.775841e+01	1.387924e+01	1.387918e+01
4.370000e+00	4.473157e-05	2.174145e+01	3.024079e+01	1.512044e+01	1.512035e+01
4.380000e+00	6.015979e-05	2.182492e+01	3.278679e+01	1.639346e+01	1.639334e+01
4.390000e+00	7.620567e-05	2.194132e+01	3.536335e+01	1.768175e+01	1.768160e+01
4.400000e+00	9.236741e-05	2.209965e+01	3.799649e+01	1.899834e+01	1.899815e+01
4.410000e+00	1.090208e-04	2.229287e+01	4.068565e+01	2.034293e+01	2.034272e+01
4.420000e+00	1.264244e-04	2.249081e+01	4.343712e+01	2.171869e+01	2.171843e+01
4.430000e+00	1.439768e-04	2.273268e+01	4.618684e+01	2.309357e+01	2.309328e+01
4.440000e+00	1.619085e-04	2.302504e+01	4.893368e+01	2.446700e+01	2.446668e+01
4.450000e+00	1.806478e-04	2.333283e+01	5.168327e+01	2.584182e+01	2.584145e+01
4.460000e+00	2.001107e-04	2.369627e+01	5.438067e+01	2.719054e+01	2.719014e+01
4.470000e+00	2.209916e-04	2.415790e+01	5.712469e+01	2.856257e+01	2.856213e+01
4.480000e+00	2.426671e-04	2.468211e+01	5.978004e+01	2.989026e+01	2.988978e+01
4.490000e+00	2.652685e-04	2.526975e+01	6.245276e+01	3.122664e+01	3.122611e+01
4.500000e+00	2.891334e-04	2.593093e+01	6.515191e+01	3.257624e+01	3.257567e+01
4.510000e+00	3.122525e-04	2.666184e+01	6.774690e+01	3.387376e+01	3.387314e+01
4.520000e+00	3.358951e-04	2.749259e+01	7.034430e+01	3.517248e+01	3.517181e+01
4.530000e+00	3.591517e-04	2.839121e+01	7.283726e+01	3.641899e+01	3.641827e+01
4.540000e+00	3.812708e-04	2.939618e+01	7.532433e+01	3.766254e+01	3.766178e+01
4.550000e+00	4.023157e-04	3.045274e+01	7.777792e+01	3.888936e+01	3.888856e+01
4.560000e+00	4.226024e-04	3.158490e+01	8.016089e+01	4.008087e+01	4.008002e+01
4.570000e+00	4.418506e-04	3.276419e+01	8.244849e+01	4.122469e+01	4.122380e+01
4.580000e+00	4.602542e-04	3.398469e+01	8.454531e+01	4.227312e+01	4.227219e+01
4.590000e+00	4.781734e-04	3.522725e+01	8.658734e+01	4.329415e+01	4.329319e+01
4.600000e+00	4.951694e-04	3.659079e+01	8.857643e+01	4.428871e+01	4.428772e+01
4.610000e+00	5.108392e-04	3.800133e+01	9.038455e+01	4.519278e+01	4.519176e+01
4.620000e+00	5.255649e-04	3.945524e+01	9.205754e+01	4.602930e+01	4.602825e+01
4.630000e+00	5.401843e-04	4.086526e+01	9.355402e+01	4.677755e+01	4.677647e+01
4.640000e+00	5.543437e-04	4.237945e+01	9.490003e+01	4.745057e+01	4.744946e+01
4.650000e+00	5.682385e-04	4.397292e+01	9.598516e+01	4.799315e+01	4.799201e+01
4.660000e+00	5.816535e-04	4.564897e+01	9.695275e+01	4.847696e+01	4.847579e+01
4.670000e+00	5.928301e-04	4.734623e+01	9.759688e+01	4.879903e+01	4.879785e+01
4.680000e+00	6.033955e-04	4.905333e+01	9.815646e+01	4.907883e+01	4.907763e+01
4.690000e+00	6.129609e-04	5.077557e+01	9.846115e+01	4.923119e+01	4.922996e+01
4.700000e+00	6.216487e-04	5.252154e+01	9.868567e+01	4.934346e+01	4.934221e+01
4.710000e+00	6.285199e-04	5.433033e+01	9.859691e+01	4.929908e+01	4.929783e+01
4.720000e+00	6.339035e-04	5.603874e+01	9.820440e+01	4.910283e+01	4.910157e+01
4.730000e+00	6.382089e-04	5.773015e+01	9.754097e+01	4.877112e+01	4.876985e+01
4.740000e+00	6.413904e-04	5.932953e+01	9.662994e+01	4.831561e+01	4.831433e+01
4.750000e+00	6.431378e-04	6.091872e+01	9.543736e+01	4.771932e+01	4.771804e+01
4.760000e+00	6.438060e-04	6.252057e+01	9.388891e+01	4.694510e+01	4.694381e+01
4.770000e+00	6.435203e-04	6.397573e+01	9.204936e+01	4.602532e+01	4.602404e+01
4.780000e+00	6.424344e-04	6.543406e+01	8.979236e+01	4.489682e+01	4.489554e+01
4.790000e+00	6.399989e-04	6.668352e+01	8.711320e+01	4.355724e+01	4.355596e+01
4.800000e+00	6.375488e-04	6.799660e+01	8.410044e+01	4.205086e+01	4.204958e+01
4.810000e+00	6.334648e-04	6.926632e+01	8.073024e+01	4.036575e+01	4.036449e+01
4.820000e+00	6.285473e-04	7.035267e+01	7.696331e+01	3.848228e+01	3.848102e+01
4.830000e+00	6.222491e-04	7.132751e+01	7.286593e+01	3.643359e+01	3.643235e+01
4.840000e+00	6.143726e-04	7.219455e+01	6.845507e+01	3.422815e+01	3.422692e+01
4.850000e+00	6.069688e-04	7.300535e+01	6.355878e+01	3.177999e+01	3.177878e+01
4.860000e+00	5.980840e-04	7.364576e+01	5.838349e+01	2.919234e+01	2.919115e+01
4.870000e+00	5.888987e-04	7.414479e+01	5.280818e+01	2.640468e+01	2.640350e+01
4.880000e+00	5.778538e-04	7.448720e+01	4.691012e+01	2.345564e+01	2.345448e+01
4.890000e+00	5.670347e-04	7.489478e+01	4.062029e+01	2.031071e+01	2.030958e+01
4.900000e+00	5.565490e-04	7.506891e+01	3.402043e+01	1.701077e+01	1.700966e+01
4.910000e+00	5.464936e-04	7.523659e+01	2.701670e+01	1.350890e+01	1.350781e+01
4.920000e+00	5.368037e-04	7.531053e+01	1.970554e+01	9.853308e+00	9.852234e+00
4.930000e+00	5.281727e-04	7.544994e+01	1.208753e+01	6.044294e+00	6.043237e+00
4.940000e+00	5.204563e-04	7.576753e+01	4.166877e+00	2.083959e+00	2.082918e+00
4.950000e+00	5.126630e-04	7.606951e+01	-3.994365e+00	-1.996670e+00	-1.997695e+00
4.960000e+00	5.050903e-04	7.650114e+01	-1.228225e+01	-6.140622e+00	-6.141632e+00
4.970000e+00	4.965578e-04	7.703804e+01	-2.073860e+01	-1.036880e+01	-1.036980e+01
4.980000e+00	4.864129e-04	7.779679e+01	-2.926287e+01	-1.463095e+01	-1.463192e+01
4.990000e+00	4.775566e-04	7.889803e+01	-3.779470e+01	-1.889687e+01	-1.889783e+01
5.000000e+00	4.689448e-04	8.020583e+01	-4.608067e+01	-2.303987e+01	-2.304081e+01
5.010000e+00	4.604636e-04	8.193658e+01	-5.400005e+01	-2.699957e+01	-2.700049e+01
5.020000e+00	4.553613e-04	8.388894e+01	-6.135148e+01	-3.067529e+01	-3.067620e+01
5.030000e+00	4.521609e-04	8.640498e+01	-6.815680e+01	-3.407795e+01	-3.407885e+01
5.040000e+00	4.547722e-04	8.873711e+01	-7.365146e+01	-3.682528e+01	-3.682619e+01
5.050000e+00	4.642641e-04	9.124782e+01	-7.854640e+01	-3.927274e+01	-3.927367e+01
5.060000e+00	4.715170e-04	9.357648e+01	-8.204406e+01	-4.102156e+01	-4.102250e+01
5.070000e+00	4.830691e-04	9.535271e+01	-8.431120e+01	-4.215512e+01	-4.215608e+01
5.080000e+00	4.996500e-04	9.650438e+01	-8.556104e+01	-4.278002e+01	-4.278102e+01
5.090000e+00	5.139077e-04	9.731834e+01	-8.601081e+01	-4.300489e+01	-4.300592e+01
5.100000e+00	5.246097e-04	9.737864e+01	-8.532353e+01	-4.266124e+01	-4.266229e+01
5.110000e+00	5.311909e-04	9.661356e+01	-8.409593e+01	-4.204743e+01	-4.204849e+01
5.120000e+00	5.335386e-04	9.541729e+01	-8.207844e+01	-4.103869e+01	-4.103976e+01
5.130000e+00	5.308531e-04	9.372258e+01	-7.960934e+01	-3.980414e+01	-3.980520e+01
5.140000e+00	5.264582e-04	9.150018e+01	-7.679787e+01	-3.839841e+01	-3.839946e+01
5.150000e+00	5.173313e-04	8.878671e+01	-7.384039e+01	-3.691968e+01	-3.692071e+01
5.160000e+00	5.060127e-04	8.625782e+01	-7.040058e+01	-3.519978e+01	-3.520080e+01
5.170000e+00	4.982751e-04	8.365955e+01	-6.652611e+01	-3.326256e+01	-3.326355e+01
5.180000e+00	4.855242e-04	8.129800e+01	-6.241445e+01	-3.120674e+01	-3.120771e+01
5.190000e+00	4.749144e-04	7.914683e+01	-5.803124e+01	-2.901515e+01	-2.901610e+01
5.200000e+00	4.646103e-04	7.716661e+01	-5.339814e+01	-2.669860e+01	-2.669953e+01
5.210000e+00	4.528702e-04	7.550331e+01	-4.900330e+01	-2.450120e+01	-2.450211e+01
5.220000e+00	4.410421e-04	7.408766e+01	-4.450924e+01	-2.225418e+01	-2.225506e+01
5.230000e+00	4.281976e-04	7.252194e+01	-4.026409e+01	-2.013162e+01	-2.013247e+01
5.240000e+00	4.126099e-04	7.111829e+01	-3.659676e+01	-1.829797e+01	-1.829879e+01
5.250000e+00	3.980803e-04	6.960742e+01	-3.304364e+01	-1.652142e+01	-1.652222e+01
5.260000e+00	3.781527e-04	6.780947e+01	-3.023981e+01	-1.511952e+01	-1.512028e+01
5.270000e+00	3.592777e-04	6.588602e+01	-2.771859e+01	-1.385894e+01	-1.385966e+01
5.280000e+00	3.406820e-04	6.401879e+01	-2.544380e+01	-1.272156e+01	-1.272224e+01
5.290000e+00	3.201388e-04	6.200851e+01	-2.353395e+01	-1.176665e+01	-1.176730e+01
5.300000e+00	2.982538e-04	6.021286e+01	-2.188883e+01	-1.094412e+01	-1.094471e+01
5.310000e+00	2.752430e-04	5.851462e+01	-2.030979e+01	-1.015462e+01	-1.015517e+01
5.320000e+00	2.520306e-04	5.708728e+01	-1.866216e+01	-9.330828e+00	-9.331332e+00
5.330000e+00	2.370359e-04	5.561430e+01	-1.717183e+01	-8.585679e+00	-8.586153e+00
5.340000e+00	2.242440e-04	5.440359e+01	-1.540052e+01	-7.700037e+00	-7.700486e+00
5.350000e+00	2.131649e-04	5.316636e+01	-1.332997e+01	-6.664771e+00	-6.665198e+00
5.360000e+00	2.053707e-04	5.204003e+01	-1.128725e+01	-5.643419e+00	-5.643829e+00
5.370000e+00	1.992905e-04	5.097109e+01	-9.043102e+00	-4.521352e+00	-4.521750e+00
5.380000e+00	1.944142e-04	4.991641e+01	-6.690438e+00	-3.345024e+00	-3.345413e+00
5.390000e+00	1.882806e-04	4.892852e+01	-4.329511e+00	-2.164567e+00	-2.164944e+00
5.400000e+00	1.831633e-04	4.793054e+01	-1.818988e+00	-9.093108e-01	-9.096772e-01
5.410000e+00	1.808532e-04	4.686186e+01	6.670451e-01	3.337034e-01	3.333417e-01
5.420000e+00	1.786587e-04	4.597434e+01	3.254565e+00	1.627461e+00	1.627104e+00
5.430000e+00	1.757410e-04	4.511515e+01	6.147047e+00	3.073699e+00	3.073348e+00
5.440000e+00	1.726028e-04	4.443177e+01	9.152719e+00	4.576532e+00	4.576187e+00
5.450000e+00	1.713186e-04	4.399716e+01	1.228853e+01	6.144438e+00	6.144096e+00
5.460000e+00	1.701206e-04	4.367437e+01	1.549507e+01	7.747703e+00	7.747363e+00
5.470000e+00	1.672340e-04	4.363095e+01	1.889690e+01	9.448618e+00	9.448284e+00
5.480000e+00	1.640903e-04	4.358135e+01	2.226963e+01	1.113498e+01	1.113465e+01
5.490000e+00	1.602539e-04	4.369939e+01	2.556243e+01	1.278138e+01	1.278106e+01
5.500000e+00	1.534302e-04	4.398437e+01	2.871868e+01	1.435950e+01	1.435919e+01
5.510000e+00	1.430076e-04	4.436136e+01	3.167904e+01	1.583966e+01	1.583938e+01
5.520000e+00	1.314765e-04	4.492480e+01	3.452403e+01	1.726215e+01	1.726188e+01
5.530000e+00	1.234911e-04	4.565778e+01	3.722703e+01	1.861364e+01	1.861339e+01
5.540000e+00	1.223180e-04	4.651774e+01	3.995313e+01	1.997669e+01	1.997644e+01
5.550000e+00	1.262759e-04	4.735585e+01	4.271102e+01	2.135564e+01	2.135539e+01
5.560000e+00	1.382235e-04	4.833773e+01	4.546604e+01	2.273316e+01	2.273288e+01
5.570000e+00	1.555067e-04	4.935979e+01	4.834172e+01	2.417102e+01	2.417071e+01
5.580000e+00	1.755900e-04	5.042904e+01	5.112311e+01	2.556173e+01	2.556138e+01
5.590000e+00	1.954744e-04	5.146835e+01	5.375457e+01	2.687748e+01	2.687709e+01
5.600000e+00	2.129796e-04	5.253360e+01	5.625546e+01	2.812794e+01	2.812752e+01
5.610000e+00	2.280390e-04	5.361264e+01	5.864112e+01	2.932079e+01	2.932033e+01
5.620000e+00	2.393512e-04	5.457268e+01	6.060052e+01	3.030050e+01	3.030002e+01
5.630000e+00	2.464730e-04	5.553655e+01	6.248282e+01	3.124165e+01	3.124116e+01
5.640000e+00	2.491434e-04	5.642898e+01	6.399217e+01	3.199634e+01	3.199584e+01
5.650000e+00	2.496050e-04	5.714395e+01	6.525728e+01	3.262889e+01	3.262839e+01
5.660000e+00	2.490321e-04	5.780211e+01	6.621615e+01	3.310832e+01	3.310783e+01
5.670000e+00	2.462642e-04	5.838378e+01	6.674181e+01	3.337115e+01	3.337066e+01
5.680000e+00	2.440160e-04	5.890658e+01	6.693035e+01	3.346542e+01	3.346493e+01
5.690000e+00	2.437360e-04	5.941569e+01	6.670668e+01	3.335358e+01	3.335310e+01
5.700000e+00	2.455761e-04	5.984760e+01	6.626022e+01	3.313036e+01	3.312986e+01
5.710000e+00	2.498249e-04	6.027363e+01	6.544460e+01	3.272255e+01	3.272205e+01
5.720000e+00	2.581170e-04	6.090086e+01	6.429258e+01	3.214655e+01	3.214603e+01
5.730000e+00	2.698891e-04	6.121819e+01	6.291403e+01	3.145728e+01	3.145674e+01
5.740000e+00	2.829297e-04	6.171394e+01	6.108767e+01	3.054412e+01	3.054355e+01
5.750000e+00	2.976443e-04	6.209525e+01	5.897866e+01	2.948963e+01	2.948903e+01
5.760000e+00	3.122817e-04	6.237458e+01	5.645323e+01	2.822693e+01	2.822630e+01
5.770000e+00	3.258615e-04	6.263039e+01	5.360760e+01	2.680412e+01	2.680347e+01
5.780000e+00	3.371702e-04	6.284367e+01	5.017976e+01	2.509022e+01	2.508954e+01
5.790000e+00	3.455004e-04	6.307355e+01	4.627305e+01	2.313687e+01	2.313618e+01
5.800000e+00	3.510681e-04	6.329127e+01	4.170653e+01	2.085362e+01	2.085291e+01
5.810000e+00	3.539202e-04	6.360918e+01	3.657577e+01	1.828824e+01	1.828753e+01
5.820000e+00	3.522768e-04	6.388376e+01	3.088272e+01	1.544171e+01	1.544101e+01
5.830000e+00	3.501123e-04	6.413474e+01	2.443372e+01	1.221721e+01	1.221651e+01
5.840000e+00	3.465297e-04	6.445663e+01	1.736745e+01	8.684071e+00	8.683378e+00
5.850000e+00	3.434001e-04	6.499055e+01	9.754069e+00	4.877378e+00	4.876691e+00
5.860000e+00	3.374331e-04	6.550939e+01	1.910836e+00	9.557554e-01	9.550805e-01
5.870000e+00	3.303792e-04	6.602731e+01	-6.497777e+00	-3.248558e+00	-3.249219e+00
5.880000e+00	3.218262e-04	6.662107e+01	-1.505863e+01	-7.528992e+00	-7.529636e+00
5.890000e+00	3.112899e-04	6.712500e+01	-2.412569e+01	-1.206253e+01	-1.206316e+01
5.900000e+00	2.988155e-04	6.767178e+01	-3.310144e+01	-1.655042e+01	-1.655102e+01
5.910000e+00	2.820125e-04	6.811720e+01	-4.227218e+01	-2.113581e+01	-2.113637e+01
5.920000e+00	2.636795e-04	6.859603e+01	-5.121463e+01	-2.560705e+01	-2.560758e+01
5.930000e+00	2.436586e-04	6.900989e+01	-6.026617e+01	-3.013284e+01	-3.013333e+01
5.940000e+00	2.201959e-04	6.951230e+01	-6.954533e+01	-3.477245e+01	-3.477289e+01
5.950000e+00	1.975270e-04	7.017742e+01	-7.842586e+01	-3.921273e+01	-3.921313e+01
5.960000e+00	1.741269e-04	7.112499e+01	-8.747281e+01	-4.373623e+01	-4.373658e+01
5.970000e+00	1.518431e-04	7.239952e+01	-9.632267e+01	-4.816118e+01	-4.816149e+01
5.980000e+00	1.316366e-04	7.428581e+01	-1.049394e+02	-5.246959e+01	-5.246985e+01
5.990000e+00	1.141080e-04	7.671537e+01	-1.131771e+02	-5.658842e+01	-5.658865e+01
6.000000e+00	1.007013e-04	7.969914e+01	-1.210336e+02	-6.051670e+01	-6.051691e+01
6.010000e+00	9.326770e-05	8.323321e+01	-1.281054e+02	-6.405262e+01	-6.405281e+01
6.020000e+00	9.019632e-05	8.715454e+01	-1.340683e+02	-6.703407e+01	-6.703425e+01
6.030000e+00	9.560424e-05	9.140177e+01	-1.389527e+02	-6.947624e+01	-6.947643e+01
6.040000e+00	1.053544e-04	9.576507e+01	-1.422698e+02	-7.113478e+01	-7.113499e+01
6.050000e+00	1.221113e-04	9.985414e+01	-1.444796e+02	-7.223966e+01	-7.223990e+01
6.060000e+00	1.470715e-04	1.037308e+02	-1.450252e+02	-7.251244e+01	-7.251274e+01
6.070000e+00	1.684113e-04	1.067785e+02	-1.442375e+02	-7.211857e+01	-7.211891e+01
6.080000e+00	1.907598e-04	1.090191e+02	-1.420761e+02	-7.103784e+01	-7.103822e+01
6.090000e+00	2.085043e-04	1.105828e+02	-1.386629e+02	-6.933122e+01	-6.933164e+01
6.100000e+00	2.181146e-04	1.115396e+02	-1.339322e+02	-6.696590e+01	-6.696634e+01
6.110000e+00	2.216852e-04	1.119245e+02	-1.285867e+02	-6.429312e+01	-6.429356e+01
6.120000e+00	2.189296e-04	1.115603e+02	-1.219002e+02	-6.094990e+01	-6.095033e+01
6.130000e+00	2.093409e-04	1.105148e+02	-1.142568e+02	-5.712817e+01	-5.712859e+01
6.140000e+00	1.934614e-04	1.090614e+02	-1.060278e+02	-5.301372e+01	-5.301411e+01
6.150000e+00	1.721948e-04	1.071928e+02	-9.676905e+01	-4.838435e+01	-4.838470e+01
6.160000e+00	1.460794e-04	1.048322e+02	-8.691406e+01	-4.345688e+01	-4.345717e+01
6.170000e+00	1.191415e-04	1.020269e+02	-7.607624e+01	-3.803800e+01	-3.803824e+01
6.180000e+00	9.234420e-05	9.891539e+01	-6.427422e+01	-3.213702e+01	-3.213720e+01
6.190000e+00	6.697040e-05	9.574361e+01	-5.178105e+01	-2.589046e+01	-2.589059e+01
6.200000e+00	4.725022e-05	9.278370e+01	-3.831613e+01	-1.915802e+01	-1.915811e+01
6.210000e+00	3.166854e-05	8.995974e+01	-2.426348e+01	-1.213171e+01	-1.213177e+01
6.220000e+00	2.542086e-05	8.785027e+01	-1.021011e+01	-5.105030e+00	-5.105081e+00
6.230000e+00	1.764806e-05	8.680545e+01	4.572984e+00	2.286509e+00	2.286474e+00
6.240000e+00	5.739587e-06	8.644427e+01	1.891093e+01	9.455469e+00	9.455458e+00
6.250000e+00	-1.078861e-05	8.688164e+01	3.262395e+01	1.631196e+01	1.631198e+01
6.260000e+00	-3.441737e-05	8.818806e+01	4.531259e+01	2.265626e+01	2.265633e+01
6.270000e+00	-7.276691e-05	8.976959e+01	5.677039e+01	2.838512e+01	2.838527e+01
6.280000e+00	-1.049619e-04	9.124134e+01	6.677120e+01	3.338550e+01	3.338571e+01
6.290000e+00	-1.426642e-04	9.279398e+01	7.519081e+01	3.759526e+01	3.759555e+01
6.300000e+00	-1.820025e-04	9.357965e+01	8.228615e+01	4.114289e+01	4.114326e+01
6.310000e+00	-2.220503e-04	9.371379e+01	8.780539e+01	4.390248e+01	4.390292e+01
6.320000e+00	-2.524069e-04	9.315067e+01	9.207981e+01	4.603965e+01	4.604016e+01
6.330000e+00	-2.778349e-04	9.274414e+01	9.471243e+01	4.735594e+01	4.735649e+01
6.340000e+00	-3.021557e-04	9.160044e+01	9.642862e+01	4.821401e+01	4.821461e+01
6.350000e+00	-3.230725e-04	9.020495e+01	9.695693e+01	4.847814e+01	4.847879e+01
6.360000e+00	-3.422350e-04	8.851553e+01	9.666853e+01	4.833392e+01	4.833461e+01
6.370000e+00	-3.579002e-04	8.665574e+01	9.516533e+01	4.758231e+01	4.758302e+01
6.380000e+00	-3.707436e-04	8.492535e+01	9.342168e+01	4.671047e+01	4.671121e+01
6.390000e+00	-3.711439e-04	8.340556e+01	9.075592e+01	4.537759e+01	4.537833e+01
6.400000e+00	-3.704187e-04	8.213769e+01	8.732358e+01	4.366142e+01	4.366216e+01
6.410000e+00	-3.641898e-04	8.070415e+01	8.351020e+01	4.175474e+01	4.175546e+01
6.420000e+00	-3.536493e-04	7.932790e+01	7.915793e+01	3.957861e+01	3.957932e+01
6.430000e+00	-3.394345e-04	7.793697e+01	7.435386e+01	3.717659e+01	3.717727e+01
6.440000e+00	-3.180433e-04	7.626085e+01	6.900862e+01	3.450399e+01	3.450463e+01
6.450000e+00	-2.907831e-04	7.450061e+01	6.357376e+01	3.178659e+01	3.178717e+01
6.460000e+00	-2.628143e-04	7.219106e+01	5.774270e+01	2.887109e+01	2.887162e+01
6.470000e+00	-2.318381e-04	6.959645e+01	5.130471e+01	2.565212e+01	2.565259e+01
6.480000e+00	-1.941709e-04	6.656024e+01	4.464862e+01	2.232411e+01	2.232450e+01
6.490000e+00	-1.618399e-04	6.349570e+01	3.745650e+01	1.872809e+01	1.872841e+01
6.500000e+00	-1.428846e-04	6.067565e+01	2.897281e+01	1.448626e+01	1.448655e+01
6.510000e+00	-1.401669e-04	5.862412e+01	1.949595e+01	9.747837e+00	9.748117e+00
6.520000e+00	-1.444249e-04	5.798599e+01	9.232556e+00	4.616134e+00	4.616422e+00
6.530000e+00	-1.474284e-04	5.820041e+01	-1.460702e+00	-7.304984e-01	-7.302036e-01
6.540000e+00	-1.463651e-04	5.970281e+01	-1.305444e+01	-6.527365e+00	-6.527073e+00
6.550000e+00	-1.428358e-04	6.139506e+01	-2.472655e+01	-1.236342e+01	-1.236313e+01
6.560000e+00	-1.331007e-04	6.357315e+01	-3.603042e+01	-1.801534e+01	-1.801508e+01
6.570000e+00	-1.221769e-04	6.605878e+01	-4.716677e+01	-2.358351e+01	-2.358326e+01
6.580000e+00	-1.104892e-04	6.862701e+01	-5.812786e+01	-2.906404e+01	-2.906382e+01
6.590000e+00	-9.202204e-05	7.112659e+01	-6.823227e+01	-3.411623e+01	-3.411604e+01
6.600000e+00	-6.732376e-05	7.366722e+01	-7.838185e+01	-3.919099e+01	-3.919086e+01
6.610000e+00	-4.340839e-05	7.631793e+01	-8.802106e+01	-4.401057e+01	-4.401049e+01
6.620000e+00	-1.668009e-05	7.903359e+01	-9.660208e+01	-4.830106e+01	-4.830102e+01
6.630000e+00	9.743565e-06	8.153176e+01	-1.049046e+02	-5.245228e+01	-5.245230e+01
6.640000e+00	3.753730e-05	8.423382e+01	-1.118750e+02	-5.593747e+01	-5.593754e+01
6.650000e+00	6.016633e-05	8.668149e+01	-1.179705e+02	-5.898518e+01	-5.898530e+01
6.660000e+00	7.838309e-05	8.931939e+01	-1.230466e+02	-6.152323e+01	-6.152338e+01
6.670000e+00	9.519137e-05	9.179782e+01	-1.268457e+02	-6.342275e+01	-6.342294e+01
6.680000e+00	1.101690e-04	9.377152e+01	-1.294906e+02	-6.474518e+01	-6.474540e+01
6.690000e+00	1.202723e-04	9.568906e+01	-1.313365e+02	-6.566813e+01	-6.566837e+01
6.700000e+00	1.285092e-04	9.710331e+01	-1.317950e+02	-6.589738e+01	-6.589763e+01
6.710000e+00	1.345047e-04	9.822431e+01	-1.311232e+02	-6.556148e+01	-6.556175e+01
6.720000e+00	1.413548e-04	9.918282e+01	-1.293546e+02	-6.467715e+01	-6.467743e+01
6.730000e+00	1.444301e-04	1.000617e+02	-1.263484e+02	-6.317406e+01	-6.317435e+01
6.740000e+00	1.466727e-04	1.004019e+02	-1.229996e+02	-6.149964e+01	-6.149993e+01
6.750000e+00	1.450737e-04	1.004780e+02	-1.187089e+02	-5.935431e+01	-5.935460e+01
6.760000e+00	1.407555e-04	1.000688e+02	-1.133550e+02	-5.667734e+01	-5.667762e+01
6.770000e+00	1.312997e-04	9.921414e+01	-1.074737e+02	-5.373672e+01	-5.373699e+01
6.780000e+00	1.175109e-04	9.792767e+01	-1.005741e+02	-5.028693e+01	-5.028717e+01
6.790000e+00	9.640157e-05	9.635466e+01	-9.357343e+01	-4.678662e+01	-4.678681e+01
6.800000e+00	6.845237e-05	9.447398e+01	-8.552574e+01	-4.276280e+01	-4.276294e+01
6.810000e+00	3.441601e-05	9.211687e+01	-7.706121e+01	-3.853057e+01	-3.853064e+01
6.820000e+00	-5.431363e-06	8.931914e+01	-6.742945e+01	-3.371473e+01	-3.371472e+01
6.830000e+00	-3.957918e-05	8.640854e+01	-5.688346e+01	-2.844177e+01	-2.844169e+01
6.840000e+00	-6.737897e-05	8.353461e+01	-4.530408e+01	-2.265211e+01	-2.265197e+01
6.850000e+00	-8.562578e-05	8.087612e+01	-3.284135e+01	-1.642076e+01	-1.642059e+01
6.860000e+00	-9.374096e-05	7.913628e+01	-1.914834e+01	-9.574265e+00	-9.574078e+00
6.870000e+00	-9.142640e-05	7.850396e+01	-4.953322e+00	-2.476753e+00	-2.476570e+00
6.880000e+00	-8.588344e-05	7.853582e+01	1.025927e+01	5.129550e+00	5.129722e+00
6.890000e+00	-8.259120e-05	7.947650e+01	2.525591e+01	1.262787e+01	1.262804e+01
6.900000e+00	-8.421810e-05	8.113356e+01	4.021655e+01	2.010819e+01	2.010836e+01
6.910000e+00	-9.167185e-05	8.370958e+01	5.443571e+01	2.721776e+01	2.721795e+01
6.920000e+00	-9.959561e-05	8.646872e+01	6.773265e+01	3.386623e+01	3.386643e+01
6.930000e+00	-1.139084e-04	8.950606e+01	8.022888e+01	4.011433e+01	4.011455e+01
6.940000e+00	-1.391018e-04	9.255404e+01	9.116924e+01	4.558448e+01	4.558476e+01
6.950000e+00	-1.744713e-04	9.503758e+01	1.002586e+02	5.012913e+01	5.012948e+01
6.960000e+00	-2.089238e-04	9.765512e+01	1.073127e+02	5.365612e+01	5.365654e+01
6.970000e+00	-2.405322e-04	9.943249e+01	1.127165e+02	5.635799e+01	5.635847e+01
6.980000e+00	-2.762263e-04	1.002429e+02	1.167752e+02	5.838734e+01	5.838789e+01
6.990000e+00	-3.118011e-04	1.009348e+02	1.189134e+02	5.945638e+01	5.945700e+01
7.000000e+00	-3.378807e-04	1.011430e+02	1.195732e+02	5.978627e+01	5.978694e+01
7.010000e+00	-3.606518e-04	1.002611e+02	1.195258e+02	5.976254e+01	5.976326e+01
7.020000e+00	-3.794753e-04	9.938780e+01	1.178946e+02	5.894690e+01	5.894766e+01
7.030000e+00	-3.888099e-04	9.835954e+01	1.151126e+02	5.755590e+01	5.755667e+01
7.040000e+00	-3.968396e-04	9.678144e+01	1.116941e+02	5.584665e+01	5.584744e+01
7.050000e+00	-4.009941e-04	9.524030e+01	1.073527e+02	5.367597e+01	5.367677e+01
7.060000e+00	-3.950235e-04	9.360751e+01	1.020928e+02	5.104599e+01	5.104678e+01
7.070000e+00	-3.824805e-04	9.168546e+01	9.684530e+01	4.842227e+01	4.842303e+01
7.080000e+00	-3.619676e-04	8.949320e+01	9.052882e+01	4.526405e+01	4.526477e+01
7.090000e+00	-3.353821e-04	8.735323e+01	8.324952e+01	4.162443e+01	4.162510e+01
7.100000e+00	-3.011445e-04	8.469006e+01	7.609386e+01	3.804663e+01	3.804723e+01
7.110000e+00	-2.737063e-04	8.203851e+01	6.840474e+01	3.420210e+01	3.420265e+01
7.120000e+00	-2.502715e-04	7.943121e+01	5.952987e+01	2.976469e+01	2.976519e+01
7.130000e+00	-2.271271e-04	7.656312e+01	5.038938e+01	2.519446e+01	2.519492e+01
7.140000e+00	-2.119941e-04	7.432448e+01	4.035203e+01	2.017580e+01	2.017623e+01
7.150000e+00	-2.003612e-04	7.244357e+01	2.949238e+01	1.474599e+01	1.474639e+01
7.160000e+00	-1.942127e-04	7.126959e+01	1.794543e+01	8.972519e+00	8.972907e+00
7.170000e+00	-1.837024e-04	7.099091e+01	5.351297e+00	2.675465e+00	2.675832e+00
7.180000e+00	-1.690924e-04	7.154832e+01	-7.566480e+00	-3.783409e+00	-3.783071e+00
7.190000e+00	-1.460217e-04	7.264483e+01	-2.056125e+01	-1.028077e+01	-1.028048e+01
7.200000e+00	-1.153501e-04	7.435549e+01	-3.361965e+01	-1.680994e+01	-1.680971e+01
7.210000e+00	-8.626011e-05	7.670384e+01	-4.707587e+01	-2.353802e+01	-2.353785e+01
7.220000e+00	-6.064455e-05	7.941836e+01	-5.993415e+01	-2.996713e+01	-2.996701e+01
7.230000e+00	-3.703500e-05	8.198376e+01	-7.164432e+01	-3.582220e+01	-3.582213e+01
7.240000e+00	-5.089777e-06	8.445300e+01	-8.248751e+01	-4.124376e+01	-4.124375e+01
7.250000e+00	2.858284e-05	8.707234e+01	-9.275575e+01	-4.637785e+01	-4.637791e+01
7.260000e+00	6.328228e-05	8.951283e+01	-1.016788e+02	-5.083932e+01	-5.083945e+01
7.270000e+00	9.466020e-05	9.174221e+01	-1.083016e+02	-5.415072e+01	-5.415091e+01
7.280000e+00	1.292227e-04	9.343571e+01	-1.139395e+02	-5.696962e+01	-5.696987e+01
7.290000e+00	1.640961e-04	9.475664e+01	-1.179983e+02	-5.899900e+01	-5.899933e+01
7.300000e+00	1.920917e-04	9.555345e+01	-1.206218e+02	-6.031069e+01	-6.031107e+01
7.310000e+00	2.136673e-04	9.659340e+01	-1.219274e+02	-6.096348e+01	-6.096390e+01
7.320000e+00	2.313269e-04	9.676686e+01	-1.217894e+02	-6.089446e+01	-6.089493e+01
7.330000e+00	2.502041e-04	9.696448e+01	-1.210140e+02	-6.050677e+01	-6.050727e+01
7.340000e+00	2.621085e-04	9.691097e+01	-1.189572e+02	-5.947834e+01	-5.947887e+01
7.350000e+00	2.652226e-04	9.649306e+01	-1.159072e+02	-5.795334e+01	-5.795387e+01
7.360000e+00	2.655996e-04	9.603812e+01	-1.123272e+02	-5.616336e+01	-5.616389e+01
7.370000e+00	2.590217e-04	9.522422e+01	-1.077878e+02	-5.389362e+01	-5.389414e+01
7.380000e+00	2.431024e-04	9.402036e+01	-1.029791e+02	-5.148929e+01	-5.148978e+01
7.390000e+00	2.219491e-04	9.257119e+01	-9.807435e+01	-4.903695e+01	-4.903740e+01
7.400000e+00	1.994237e-04	9.073356e+01	-9.219224e+01	-4.609592e+01	-4.609632e+01
7.410000e+00	1.742740e-04	8.866591e+01	-8.600960e+01	-4.300463e+01	-4.300498e+01
7.420000e+00	1.464863e-04	8.629061e+01	-7.957907e+01	-3.978939e+01	-3.978968e+01
7.430000e+00	1.212334e-04	8.412979e+01	-7.232795e+01	-3.616386e+01	-3.616410e+01
7.440000e+00	1.028165e-04	8.159679e+01	-6.423711e+01	-3.211845e+01	-3.211866e+01
7.450000e+00	9.307468e-05	7.944324e+01	-5.495831e+01	-2.747906e+01	-2.747925e+01
7.460000e+00	8.267000e-05	7.740788e+01	-4.513251e+01	-2.256617e+01	-2.256634e+01
7.470000e+00	7.519009e-05	7.633087e+01	-3.392475e+01	-1.696230e+01	-1.696245e+01
7.480000e+00	6.689858e-05	7.544412e+01	-2.183911e+01	-1.091949e+01	-1.091962e+01
7.490000e+00	5.430845e-05	7.548282e+01	-9.470225e+00	-4.735058e+00	-4.735167e+00
7.500000e+00	3.590349e-05	7.582787e+01	4.190163e+00	2.095118e+00	2.095046e+00
7.510000e+00	1.286528e-05	7.707404e+01	1.735161e+01	8.675816e+00	8.675790e+00
7.520000e+00	-1.579071e-05	7.850459e+01	3.127805e+01	1.563901e+01	1.563904e+01
7.530000e+00	-3.905011e-05	8.029438e+01	4.456021e+01	2.228007e+01	2.228015e+01
7.540000e+00	-6.072230e-05	8.226737e+01	5.821279e+01	2.910634e+01	2.910646e+01
7.550000e+00	-7.481361e-05	8.510763e+01	7.167682e+01	3.583833e+01	3.583848e+01
7.560000e+00	-9.331503e-05	8.787305e+01	8.340216e+01	4.170099e+01	4.170117e+01
7.570000e+00	-1.192019e-04	9.079422e+01	9.450872e+01	4.725424e+01	4.725448e+01
7.580000e+00	-1.539412e-04	9.350671e+01	1.043308e+02	5.216522e+01	5.216553e+01
7.590000e+00	-1.825065e-04	9.643801e+01	1.126770e+02	5.633834e+01	5.633870e+01
7.600000e+00	-2.086257e-04	9.877917e+01	1.191582e+02	5.957890e+01	5.957932e+01
7.610000e+00	-2.418388e-04	1.006175e+02	1.238375e+02	6.191850e+01	6.191898e+01
7.620000e+00	-2.752053e-04	1.016941e+02	1.273700e+02	6.368474e+01	6.368529e+01
7.630000e+00	-2.948350e-04	1.022360e+02	1.289958e+02	6.449759e+01	6.449818e+01
7.640000e+00	-3.171360e-04	1.024993e+02	1.291233e+02	6.456135e+01	6.456198e+01
7.650000e+00	-3.361594e-04	1.021859e+02	1.285028e+02	6.425109e+01	6.425176e+01
7.660000e+00	-3.494065e-04	1.015809e+02	1.265163e+02	6.325780e+01	6.325849e+01
7.670000e+00	-3.549207e-04	1.009609e+02	1.234480e+02	6.172367e+01	6.172438e+01
7.680000e+00	-3.587714e-04	9.982050e+01	1.201034e+02	6.005136e+01	6.005208e+01
7.690000e+00	-3.571402e-04	9.891431e+01	1.157398e+02	5.786956e+01	5.787028e+01
7.700000e+00	-3.428766e-04	9.758063e+01	1.106248e+02	5.531205e+01	5.531273e+01
7.710000e+00	-3.205371e-04	9.597307e+01	1.054292e+02	5.271430e+01	5.271494e+01
7.720000e+00	-2.940997e-04	9.425989e+01	9.921586e+01	4.960764e+01	4.960822e+01
7.730000e+00	-2.638477e-04	9.211837e+01	9.281981e+01	4.640964e+01	4.641017e+01
7.740000e+00	-2.341716e-04	8.976657e+01	8.580315e+01	4.290134e+01	4.290181e+01
7.750000e+00	-2.047172e-04	8.723139e+01	7.768453e+01	3.884206e+01	3.884247e+01
7.760000e+00	-1.732554e-04	8.500821e+01	6.928571e+01	3.464268e+01	3.464303e+01
7.770000e+00	-1.480604e-04	8.278715e+01	5.948753e+01	2.974362e+01	2.974391e+01
7.780000e+00	-1.358037e-04	8.092284e+01	4.883429e+01	2.441701e+01	2.441728e+01
7.790000e+00	-1.258386e-04	7.938000e+01	3.730920e+01	1.865447e+01	1.865472e+01
7.800000e+00	-1.172853e-04	7.873988e+01	2.465983e+01	1.232980e+01	1.233003e+01
7.810000e+00	-1.031271e-04	7.860505e+01	1.196662e+01	5.983208e+00	5.983415e+00
7.820000e+00	-8.635625e-05	7.929120e+01	-2.046805e+00	-1.023489e+00	-1.023316e+00
7.830000e+00	-6.513042e-05	8.055023e+01	-1.546507e+01	-7.732601e+00	-7.732471e+00
7.840000e+00	-3.132489e-05	8.206033e+01	-2.970488e+01	-1.485247e+01	-1.485241e+01
7.850000e+00	4.655119e-06	8.422321e+01	-4.348087e+01	-2.174043e+01	-2.174044e+01
7.860000e+00	3.266232e-05	8.613689e+01	-5.690057e+01	-2.845025e+01	-2.845032e+01
7.870000e+00	6.216229e-05	8.835677e+01	-6.980772e+01	-3.490380e+01	-3.490392e+01
7.880000e+00	9.238921e-05	9.065478e+01	-8.161256e+01	-4.080619e+01	-4.080637e+01
7.890000e+00	1.262864e-04	9.323072e+01	-9.257592e+01	-4.628783e+01	-4.628808e+01
7.900000e+00	1.629063e-04	9.564652e+01	-1.013134e+02	-5.065653e+01	-5.065685e+01
7.910000e+00	1.980999e-04	9.792909e+01	-1.090728e+02	-5.453622e+01	-5.453661e+01
7.920000e+00	2.316563e-04	9.938454e+01	-1.149759e+02	-5.748773e+01	-5.748819e+01
7.930000e+00	2.640768e-04	1.004215e+02	-1.196591e+02	-5.982927e+01	-5.982979e+01
7.940000e+00	2.886894e-04	1.009949e+02	-1.220028e+02	-6.100110e+01	-6.100168e+01
7.950000e+00	3.157917e-04	1.007848e+02	-1.239111e+02	-6.195522e+01	-6.195585e+01
7.960000e+00	3.405247e-04	1.005471e+02	-1.242086e+02	-6.210394e+01	-6.210462e+01
7.970000e+00	3.596605e-04	9.968262e+01	-1.229778e+02	-6.148855e+01	-6.148927e+01
7.980000e+00	3.798542e-04	9.871203e+01	-1.213138e+02	-6.065654e+01	-6.065730e+01
7.990000e+00	3.908748e-04	9.775011e+01	-1.190119e+02	-5.950554e+01	-5.950632e+01
8.000000e+00	3.957349e-04	9.657830e+01	-1.150179e+02	-5.750853e+01	-5.750932e+01
8.010000e+00	3.915460e-04	9.539472e+01	-1.114435e+02	-5.572136e+01	-5.572214e+01
8.020000e+00	3.773547e-04	9.397127e+01	-1.068083e+02	-5.340378e+01	-5.340453e+01
8.030000e+00	3.556748e-04	9.246417e+01	-1.025617e+02	-5.128047e+01	-5.128119e+01
8.040000e+00	3.298937e-04	9.088961e+01	-9.658200e+01	-4.829067e+01	-4.829133e+01
8.050000e+00	2.992365e-04	8.889267e+01	-9.087196e+01	-4.543568e+01	-4.543628e+01
8.060000e+00	2.695755e-04	8.700439e+01	-8.433882e+01	-4.216914e+01	-4.216968e+01
8.070000e+00	2.464875e-04	8.479460e+01	-7.738424e+01	-3.869187e+01	-3.869237e+01
8.080000e+00	2.280234e-04	8.282672e+01	-6.938829e+01	-3.469391e+01	-3.469437e+01
8.090000e+00	2.050320e-04	8.069935e+01	-6.097183e+01	-3.048571e+01	-3.048612e+01
8.100000e+00	1.879463e-04	7.916934e+01	-5.097803e+01	-2.548883e+01	-2.548920e+01
8.110000e+00	1.712181e-04	7.798453e+01	-4.054381e+01	-2.027173e+01	-2.027208e+01
8.120000e+00	1.562699e-04	7.717157e+01	-2.912204e+01	-1.456087e+01	-1.456118e+01
8.130000e+00	1.363365e-04	7.740752e+01	-1.669086e+01	-8.345295e+00	-8.345568e+00
8.140000e+00	1.104357e-04	7.799885e+01	-3.891933e+00	-1.945856e+00	-1.946077e+00
8.150000e+00	8.137995e-05	7.910491e+01	9.535311e+00	4.767737e+00	4.767574e+00
8.160000e+00	4.459456e-05	8.055442e+01	2.281828e+01	1.140918e+01	1.140909e+01
8.170000e+00	6.579143e-06	8.239592e+01	3.697290e+01	1.848645e+01	1.848644e+01
8.180000e+00	-2.536568e-05	8.410286e+01	5.024351e+01	2.512173e+01	2.512178e+01
8.190000e+00	-4.717767e-05	8.597679e+01	6.301396e+01	3.150693e+01	3.150703e+01
8.200000e+00	-6.976017e-05	8.816626e+01	7.568617e+01	3.784302e+01	3.784315e+01
8.210000e+00	-9.213492e-05	9.038686e+01	8.709234e+01	4.354608e+01	4.354626e+01
8.220000e+00	-1.212467e-04	9.269913e+01	9.754534e+01	4.877255e+01	4.877279e+01
8.230000e+00	-1.567828e-04	9.540056e+01	1.063970e+02	5.319834e+01	5.319865e+01
8.240000e+00	-1.838407e-04	9.768895e+01	1.139203e+02	5.695995e+01	5.696032e+01
8.250000e+00	-2.175113e-04	9.946874e+01	1.196301e+02	5.981485e+01	5.981528e+01
8.260000e+00	-2.533687e-04	1.007901e+02	1.242946e+02	6.214706e+01	6.214757e+01
8.270000e+00	-2.786723e-04	1.017179e+02	1.266156e+02	6.330750e+01	6.330806e+01
8.280000e+00	-3.019072e-04	1.021271e+02	1.282872e+02	6.414330e+01	6.414390e+01
8.290000e+00	-3.278615e-04	1.020184e+02	1.282144e+02	6.410688e+01	6.410754e+01
8.300000e+00	-3.441718e-04	1.016303e+02	1.273219e+02	6.366063e+01	6.366131e+01
8.310000e+00	-3.546832e-04	1.009517e+02	1.257887e+02	6.289399e+01	6.289470e+01
8.320000e+00	-3.654131e-04	1.002775e+02	1.229538e+02	6.147653e+01	6.147726e+01
8.330000e+00	-3.713384e-04	9.930088e+01	1.197577e+02	5.987846e+01	5.987921e+01
8.340000e+00	-3.637792e-04	9.847486e+01	1.161045e+02	5.805187e+01	5.805260e+01
8.350000e+00	-3.510572e-04	9.717403e+01	1.120121e+02	5.600572e+01	5.600643e+01
8.360000e+00	-3.311604e-04	9.588762e+01	1.073126e+02	5.365598e+01	5.365664e+01
8.370000e+00	-3.012558e-04	9.425230e+01	1.020538e+02	5.102657e+01	5.102718e+01
8.380000e+00	-2.681003e-04	9.235082e+01	9.609356e+01	4.804651e+01	4.804705e+01
8.390000e+00	-2.368231e-04	9.025470e+01	9.022501e+01	4.511227e+01	4.511274e+01
8.400000e+00	-2.101201e-04	8.817811e+01	8.298533e+01	4.149246e+01	4.149288e+01
8.410000e+00	-1.799111e-04	8.598544e+01	7.483025e+01	3.741495e+01	3.741531e+01
8.420000e+00	-1.551619e-04	8.385388e+01	6.657772e+01	3.328870e+01	3.328901e+01
8.430000e+00	-1.345665e-04	8.201745e+01	5.658818e+01	2.829396e+01	2.829423e+01
8.440000e+00	-1.219837e-04	8.046543e+01	4.627083e+01	2.313529e+01	2.313553e+01
8.450000e+00	-1.042383e-04	7.946105e+01	3.471162e+01	1.735571e+01	1.735591e+01
8.460000e+00	-8.843736e-05	7.928661e+01	2.225988e+01	1.112985e+01	1.113003e+01
8.470000e+00	-6.836701e-05	7.956537e+01	9.113860e+00	4.556861e+00	4.556998e+00
8.480000e+00	-4.405879e-05	8.064521e+01	-4.234473e+00	-2.117281e+00	-2.117192e+00
8.490000e+00	-1.316292e-05	8.181772e+01	-1.815320e+01	-9.076615e+00	-9.076589e+00
8.500000e+00	1.742398e-05	8.349438e+01	-3.200975e+01	-1.600486e+01	-1.600489e+01
8.510000e+00	4.602802e-05	8.518908e+01	-4.591898e+01	-2.295944e+01	-2.295954e+01
8.520000e+00	7.080755e-05	8.710536e+01	-6.000432e+01	-3.000209e+01	-3.000223e+01
8.530000e+00	9.149343e-05	8.939646e+01	-7.265392e+01	-3.632687e+01	-3.632705e+01
8.540000e+00	1.124901e-04	9.179197e+01	-8.502785e+01	-4.251381e+01	-4.251404e+01
8.550000e+00	1.427042e-04	9.442667e+01	-9.583240e+01	-4.791606e+01	-4.791634e+01
8.560000e+00	1.811775e-04	9.692784e+01	-1.052039e+02	-5.260178e+01	-5.260214e+01
8.570000e+00	2.135473e-04	9.911743e+01	-1.130821e+02	-5.654082e+01	-5.654125e+01
8.580000e+00	2.439121e-04	1.011681e+02	-1.193113e+02	-5.965541e+01	-5.965590e+01
8.590000e+00	2.826940e-04	1.021908e+02	-1.233754e+02	-6.168740e+01	-6.168797e+01
8.600000e+00	3.080627e-04	1.027540e+02	-1.263003e+02	-6.314983e+01	-6.315044e+01
8.610000e+00	3.305836e-04	1.030647e+02	-1.283708e+02	-6.418505e+01	-6.418571e+01
8.620000e+00	3.532279e-04	1.028112e+02	-1.284496e+02	-6.422445e+01	-6.422516e+01
8.630000e+00	3.725537e-04	1.019645e+02	-1.277408e+02	-6.387003e+01	-6.387077e+01
8.640000e+00	3.878259e-04	1.011043e+02	-1.261851e+02	-6.309216e+01	-6.309294e+01
8.650000e+00	4.017407e-04	1.000888e+02	-1.235258e+02	-6.176248e+01	-6.176328e+01
8.660000e+00	4.067399e-04	9.891644e+01	-1.203874e+02	-6.019327e+01	-6.019409e+01
8.670000e+00	4.075460e-04	9.762660e+01	-1.165396e+02	-5.826938e+01	-5.827019e+01
8.680000e+00	3.931506e-04	9.636640e+01	-1.124928e+02	-5.624601e+01	-5.624679e+01
8.690000e+00	3.730656e-04	9.492496e+01	-1.077343e+02	-5.386678e+01	-5.386753e+01
8.700000e+00	3.453818e-04	9.301801e+01	-1.023951e+02	-5.119723e+01	-5.119792e+01
8.710000e+00	3.136283e-04	9.118114e+01	-9.644241e+01	-4.822089e+01	-4.822152e+01
8.720000e+00	2.771875e-04	8.901727e+01	-9.049467e+01	-4.524706e+01	-4.524761e+01
8.730000e+00	2.505038e-04	8.690758e+01	-8.338444e+01	-4.169197e+01	-4.169247e+01
8.740000e+00	2.245532e-04	8.465979e+01	-7.522638e+01	-3.761297e+01	-3.761342e+01
8.750000e+00	1.970369e-04	8.255953e+01	-6.651615e+01	-3.325788e+01	-3.325827e+01
8.760000e+00	1.742231e-04	8.087921e+01	-5.680823e+01	-2.840394e+01	-2.840429e+01
8.770000e+00	1.543047e-04	7.954541e+01	-4.626135e+01	-2.313052e+01	-2.313083e+01
8.780000e+00	1.350469e-04	7.852441e+01	-3.521249e+01	-1.760611e+01	-1.760638e+01
